data/climate_estimation/maxent_output/Veratrum_grandiflorum.asc
NCOLS 175 
NROWS 149 
XLLCORNER 101.75 
YLLCORNER 24.4166666666667 
CELLSIZE 0.0833333333333333 
NODATA_value -3.4e+38 
[rows 0 to 19 of 149, columns 0 to 43 of 175]
0.084590472280979 0.0842749997973442 0.081819623708725 0.0752502083778381 0.073949322104454 0.0457209348678589 0.0270473901182413 0.0355354323983192 0.0466579049825668 0.0646794140338898 0.0617926940321922 0.0728237926959991 0.0692251697182655 0.072303794324398 0.0714669600129128 0.0725829675793648 0.0687136054039001 0.0617550574243069 0.0615762919187546 0.061189342290163 0.05801135674119 0.0553557798266411 0.0527423061430454 0.049672607332468 0.0458470545709133 0.0444794036448002 0.0406301878392696 0.0380397811532021 0.0353390239179134 0.0332287736237049 0.0323056802153587 0.0323056802153587 0.0300997532904148 0.0310519430786371 0.0325217023491859 0.0329364091157913 0.0325430892407894 0.0340191461145878 0.0352612845599651 0.036750040948391 0.0377236753702164 0.0393787957727909 0.0420153997838497 0.0445501990616322
0.0880971178412437 0.0871235728263855 0.0853847786784172 0.0818940699100494 0.0803547576069832 0.0640422850847244 0.03970056027174 0.0613024979829788 0.049364048987627 0.0491772294044495 0.0571731366217136 0.0741184502840042 0.0749936401844025 0.0737659633159637 0.0762776285409927 0.0723667964339256 0.0711685493588448 0.0674614012241364 0.0617075264453888 0.0609408020973206 0.0590606704354286 0.0571847520768642 0.0533460937440395 0.052270196378231 0.0483179092407227 0.0460720397531986 0.0438048020005226 0.0409838482737541 0.0371651463210583 0.0368841663002968 0.0340364538133144 0.0317930318415165 0.0311536509543657 0.0315297693014145 0.0339909344911575 0.0360116548836231 0.036964476108551 0.0367143228650093 0.0385460443794727 0.039066094905138 0.0406598448753357 0.041403342038393 0.0439136065542698 0.0460348166525364
0.0937164276838303 0.093169666826725 0.0881953686475754 0.0863495841622353 0.0843681618571281 0.0767498314380646 0.0679095685482025 0.079537034034729 0.0720297545194626 0.0661627203226089 0.0683107823133469 0.0774703994393349 0.0785000175237656 0.0779450237751007 0.0767708718776703 0.0734423846006393 0.0750041007995605 0.0707995891571045 0.0658943578600883 0.0622147582471371 0.059565793722868 0.0577703341841698 0.0557325780391693 0.0526937507092953 0.0507805272936821 0.0498152300715446 0.0477814488112926 0.0427072122693062 0.0412949472665787 0.0376764908432961 0.0358793437480927 0.0325613729655743 0.0311661325395107 0.0325419828295708 0.0348687916994095 0.0385131686925888 0.0384307280182838 0.0390272475779057 0.0401802659034729 0.0419707745313644 0.0440403036773205 0.0453225374221802 0.0466779433190823 0.0479785688221455
0.0927259549498558 0.0958671793341637 0.0926453247666359 0.092156745493412 0.0927366390824318 0.0902527198195457 0.0887197852134705 0.0890311002731323 0.0869011953473091 0.0848357602953911 0.0835619270801544 0.0824635550379753 0.0830886587500572 0.0764680504798889 0.0769659578800201 0.0758258178830147 0.0752320066094398 0.0749326571822166 0.0690956562757492 0.0653496012091637 0.0638296157121658 0.0607050508260727 0.0582572519779205 0.0565501302480698 0.0531886368989944 0.0496663302183151 0.0479149222373962 0.0465477146208286 0.0424206294119358 0.0397248640656471 0.0377761423587799 0.0356038995087147 0.03464125841856 0.0371228754520416 0.0391672514379025 0.0390584729611874 0.0404392071068287 0.041849322617054 0.0431643538177013 0.0449696145951748 0.044641874730587 0.0467023402452469 0.0498519390821457 0.0524413846433163
0.0902950465679169 0.0814237594604492 0.0908476188778877 0.0946891754865646 0.0945724993944168 0.0944968611001968 0.0936644747853279 0.0917752981185913 0.0885428935289383 0.0885049924254417 0.0887571722269058 0.0885415896773338 0.0854523777961731 0.0801017284393311 0.0817763060331345 0.0799208655953407 0.0766159445047379 0.0757950320839882 0.0735563561320305 0.0666164755821228 0.0654423162341118 0.0635751858353615 0.0612995438277721 0.0590465180575848 0.0575678199529648 0.0535229220986366 0.051224622875452 0.0494042597711086 0.0460237860679626 0.0432966612279415 0.0414594560861588 0.0417378917336464 0.0409012511372566 0.0402636267244816 0.0390569306910038 0.042624294757843 0.043861411511898 0.0449020750820637 0.0470448508858681 0.048581600189209 0.0507047325372696 0.0513384267687798 0.0542484559118748 0.0578094236552715
0.0811131298542023 0.0834450498223305 0.0875459238886833 0.0876168757677078 0.0861227661371231 0.0896988958120346 0.0937094390392303 0.094196692109108 0.0936923250555992 0.0940681844949722 0.0911316722631454 0.0901977047324181 0.0913819000124931 0.0857658982276917 0.0836130529642105 0.083384782075882 0.0788414776325226 0.0798969939351082 0.0747715681791306 0.0725536569952965 0.0692495778203011 0.0681080892682076 0.0654279664158821 0.0639576390385628 0.0609991550445557 0.0582403130829334 0.0546602867543697 0.0533256679773331 0.0517517179250717 0.0483700819313526 0.0472767762839794 0.0459129922091961 0.0439968332648277 0.0441201217472553 0.0450528562068939 0.0452484637498856 0.0480264686048031 0.050074391067028 0.0501928590238094 0.0527713000774384 0.0556895062327385 0.0572074986994267 0.0591293759644032 0.0631039142608643
0.0474114827811718 0.0493570677936077 0.0661856308579445 0.0559556670486927 0.0418619588017464 0.0625154003500938 0.0711993426084518 0.0838525742292404 0.0949145630002022 0.0979611575603485 0.0975894555449486 0.0938418954610825 0.0927790701389313 0.0899891704320908 0.0881865844130516 0.0859789624810219 0.0840218216180801 0.0807337239384651 0.0798667967319489 0.07646394520998 0.0742580071091652 0.0718045309185982 0.0708072111010551 0.0690768882632256 0.0656700953841209 0.0628892853856087 0.0602909065783024 0.0587358810007572 0.0558600723743439 0.0531790852546692 0.0537295937538147 0.0521616898477077 0.0517307557165623 0.0499592460691929 0.0507695525884628 0.050231821835041 0.0515792742371559 0.0544443614780903 0.0561610125005245 0.0581462644040585 0.0606585144996643 0.0610343813896179 0.0634918957948685 0.0670740827918053
0.0913429632782936 0.0809217393398285 0.0788844600319862 0.0771509781479836 0.0659208595752716 0.0481705479323864 0.0513477735221386 0.0383812971413136 0.0575079917907715 0.0826063379645348 0.0973831191658974 0.0982538238167763 0.098544180393219 0.094940610229969 0.0930295363068581 0.089767150580883 0.0883014872670174 0.0878453254699707 0.0835243761539459 0.0811129808425903 0.0779279246926308 0.076911136507988 0.0742140635848045 0.0729407370090485 0.0705214068293571 0.0693107321858406 0.0660009980201721 0.0651186406612396 0.0621859654784203 0.060436375439167 0.0596609152853489 0.0575808994472027 0.0560967475175858 0.0556393712759018 0.0552976876497269 0.0556189976632595 0.0567069947719574 0.0595237575471401 0.0606773160398006 0.0636654421687126 0.0640049129724503 0.0677765384316444 0.0710982605814934 0.0723605304956436
0.0980059131979942 0.0998994186520576 0.0997442603111267 0.0927817672491074 0.0680353119969368 0.0791579335927963 0.0810751914978027 0.0828919038176537 0.0646535530686378 0.0616336986422539 0.0679976493120193 0.099846176803112 0.102301768958569 0.101022221148014 0.0991157591342926 0.0973978638648987 0.0946885272860527 0.09345892816782 0.0891133099794388 0.0861098319292068 0.0863037034869194 0.0832787230610847 0.0785922110080719 0.0777550414204597 0.076059602200985 0.0753108933568001 0.0725935623049736 0.0694572031497955 0.0663212537765503 0.066688746213913 0.066547654569149 0.0626717731356621 0.0637242496013641 0.0613370575010777 0.0615904368460178 0.0611696392297745 0.0625053867697716 0.0646882727742195 0.0681098103523254 0.0688259154558182 0.0731252059340477 0.0738058388233185 0.0776564925909042 0.0793579742312431
0.0709526613354683 0.0986445546150208 0.108987011015415 0.108125872910023 0.0863230153918266 0.0904075130820274 0.094836100935936 0.0978246554732323 0.0979253724217415 0.0892094671726227 0.0725133717060089 0.0937544405460358 0.105293743312359 0.105142056941986 0.103729575872421 0.10300500690937 0.101660393178463 0.0985522642731667 0.0961435213685036 0.0960437655448914 0.0931406542658806 0.0912332907319069 0.0897395461797714 0.0853490605950356 0.0826652273535728 0.0815569460391998 0.0792150422930717 0.0761068388819695 0.0745626538991928 0.0720417574048042 0.0706548765301704 0.0697656720876694 0.0676452368497849 0.0676554441452026 0.0677268728613853 0.0669185966253281 0.0679417103528976 0.0707350969314575 0.0726293101906776 0.0749651715159416 0.0777710303664207 0.0797044262290001 0.0837644562125206 0.0868304371833801
0.0553172267973423 0.0899658650159836 0.105880603194237 0.112316749989986 0.0911380872130394 0.104380957782269 0.113755166530609 0.102053984999657 0.110018864274025 0.107103936374187 0.0982330590486526 0.0989594087004662 0.112460479140282 0.110427722334862 0.106934636831284 0.107002139091492 0.107648715376854 0.104433983564377 0.102640524506569 0.102256380021572 0.101285398006439 0.0964179709553719 0.0935715362429619 0.0922620594501495 0.0909264236688614 0.0888450890779495 0.085651770234108 0.0814511850476265 0.0817071869969368 0.0770962834358215 0.0765355676412582 0.0752828270196915 0.0739533752202988 0.0744067505002022 0.0726080760359764 0.0749336555600166 0.0755157917737961 0.0769087299704552 0.080163262784481 0.0827416852116585 0.0840795412659645 0.0879025235772133 0.0892740562558174 0.0930861532688141
0.0350916832685471 0.0543994307518005 0.0912920013070107 0.111852556467056 0.105471335351467 0.11352114379406 0.118046253919601 0.118964560329914 0.120082750916481 0.118772484362125 0.112575091421604 0.116449549794197 0.116891466081142 0.113461516797543 0.115406185388565 0.110431924462318 0.11225625872612 0.111618898808956 0.109223328530788 0.10798741877079 0.105854474008083 0.104196332395077 0.101169861853123 0.0969338044524193 0.0966758728027344 0.0933852344751358 0.0901932045817375 0.0892032831907272 0.0885104909539223 0.0846148058772087 0.0833141729235649 0.0803198888897896 0.0815241858363152 0.0807662829756737 0.0812326818704605 0.0806789100170135 0.0819850638508797 0.0846559107303619 0.0853356346487999 0.0887377709150314 0.0912706181406975 0.0953118279576302 0.0981757938861847 0.101562589406967
0.0525778979063034 0.0587274953722954 0.0689228698611259 0.0995963215827942 0.0995869040489197 0.099025122821331 0.113518632948399 0.119446009397507 0.117489792406559 0.121577151119709 0.115035191178322 0.115438781678677 0.122226029634476 0.121850401163101 0.120681680738926 0.121544227004051 0.119221821427345 0.118272364139557 0.116266585886478 0.112570986151695 0.111220672726631 0.112842343747616 0.110195435583591 0.106283970177174 0.103701777756214 0.093614287674427 0.0877784490585327 0.0938293263316154 0.0967123657464981 0.0937701389193535 0.0923742353916168 0.0894512534141541 0.0901670828461647 0.0887248441576958 0.0893890857696533 0.0905594304203987 0.0891610458493233 0.0917836800217628 0.095097728073597 0.0970258638262749 0.0978449955582619 0.100948251783848 0.103635258972645 0.108770228922367
0.0666455253958702 0.0716027393937111 0.0871447846293449 0.112845353782177 0.0903267711400986 0.0705523937940598 0.0821342244744301 0.0943766608834267 0.103967063128948 0.115654446184635 0.105512663722038 0.0703645646572113 0.111854091286659 0.123288810253143 0.125418588519096 0.127886220812798 0.124915912747383 0.123978771269321 0.123095788061619 0.120478197932243 0.120266996324062 0.118082918226719 0.117443285882473 0.116089276969433 0.112102575600147 0.103683181107044 0.0825006365776062 0.0887349396944046 0.100100859999657 0.100341573357582 0.100568287074566 0.0993082448840141 0.0978951454162598 0.0971159860491753 0.0962609499692917 0.0986093357205391 0.0987546816468239 0.102037578821182 0.102191261947155 0.106804259121418 0.109490267932415 0.107718355953693 0.114050164818764 0.114937014877796
0.0515996366739273 0.0800122767686844 0.101658508181572 0.114275358617306 0.114306889474392 0.0877525955438614 0.0506951399147511 0.0444892905652523 0.0698909237980843 0.0616001710295677 0.0847714021801949 0.0787958353757858 0.0750645101070404 0.126256600022316 0.129941999912262 0.130405649542809 0.127145558595657 0.132136613130569 0.131884917616844 0.128429546952248 0.12717866897583 0.125123783946037 0.125437289476395 0.124844163656235 0.122483886778355 0.117726698517799 0.114415466785431 0.1061926856637 0.10712356865406 0.111155360937119 0.109086588025093 0.104941010475159 0.106620870530605 0.103528223931789 0.103785924613476 0.105749890208244 0.106122046709061 0.110392771661282 0.112504616379738 0.114839963614941 0.116018317639828 0.116836167871952 0.118362925946712 0.125518381595612
0.0391013994812965 0.0563878901302814 0.095760241150856 0.119520731270313 0.0983044803142548 0.0937216579914093 0.0665569975972176 0.0661633685231209 0.0675084292888641 0.0507478080689907 0.031497098505497 0.0380289293825626 0.093635156750679 0.128580465912819 0.134624138474464 0.138289719820023 0.139600485563278 0.140148401260376 0.139133587479591 0.13259069621563 0.135419562458992 0.133591204881668 0.135061532258987 0.135336577892303 0.129355207085609 0.129653364419937 0.12381886690855 0.122270874679089 0.116795390844345 0.118156857788563 0.11873871833086 0.120259940624237 0.114398986101151 0.114573143422604 0.114396147429943 0.114431105554104 0.114415682852268 0.11549785733223 0.117393456399441 0.125271275639534 0.126176029443741 0.126304149627686 0.127440124750137 0.132247775793076
0.0306942407041788 0.0390806794166565 0.109454207122326 0.0934351459145546 0.0787758380174637 0.0854031294584274 0.0717902556061745 0.0801711454987526 0.0912362486124039 0.0820846110582352 0.0556968934834003 0.0450814664363861 0.0886377394199371 0.118365682661533 0.143147751688957 0.142910197377205 0.146198138594627 0.145988285541534 0.142756730318069 0.145809635519981 0.145126223564148 0.144619002938271 0.143716096878052 0.140263766050339 0.142346188426018 0.138312980532646 0.136693239212036 0.134455680847168 0.127905920147896 0.124268479645252 0.124801754951477 0.126457527279854 0.126654103398323 0.127795070409775 0.124261140823364 0.123969994485378 0.124794892966747 0.124625526368618 0.127546668052673 0.129969209432602 0.133062139153481 0.13672462105751 0.139904037117958 0.143496423959732
0.0793077424168587 0.0840693041682243 0.104017518460751 0.0533127039670944 0.0482363328337669 0.0621565170586109 0.0565137751400471 0.0988812819123268 0.112200029194355 0.111574396491051 0.108240522444248 0.110210344195366 0.1159692928195 0.131387233734131 0.135049223899841 0.13612112402916 0.147527903318405 0.148325935006142 0.151079803705215 0.15171705186367 0.149386882781982 0.149945706129074 0.155334651470184 0.151356279850006 0.151393696665764 0.151529312133789 0.149440780282021 0.147902980446815 0.141767740249634 0.139855414628983 0.138877436518669 0.134439438581467 0.133786961436272 0.134153261780739 0.137140288949013 0.135309308767319 0.133474692702293 0.136093899607658 0.134960979223251 0.132340431213379 0.142187386751175 0.149241417646408 0.152560174465179 0.159054264426231
0.0506312176585197 0.089802473783493 0.07735925167799 0.0478438064455986 0.0516233071684837 0.0721707046031952 0.0748342201113701 0.0876781791448593 0.105752356350422 0.0946005284786224 0.075096033513546 0.111158296465874 0.134019076824188 0.108522221446037 0.111174359917641 0.115728415548801 0.11155990511179 0.133635401725769 0.145851820707321 0.151435360312462 0.156233876943588 0.157266229391098 0.160879924893379 0.163582310080528 0.161996886134148 0.159520611166954 0.159691020846367 0.15746046602726 0.151071578264236 0.151261508464813 0.153468281030655 0.149665266275406 0.144775837659836 0.14738841354847 0.149637520313263 0.149701789021492 0.147469520568848 0.14775849878788 0.145167231559753 0.150444030761719 0.152886673808098 0.160042211413383 0.163671255111694 0.165022149682045
0.0740204975008965 0.085390605032444 0.086058683693409 0.0485438816249371 0.0684126168489456 0.0895001143217087 0.0963001921772957 0.0958521664142609 0.102480724453926 0.112826034426689 0.107044704258442 0.116443447768688 0.130697190761566 0.122615441679955 0.0832794830203056 0.0812294706702232 0.0739303082227707 0.0894915089011192 0.0962564647197723 0.133831962943077 0.138601154088974 0.154419228434563 0.167843416333199 0.171980142593384 0.174379706382751 0.174350216984749 0.171030104160309 0.16633178293705 0.167361333966255 0.166500374674797 0.165474489331245 0.164165422320366 0.160337343811989 0.162394136190414 0.159981220960617 0.164974510669708 0.162835389375687 0.162864372134209 0.166861891746521 0.166063264012337 0.169600397348404 0.175646960735321 0.178856059908867 0.181463837623596
