data/climate_estimation/maxent_output/Veratrum_schindleri.asc
NCOLS 279 
NROWS 101 
XLLCORNER 98.25 
YLLCORNER 22.0833333333333 
CELLSIZE 0.0833333333333333 
NODATA_value -3.4e+38 
[rows 40 to 59 of 101, columns 180 to 224 of 279]
0.700706541538239 0.704394340515137 0.743044078350067 0.812187254428864 0.854199886322021 0.850949287414551 0.816991865634918 0.875837087631226 0.854517638683319 0.860441565513611 0.873488247394562 0.860037207603455 0.882586240768433 0.901488721370697 0.922733128070831 0.921400964260101 0.927822649478912 0.92828494310379 0.935481309890747 0.932888984680176 0.939306735992432 0.944164752960205 0.947470128536224 0.947397708892822 0.954729497432709 0.957758128643036 0.960138857364655 0.957632124423981 0.960617303848267 0.955020487308502 0.937235236167908 0.950532078742981 0.931674063205719 0.905376791954041 0.940166711807251 0.939345836639404 0.93964958190918 0.935625612735748 0.955291986465454 0.951775550842285 0.949578881263733 0.945900022983551 0.945847630500793 0.942805409431458 0.902102947235107
0.679184138774872 0.691828072071075 0.749659717082977 0.832843244075775 0.811894714832306 0.864421308040619 0.866146147251129 0.835560321807861 0.833811402320862 0.798726797103882 0.812508225440979 0.849338054656982 0.875580906867981 0.904334425926208 0.915137052536011 0.917100608348846 0.931497931480408 0.941443979740143 0.943793773651123 0.952897429466248 0.958392381668091 0.95161771774292 0.954915285110474 0.952163338661194 0.956984460353851 0.958373010158539 0.959550023078918 0.95959085226059 0.955173194408417 0.959405362606049 0.95085734128952 0.937132716178894 0.908166706562042 0.937509119510651 0.943572521209717 0.935707211494446 0.951772451400757 0.955252647399902 0.954200744628906 0.950211763381958 0.94925856590271 0.943012833595276 0.938897371292114 0.929748713970184 0.893228769302368
0.678586184978485 0.691233336925507 0.823154389858246 0.852846264839172 0.819210767745972 0.774548530578613 0.798848986625671 0.821987509727478 0.820236623287201 0.848721981048584 0.82926082611084 0.846629858016968 0.879012644290924 0.910969138145447 0.922569036483765 0.935869634151459 0.940312027931213 0.946666181087494 0.953953921794891 0.957599222660065 0.959462642669678 0.959316730499268 0.958925902843475 0.951580286026001 0.959970355033875 0.95796936750412 0.962214112281799 0.959581732749939 0.956858694553375 0.947710573673248 0.936732947826385 0.901481509208679 0.91618424654007 0.950813055038452 0.933993399143219 0.939310073852539 0.954669415950775 0.955596685409546 0.94693511724472 0.947514891624451 0.942293405532837 0.924008011817932 0.925251066684723 0.92654287815094 0.911406636238098
0.667254149913788 0.694508254528046 0.749166965484619 0.795179903507233 0.741711020469666 0.795333504676819 0.874344885349274 0.877929985523224 0.856031596660614 0.860128462314606 0.824333488941193 0.867607414722443 0.88384073972702 0.914335012435913 0.92478746175766 0.935000538825989 0.941698789596558 0.948543429374695 0.953147768974304 0.954520523548126 0.958188772201538 0.958203434944153 0.959462940692902 0.959116339683533 0.959717452526093 0.95843517780304 0.962964415550232 0.958689033985138 0.951688468456268 0.932941138744354 0.912209749221802 0.92796266078949 0.945748329162598 0.953015685081482 0.949339270591736 0.944899320602417 0.954640448093414 0.953422546386719 0.948657035827637 0.927859604358673 0.931862235069275 0.933810234069824 0.938668847084045 0.936138570308685 0.92891252040863
0.669517457485199 0.787167191505432 0.798501074314117 0.718465805053711 0.72948694229126 0.783758938312531 0.848049938678741 0.841368854045868 0.857819139957428 0.850937843322754 0.882746577262878 0.870513379573822 0.898211002349854 0.914666891098022 0.919499933719635 0.932407021522522 0.94109582901001 0.949685752391815 0.954173028469086 0.95641702413559 0.956112563610077 0.957429826259613 0.958719849586487 0.958796620368958 0.954783082008362 0.955699324607849 0.956109583377838 0.960426151752472 0.956063985824585 0.941678822040558 0.934217274188995 0.945377111434937 0.950048506259918 0.951390326023102 0.951067566871643 0.951757371425629 0.956553936004639 0.950525879859924 0.946961343288422 0.918802738189697 0.926627278327942 0.933249890804291 0.933951675891876 0.924935936927795 0.903152048587799
0.685500264167786 0.806893527507782 0.759251058101654 0.709583640098572 0.733997344970703 0.810370743274689 0.869549095630646 0.879428565502167 0.823906481266022 0.832534849643707 0.876273393630981 0.8719242811203 0.888925731182098 0.913874804973602 0.922521889209747 0.927410185337067 0.939194202423096 0.950352251529694 0.953254878520966 0.953777670860291 0.95562219619751 0.955844879150391 0.956790804862976 0.956327557563782 0.944996476173401 0.951562404632568 0.942188441753387 0.953984200954437 0.959640681743622 0.945546805858612 0.94509369134903 0.954877972602844 0.953140318393707 0.954999566078186 0.950881600379944 0.947777509689331 0.948683083057404 0.95104044675827 0.944996774196625 0.917675197124481 0.926312685012817 0.931597530841827 0.932561099529266 0.88466203212738 0.915334939956665
0.698619723320007 0.696032404899597 0.709583640098572 0.730980396270752 0.742871463298798 0.813524127006531 0.858913064002991 0.863025903701782 0.862275004386902 0.871399343013763 0.817958056926727 0.860725820064545 0.900843858718872 0.905327379703522 0.925561666488647 0.934106707572937 0.941700875759125 0.947620093822479 0.950865149497986 0.952452719211578 0.952699601650238 0.954170107841492 0.954627513885498 0.951920807361603 0.92775970697403 0.925224184989929 0.940237164497375 0.947143077850342 0.953573167324066 0.941074788570404 0.944292783737183 0.94371497631073 0.946637511253357 0.954253613948822 0.948310613632202 0.935530126094818 0.941379964351654 0.946215808391571 0.943523526191711 0.927409410476685 0.926746785640717 0.927751481533051 0.924935936927795 0.912253320217133 0.913029253482819
0.677821338176727 0.680818557739258 0.702721953392029 0.752131998538971 0.785188913345337 0.868809878826141 0.878795504570007 0.869296491146088 0.884980261325836 0.82089102268219 0.779802441596985 0.868862628936768 0.907695829868317 0.904439270496368 0.923350214958191 0.928784489631653 0.942172527313232 0.945432186126709 0.948258101940155 0.948436319828033 0.949751555919647 0.950266659259796 0.946790456771851 0.94733065366745 0.948921024799347 0.954533517360687 0.937946557998657 0.948369085788727 0.948233902454376 0.940862357616425 0.94157087802887 0.927065670490265 0.940386652946472 0.953557312488556 0.950332641601562 0.923458874225616 0.938614726066589 0.941694676876068 0.929370641708374 0.903968155384064 0.924604594707489 0.925148725509644 0.921667516231537 0.917314469814301 0.929047524929047
0.677821338176727 0.684438049793243 0.72422593832016 0.808667480945587 0.819433033466339 0.825346291065216 0.814789175987244 0.860763907432556 0.785862267017365 0.696553111076355 0.749580562114716 0.896182179450989 0.90740954875946 0.911017119884491 0.923880875110626 0.930465638637543 0.934058845043182 0.944360375404358 0.946331083774567 0.946554839611053 0.935679137706757 0.929341971874237 0.941290557384491 0.952338457107544 0.954419851303101 0.954964518547058 0.953131496906281 0.946459293365479 0.945185422897339 0.955330967903137 0.94648951292038 0.945626556873322 0.947975635528564 0.950905501842499 0.937389492988586 0.938216805458069 0.941419124603271 0.943457007408142 0.941043972969055 0.929967105388641 0.91977870464325 0.932352304458618 0.932719647884369 0.925959229469299 0.92719441652298
0.676258325576782 0.715390026569366 0.782003402709961 0.85985940694809 0.8359694480896 0.871416926383972 0.878621280193329 0.832070291042328 0.798438906669617 0.669904410839081 0.873212277889252 0.902152717113495 0.903581023216248 0.912360846996307 0.918675184249878 0.920664310455322 0.937874019145966 0.94209223985672 0.944031417369843 0.946122050285339 0.947155237197876 0.948222815990448 0.949558973312378 0.95215117931366 0.953471899032593 0.954206883907318 0.954226315021515 0.954942286014557 0.951547563076019 0.948504865169525 0.948697507381439 0.953430235385895 0.952804505825043 0.949174284934998 0.947378158569336 0.941208958625793 0.939709722995758 0.945195853710175 0.933727264404297 0.922538995742798 0.927117049694061 0.934279084205627 0.933222115039825 0.928766548633575 0.922177910804749
0.685969471931458 0.738534927368164 0.791597425937653 0.834361910820007 0.843739628791809 0.863070964813232 0.873148560523987 0.853633642196655 0.656610786914825 0.680481731891632 0.891427218914032 0.911042630672455 0.910440623760223 0.921834945678711 0.923474133014679 0.933610320091248 0.935239136219025 0.93077164888382 0.942552328109741 0.939450800418854 0.94154566526413 0.945723593235016 0.94830995798111 0.949872255325317 0.947451829910278 0.948633074760437 0.953444957733154 0.951888978481293 0.951722741127014 0.952152073383331 0.95245236158371 0.952460765838623 0.952502489089966 0.950933396816254 0.946320652961731 0.943015336990356 0.943453133106232 0.937624156475067 0.929520547389984 0.933512628078461 0.934670448303223 0.936444401741028 0.9300577044487 0.925433695316315 0.930034458637238
0.690345644950867 0.804197371006012 0.831098139286041 0.837019443511963 0.852880716323853 0.861420452594757 0.860917210578918 0.803931713104248 0.756036221981049 0.809964716434479 0.878200531005859 0.906423449516296 0.919398665428162 0.926881909370422 0.926685690879822 0.926842570304871 0.939267992973328 0.940773487091064 0.943055093288422 0.939064681529999 0.939002513885498 0.941252529621124 0.94650399684906 0.943806946277618 0.945872068405151 0.946321427822113 0.947188138961792 0.94818788766861 0.953089475631714 0.952200710773468 0.951793193817139 0.950623333454132 0.948610961437225 0.944154858589172 0.945247232913971 0.941955387592316 0.941614985466003 0.939714789390564 0.93425065279007 0.931830763816833 0.925318896770477 0.93397057056427 0.933633863925934 0.928614616394043 0.930631101131439
0.681576013565063 0.840724945068359 0.866042792797089 0.858747541904449 0.851581037044525 0.81878262758255 0.81376850605011 0.738640010356903 0.774241805076599 0.768382251262665 0.888582170009613 0.911456704139709 0.921633243560791 0.909701704978943 0.922365188598633 0.936963200569153 0.942119419574738 0.942698657512665 0.939415693283081 0.938017427921295 0.936712384223938 0.938946485519409 0.939489543437958 0.941021859645844 0.942756712436676 0.950062334537506 0.946531116962433 0.949876427650452 0.947515189647675 0.948633134365082 0.948630809783936 0.947787582874298 0.945075511932373 0.941443920135498 0.941678404808044 0.940259635448456 0.939830601215363 0.936598062515259 0.928776204586029 0.921405375003815 0.923157751560211 0.930441617965698 0.928502798080444 0.932692408561707 0.930613279342651
0.747458577156067 0.854170322418213 0.863913655281067 0.87968385219574 0.85766476392746 0.71014392375946 0.758383512496948 0.80975729227066 0.844564616680145 0.824248790740967 0.881566405296326 0.903494894504547 0.910016238689423 0.924382984638214 0.930505037307739 0.936734795570374 0.942870497703552 0.944415748119354 0.938810586929321 0.93873918056488 0.931209087371826 0.93732875585556 0.932783424854279 0.933576881885529 0.948532223701477 0.948494672775269 0.945031762123108 0.946223855018616 0.945029735565186 0.944236576557159 0.943677365779877 0.944882273674011 0.943010628223419 0.943269550800323 0.938206791877747 0.936303675174713 0.934800326824188 0.914347231388092 0.910609304904938 0.920079112052917 0.926499843597412 0.92519074678421 0.926215946674347 0.928938806056976 0.927872955799103
0.79151463508606 0.836389243602753 0.815478146076202 0.88260281085968 0.846622824668884 0.785528600215912 0.826798319816589 0.851680040359497 0.828360795974731 0.826818525791168 0.887687265872955 0.916840136051178 0.933194279670715 0.93350076675415 0.938780605792999 0.944057643413544 0.941848337650299 0.941098392009735 0.940719842910767 0.933176279067993 0.928602397441864 0.932061910629272 0.929272532463074 0.932811915874481 0.941282510757446 0.93501079082489 0.937041699886322 0.942103207111359 0.943361401557922 0.945057511329651 0.942397773265839 0.941855609416962 0.94176572561264 0.940311074256897 0.939102172851562 0.93410861492157 0.92771178483963 0.916130363941193 0.921703279018402 0.922244548797607 0.92322838306427 0.923237025737762 0.92667144536972 0.925504505634308 0.919979870319366
0.871319115161896 0.820065081119537 0.878488063812256 0.862987160682678 0.805931925773621 0.8701052069664 0.868886828422546 0.878970503807068 0.782517910003662 0.824231207370758 0.90550309419632 0.928204953670502 0.934551060199738 0.939468324184418 0.94059681892395 0.945812284946442 0.942576348781586 0.93485826253891 0.930315434932709 0.924629151821136 0.914875090122223 0.919199287891388 0.922320604324341 0.941697776317596 0.930796384811401 0.933413565158844 0.940720498561859 0.938453078269958 0.938270330429077 0.936903774738312 0.940528869628906 0.939351975917816 0.938700497150421 0.936410903930664 0.935248672962189 0.928943634033203 0.926486611366272 0.927138805389404 0.924808382987976 0.919707357883453 0.921404361724854 0.92140007019043 0.922261953353882 0.920420050621033 0.900998950004578
0.870493173599243 0.86642974615097 0.88435161113739 0.878243029117584 0.868886828422546 0.889841973781586 0.889410614967346 0.868840992450714 0.848164498806 0.892041862010956 0.924611032009125 0.92941027879715 0.936273813247681 0.936951279640198 0.945439875125885 0.941590487957001 0.939604640007019 0.936281800270081 0.932234585285187 0.927872061729431 0.923047780990601 0.935019135475159 0.931089997291565 0.938224792480469 0.933831632137299 0.935286998748779 0.938693821430206 0.935784220695496 0.935219764709473 0.93515807390213 0.934478878974915 0.935700535774231 0.934787571430206 0.934777677059174 0.931542217731476 0.929341435432434 0.927481591701508 0.92924165725708 0.92421680688858 0.921556055545807 0.912845253944397 0.920897305011749 0.917850375175476 0.917840421199799 0.905732691287994
0.873771488666534 0.890677809715271 0.894856810569763 0.892767369747162 0.904105663299561 0.904718101024628 0.899419367313385 0.878177523612976 0.89960116147995 0.921527683734894 0.927165985107422 0.931497931480408 0.93462747335434 0.937441527843475 0.94605016708374 0.946151196956635 0.939419865608215 0.934214651584625 0.928342282772064 0.930393993854523 0.936782717704773 0.931553304195404 0.928065717220306 0.931017220020294 0.933784365653992 0.934399604797363 0.930010735988617 0.932136297225952 0.929498672485352 0.927977502346039 0.930452048778534 0.929006397724152 0.931372225284576 0.926573574542999 0.927970945835114 0.926629722118378 0.924798667430878 0.922406792640686 0.921021640300751 0.917878985404968 0.91257381439209 0.91460919380188 0.908621847629547 0.906185567378998 0.90589052438736
0.890006005764008 0.892303168773651 0.899757981300354 0.902025580406189 0.900924026966095 0.908914029598236 0.897631824016571 0.915155529975891 0.918708562850952 0.922874093055725 0.921715617179871 0.925249636173248 0.9293412566185 0.934286653995514 0.941381514072418 0.944115936756134 0.94184821844101 0.932541489601135 0.932236015796661 0.929246604442596 0.925062775611877 0.928684115409851 0.931500196456909 0.929556429386139 0.92889416217804 0.926785469055176 0.927594304084778 0.925831139087677 0.926449060440063 0.924983322620392 0.922354221343994 0.926441371440887 0.922966659069061 0.920126438140869 0.925018608570099 0.923746585845947 0.9207763671875 0.913652360439301 0.909571290016174 0.915194272994995 0.906451165676117 0.905522763729095 0.906312167644501 0.896962761878967 0.895276665687561
0.897343456745148 0.897602558135986 0.897609770298004 0.903636157512665 0.905598700046539 0.902282178401947 0.90861439704895 0.919327676296234 0.91584187746048 0.919948041439056 0.906722724437714 0.904771208763123 0.924184322357178 0.923969805240631 0.94053715467453 0.943661749362946 0.933449864387512 0.932875216007233 0.927127718925476 0.927756249904633 0.926775097846985 0.921663522720337 0.924079358577728 0.928443670272827 0.925631165504456 0.920751512050629 0.919650733470917 0.919099390506744 0.921640634536743 0.921850025653839 0.917606592178345 0.91639506816864 0.92062121629715 0.919123888015747 0.919011473655701 0.914826393127441 0.910390377044678 0.908688485622406 0.905475258827209 0.90618097782135 0.897379100322723 0.888177752494812 0.895114779472351 0.880271553993225 0.87301641702652
