data/climate_estimation/maxent_output/Veratrum_californicum.asc
NCOLS 243 
NROWS 266 
XLLCORNER -124.666666666667 
YLLCORNER 27.3333333333333 
CELLSIZE 0.0833333333333333 
NODATA_value -3.4e+38 
[rows 20 to 39 of 266, columns 176 to 219 of 243]
0.000987331965006888 0.00105872785206884 0.00075330794788897 0.000531079305801541 0.000659086625091732 0.000924418854992837 0.0012387721799314 0.00125719152856618 0.000837671104818583 0.000820419809315354 0.000771949591580778 0.000480769987916574 0.000411888642702252 0.00054955278756097 0.000847109302412719 0.000832619611173868 0.000738756614737213 0.000676642172038555 0.000625601096544415 0.000477218738524243 0.000345883629051968 0.000287461443804204 0.000247236312134191 0.00017284564091824 0.000134464367874898 0.000151740139699541 8.33176236483268e-05 0.000123426172649488 0.000160863273777068 0.00019394516129978 0.000329519651131704 0.00016177240468096 0.000154387511429377 0.000145143014378846 0.00015771140169818 0.00010890271369135 0.000114008114906028 8.81994419614784e-05 8.07257092674263e-05 7.80965274316259e-05 7.65620934544131e-05 7.79937108745798e-05 0.000107528932858258 8.16905521787703e-05
0.00145942822564393 0.000717826304025948 0.00128104002214968 0.000818913162220269 0.000529181852471083 0.000738356087822467 0.000925550528336316 0.000904633372556418 0.00148718140553683 0.00157711573410779 0.00116051302757114 0.00096741778543219 0.000572230201214552 0.000378438300685957 0.000305573339574039 0.000487808487378061 0.000385103630833328 0.000354096293449402 0.00044567757868208 0.000372099166270345 0.000284094334347174 0.000215865933569148 0.000167354577570222 0.000179047259734944 0.00016932186554186 0.000158391238073818 8.27420299174264e-05 0.000146083242725581 0.000152381035150029 0.000204969896003604 0.000175962690263987 8.32424775580876e-05 0.000152539592818357 0.000135165697429329 0.000137122246087529 9.31005852180533e-05 7.74670334067196e-05 7.22277763998136e-05 8.41815854073502e-05 9.62164776865393e-05 0.000106400679214858 0.000101019009889569 0.000116054259706289 8.44178430270404e-05
0.00239761546254158 0.00136557128280401 0.00198023207485676 0.00163579627405852 0.000793064944446087 0.00195286190137267 0.00176903395913541 0.0015304972184822 0.00151920272037387 0.00162732636090368 0.00146645319182426 0.000977744930423796 0.000634223863016814 0.000433742330642417 0.000288661452941597 0.000213651306694373 0.000222650414798409 0.00019550058641471 0.00020513404160738 0.000228273231186904 0.000212650775210932 0.00017311392002739 0.00013940324424766 0.00015491789963562 0.00017015147022903 0.000145259647979401 0.000155908914166503 0.000126058934256434 8.43692614580505e-05 0.000185957891517319 0.000132398359710351 0.000202559764147736 0.000187403391464613 0.000163790347869508 0.000138060480821878 8.34213715279475e-05 0.000106267347291578 8.12923462945037e-05 0.000120202697871719 0.000143929908517748 0.000145034180604853 0.000130152999190614 0.000123545571113937 9.56599324126728e-05
0.00362228229641914 0.00176510564051569 0.00343188736587763 0.00246060988865793 0.00140029820613563 0.00174943497404456 0.00262946635484695 0.00198713270947337 0.0017834649188444 0.00174980307929218 0.00123589870054275 0.000688800239004195 0.000559386215172708 0.00052535644499585 0.000448176491772756 0.000524273666087538 0.000418673065723851 0.000406657985877246 0.000356026692315936 0.000248778989771381 0.00026695171254687 0.000273006648058072 0.000211556107387878 0.000208309968002141 0.000159772025654092 0.000132565677631646 0.000155434710904956 0.000186758174095303 0.000289697403786704 0.000417123315855861 0.000326967681758106 0.000265400332864374 0.000302446860587224 0.000215878855669871 0.000166105557582341 0.000169956430909224 0.000124135665828362 0.000139183466671966 0.00017198221758008 0.00016611693718005 0.000127750594401732 0.00012402307766024 0.000111578745418228 8.88171198312193e-05
0.00466202013194561 0.00474503636360168 0.00454896688461304 0.00325081450864673 0.0025376295670867 0.0028634334448725 0.00309213204309344 0.0033625946380198 0.00318406987935305 0.00327113689854741 0.00162666151300073 0.00112194719258696 0.000858604034874588 0.000810458383057266 0.000742299598641694 0.000582543725613505 0.000478494650451466 0.000420905038481578 0.000417676608776674 0.000329309230437502 0.000283850560663268 0.000245469040237367 0.000208969999221154 0.000181544804945588 0.000168519676662982 0.000149684448842891 0.00018883662414737 0.000190434031537734 0.000247364223469049 0.000296971877105534 0.000466691592009738 0.000350803806213662 0.000291568838292733 0.000202336552320048 0.000260132597759366 0.000243623580900021 0.000184045085916296 0.000167707752552815 0.000158919763634913 0.000160233059432358 0.000143805664265528 0.000129931286210194 0.00010538290371187 8.01566129666753e-05
0.00844207685440779 0.00790493655949831 0.00524744624271989 0.00427073892205954 0.00403963960707188 0.00553609523922205 0.00646952213719487 0.0057129398919642 0.00524659408256412 0.00416944781318307 0.00361440959386528 0.0028210028540343 0.00205529620870948 0.00150256394408643 0.00116157345473766 0.000865127774886787 0.000719725037924945 0.000619929400272667 0.000605270557571203 0.000594724260736257 0.000520209723617882 0.000409733882406726 0.000440634205006063 0.000234709237702191 0.00017237952852156 0.000191729501239024 0.000348236004356295 0.000302765722153708 0.000300554442219436 0.000317685713525862 0.000441405252786353 0.000344632426276803 0.000266557617578655 0.000185724726179615 0.000169220089446753 0.000140474425279535 0.000139397830935195 0.000127801715279929 0.000129702355479822 0.000121136101370212 0.000112432579044253 0.000101068071671762 9.44355706451461e-05 8.59403662616387e-05
0.0112484069541097 0.00795767083764076 0.00687312381342053 0.00478105898946524 0.00717162201181054 0.0132076218724251 0.0196086186915636 0.0100345900282264 0.010139737278223 0.0100833037868142 0.0091828154399991 0.00752845359966159 0.00354748009704053 0.00239716307260096 0.00161439389921725 0.00132502941414714 0.00116096343845129 0.000992687419056892 0.000742996286135167 0.000637101125903428 0.000608263362664729 0.000446784804807976 0.000355442141881213 0.000268392584985122 0.000204607931664214 0.000236532505368814 0.000230545658268966 0.000320404360536486 0.000348236004356295 0.000414359761634842 0.000447341444669291 0.000320074002956972 0.000251791119808331 0.000157079703058116 0.000135085065267049 0.000144580291816965 0.000136490009026602 0.000132632761960849 0.000118912656034809 0.000118272568215616 0.000124905243865214 0.000136438335175626 0.000136034490424208 9.47040025494061e-05
0.0154591156169772 0.0115276770666242 0.0114490184932947 0.00788595341145992 0.00791758485138416 0.0170510597527027 0.0135540030896664 0.0153807867318392 0.0236929934471846 0.0322523862123489 0.0206224340945482 0.0141746122390032 0.00552119500935078 0.00320632383227348 0.0023530344478786 0.00182559923268855 0.00143672805279493 0.00117491430137306 0.00112534360960126 0.000947492895647883 0.000716399517841637 0.000684846716467291 0.000503575487527996 0.000481152907013893 0.000226778560318053 0.000391966023016721 0.000349447393091395 0.000445781013695523 0.000437742797657847 0.000424159632530063 0.000532020174432546 0.00038619912811555 0.0003013594832737 0.000205119387828745 0.000168813116033562 0.000165872726938687 0.000139422452775761 0.00013777261483483 0.000135471709654666 0.000152261927723885 0.000143946774187498 0.000159677118062973 0.000131680601043627 0.000108355190604925
0.0268181879073381 0.0222795233130455 0.0163779892027378 0.0121574997901917 0.0107097532600164 0.0162595901638269 0.0141927301883698 0.023248165845871 0.0300180576741695 0.0256095193326473 0.012527140788734 0.00902202446013689 0.00610130419954658 0.00438021961599588 0.00333828921429813 0.00248460448347032 0.00228061014786363 0.00158757728058845 0.00120903528295457 0.00103103509172797 0.000948835106100887 0.000892781303264201 0.000661608530208468 0.000455349159892648 0.000250803452217951 0.000427945167757571 0.000412486610002816 0.00047985662240535 0.000486672186525539 0.000527229451108724 0.000426935730502009 0.000410424079746008 0.000315534794935957 0.000255826278589666 0.000217966779018752 0.000241804635152221 0.00021509978978429 0.00023288992815651 0.000192372797755525 0.000189826547284611 0.000153994260472246 0.000150386462337337 0.000117429313831963 0.000116507362690754
0.0334052406251431 0.0263448283076286 0.0184640791267157 0.0168679635971785 0.0184574220329523 0.0187957603484392 0.0191101152449846 0.0190873071551323 0.0233542658388615 0.0224052798002958 0.0150770880281925 0.0104311602190137 0.00910530518740416 0.00713210087269545 0.00527015747502446 0.00458268215879798 0.00328465341590345 0.00258054118603468 0.00180276436731219 0.00141797435935587 0.00099390686955303 0.000751106650568545 0.000700320291798562 0.000614297459833324 0.000427533814217895 0.000405978731578216 0.000403140409616753 0.000465905468445271 0.000464537326479331 0.000390305940527469 0.000452970270998776 0.000493963656481355 0.000392434245441109 0.000276937120361254 0.000217020409763791 0.000233795464737341 0.00028918037423864 0.000258181564277038 0.000196472930838354 0.000158963099238463 0.000119504220492672 0.000124281577882357 0.000120990749564953 0.000118763651698828
0.0381480790674686 0.0309937037527561 0.0206074248999357 0.0241996143013239 0.0266912896186113 0.0273884851485491 0.0296141244471073 0.0309495646506548 0.0275781881064177 0.0269964821636677 0.0228745248168707 0.0203664358705282 0.0168383661657572 0.012216042727232 0.0111947590485215 0.00947823561728001 0.00434154970571399 0.00260347127914429 0.00191380793694407 0.00158452952746302 0.00134236109443009 0.00097742781508714 0.000695716764312238 0.000585987523663789 0.000448929407866672 0.00038526879507117 0.000391436915379018 0.00044114954653196 0.000483534124214202 0.000362149730790406 0.000486783275846392 0.000563000270631164 0.000432073982665315 0.000411524000810459 0.000421124452259392 0.000463623582618311 0.000292142009129748 0.00024015134840738 0.000181618670467287 0.000155453613842838 0.000147552869748324 0.000170619096024893 0.000127332939882763 0.000137503593578003
0.0476396419107914 0.036592610180378 0.0279040578752756 0.0292572118341923 0.0394872054457664 0.0485043823719025 0.0499543286859989 0.0490326583385468 0.0426634959876537 0.0417385175824165 0.0351757742464542 0.0307470541447401 0.0253169294446707 0.0194474440068007 0.0141403321176767 0.0103496918454766 0.00582982273772359 0.00296255294233561 0.0023269762750715 0.00220874627120793 0.00188023003283888 0.00164652743842453 0.00156798085663468 0.000943398219533265 0.000516304455231875 0.000443536235252395 0.000446245918283239 0.000425094767706469 0.000411323242587969 0.000409007770940661 0.000365441461326554 0.000290403986582533 0.0003827893815469 0.000248395634116605 0.000281491753412411 0.00028961940552108 0.000271122087724507 0.00037174453609623 0.000245561037445441 0.000211259553907439 0.000185489290743135 0.000184223667019978 0.00015150305989664 0.000159083821927197
0.0605588257312775 0.0387066006660461 0.0308246091008186 0.0337219946086407 0.0662087723612785 0.106964074075222 0.118343129754066 0.120292969048023 0.103543840348721 0.0564404465258121 0.0411655232310295 0.0308972671627998 0.0276208650320768 0.0187301188707352 0.0119913686066866 0.00840547773987055 0.00679740775376558 0.00433466443791986 0.00357006094418466 0.00322913192212582 0.00244612665846944 0.00183223409112543 0.00126197165809572 0.0008750832057558 0.000606413232162595 0.000488806515932083 0.000441554846474901 0.000458101363619789 0.000448598497314379 0.000405201688408852 0.000379088596673682 0.000229899218538776 0.000229718134505674 0.000252598489169031 0.00029225618345663 0.000420155905885622 0.000250078388489783 0.000186050427146256 0.000184650489245541 0.000210546117159538 0.000216993284993805 0.0002439478848828 0.000226951291551813 0.000168859492987394
0.084904357790947 0.0632838383316994 0.0377581380307674 0.0330819487571716 0.0393533296883106 0.0526155233383179 0.0687083452939987 0.068071186542511 0.0967051237821579 0.0630187541246414 0.0351602658629417 0.0248859077692032 0.01514030713588 0.0120056234300137 0.00954146403819323 0.00930663011968136 0.00726229697465897 0.00563005404546857 0.00390154612250626 0.0034930850379169 0.00258302967995405 0.00177411548793316 0.00137571024242789 0.000974822673015296 0.000838142703287303 0.000714194495230913 0.000520221656188369 0.000585662433877587 0.000588279101066291 0.000655642128549516 0.000430413871072233 0.000262199522694573 0.000182935837074183 0.000204444892005995 0.000269174459390342 0.000244659808231518 0.000291923352051526 0.000197298024431802 0.000180162431206554 0.000163378979777917 0.000178329471964389 0.000214940286241472 0.000183342272066511 0.000195863394765183
0.0635445937514305 0.0507628694176674 0.0387040376663208 0.0313808992505074 0.0299528539180756 0.0287053361535072 0.0289518386125565 0.0316838920116425 0.0292058307677507 0.0242468751966953 0.0194302629679441 0.0151192955672741 0.01166055444628 0.00842293351888657 0.00748066091910005 0.00652864994481206 0.00630622217431664 0.00351919606328011 0.00305042485706508 0.00254128687083721 0.00200579455122352 0.00164279853925109 0.00122727593407035 0.00102655042428523 0.000981435179710388 0.000802463968284428 0.000605096516665071 0.000628876150585711 0.000735145586077124 0.000626261287834495 0.000554225349333137 0.000349331821780652 0.000294205034151673 0.000187563520739786 0.00023907124705147 0.000253342092037201 0.000205586678930558 0.000173828608240001 0.000181528521352448 0.000169420061865821 0.000178089205292054 0.000215606429264881 0.000202781578991562 0.0001700568391243
0.051897544413805 0.0429227016866207 0.0352754853665829 0.0274677146226168 0.0212490987032652 0.0196940414607525 0.0169657245278358 0.0154086435213685 0.0147664211690426 0.01288858987391 0.0121184354647994 0.0107636013999581 0.0092552350834012 0.00691143935546279 0.00580047909170389 0.00459762802347541 0.00411196472123265 0.00347168766893446 0.00310082663781941 0.00265889777801931 0.00214182399213314 0.00176934211049229 0.00131668790709227 0.0011302181519568 0.00103368912823498 0.000958670570980757 0.00101423193700612 0.00122484681196511 0.000865551119204611 0.000596407568082213 0.000398550851969048 0.000317290687235072 0.000298348488286138 0.000236677078646608 0.000174953820533119 0.000178329413756728 0.0001694550155662 0.000188834223081358 0.00017033344192896 0.000156949172378518 0.000171343912370503 0.000247852469328791 0.000239703236729838 0.000184107106178999
0.0368282906711102 0.03157639503479 0.026257861405611 0.0236802883446217 0.0200338866561651 0.0155674833804369 0.0120149329304695 0.0122552188113332 0.0114925894886255 0.0104694459587336 0.0100777428597212 0.00878290366381407 0.00621775398030877 0.00552739156410098 0.00401419261470437 0.00360849825665355 0.00336261186748743 0.00260530691593885 0.002355239354074 0.00184996100142598 0.00206264387816191 0.00192086794413626 0.00178554863668978 0.00163071521092206 0.00161588273476809 0.00147782557178289 0.00108940480276942 0.00088193267583847 0.000941134057939053 0.000616296485532075 0.000449868646683171 0.000324980006553233 0.000274892750894651 0.000260704138781875 0.000257773295743391 0.000251372752245516 0.000183132506208494 0.000176139088580385 0.000212256723898463 0.000158669441589154 0.0001593127817614 0.000223519062274136 0.000214978295844048 0.000201233910047449
0.0554146841168404 0.0395915731787682 0.0269861742854118 0.022777147591114 0.0174395013600588 0.0155446548014879 0.0135257756337523 0.0116633111611009 0.00983717851340771 0.0083195399492979 0.00847426988184452 0.00621482543647289 0.00538381887599826 0.00469717755913734 0.00387183297425508 0.00283972243778408 0.00310433027334511 0.00401076255366206 0.0039074718952179 0.00399341201409698 0.00381629820913076 0.00319244572892785 0.00334150134585798 0.00218388950452209 0.00167639914434403 0.00153339933604002 0.00117076747119427 0.000811258039902896 0.000603108434006572 0.000580319261644036 0.000423058168962598 0.000401896249968559 0.000302826490951702 0.000259511027252302 0.000235386643907987 0.00023059084196575 0.000236110630794428 0.000206790136871859 0.000246813375269994 0.000213478488149121 0.000160629861056805 0.000176816480234265 0.000216163651202805 0.000162231561262161
0.0605634525418282 0.0478063188493252 0.0408392362296581 0.0263946875929832 0.0186236426234245 0.0135622853413224 0.0133940167725086 0.0123167149722576 0.00936716143041849 0.00824641995131969 0.00663960911333561 0.00509030371904373 0.00393518758937716 0.00373694370500743 0.00345225119963288 0.00337886367924511 0.00413586618378758 0.00574145466089249 0.00584238907322288 0.00891781225800514 0.00658577075228095 0.0055199465714395 0.00398488203063607 0.0023709109518677 0.00150309770833701 0.00107256800401956 0.00101719645317644 0.00101735687348992 0.000744053395465016 0.000515245192218572 0.000382505997549742 0.000304255954688415 0.000279573578154668 0.000269013311481103 0.000234703940805048 0.000225792435230687 0.000211225327802822 0.000188226069440134 0.000161542629939504 0.000199399481061846 0.000172821513842791 0.000151772401295602 0.000150413587107323 0.000132944915094413
0.0693390592932701 0.0557110272347927 0.0438439287245274 0.0292380005121231 0.0204237680882215 0.0169320032000542 0.0170776639133692 0.0139161497354507 0.011356558650732 0.00908980239182711 0.00799574330449104 0.00656437128782272 0.00458429753780365 0.00427213916555047 0.00595467863604426 0.00592674361541867 0.00712826661765575 0.00804072711616755 0.00489533040672541 0.00669742608442903 0.00507763167843223 0.00312208849936724 0.00211300770752132 0.00184869882650673 0.00187402393203229 0.00114569184370339 0.000747731479350477 0.000655820942483842 0.000739599578082561 0.000529610435478389 0.000350727408658713 0.000485995464259759 0.000586992129683495 0.000515448104124516 0.000358416262315586 0.000488818041048944 0.000336947821779177 0.000316250923788175 0.000277948332950473 0.000320384075166658 0.000349216948961839 0.000274746620561928 0.000232471167691983 0.000261823181062937
