data/climate_estimation/maxent_output/Veratrum_virginicum.asc
NCOLS 305 
NROWS 182 
XLLCORNER -96.1666666666667 
YLLCORNER 27.6666666666667 
CELLSIZE 0.0833333333333333 
NODATA_value -3.4e+38 
[rows 0 to 20 of 182, columns 94 to 140 of 305]
0.199921146035194 0.173134282231331 0.157431229948997 0.131682872772217 0.103783838450909 0.0856951028108597 0.075691245496273 0.0664882510900497 0.061744537204504 0.0592972487211227 0.0609086118638515 0.0644130483269691 0.0612139888107777 0.0630011036992073 0.0694124400615692 0.0712600722908974 0.0780943483114243 0.0760734230279922 0.0773234814405441 0.0775519758462906 0.0853827521204948 0.0904879122972488 0.0938128754496574 0.100144155323505 0.110911153256893 0.129939347505569 0.15095716714859 0.161530390381813 0.165405705571175 0.198635905981064 0.199084118008614 0.214323624968529 0.219945102930069 0.239540621638298 0.249293014407158 0.249829009175301 0.250520050525665 0.247288927435875 0.224419414997101 0.210123255848885 0.185155123472214 0.156967744231224 0.146485090255737 0.1140051856637 0.0960042029619217 0.0838262736797333 0.0854700356721878
0.220070064067841 0.188639953732491 0.157634228467941 0.133669137954712 0.109491266310215 0.0847310274839401 0.0746855735778809 0.0681007206439972 0.064561054110527 0.0656685754656792 0.0657033398747444 0.0670631751418114 0.0642111301422119 0.0665092170238495 0.0731121301651001 0.0732081308960915 0.0795673206448555 0.0816900879144669 0.0859276354312897 0.0855919346213341 0.0931170508265495 0.101175166666508 0.104979127645493 0.106551617383957 0.112070329487324 0.142065554857254 0.161634385585785 0.167966246604919 0.188907042145729 0.180567488074303 0.190402537584305 0.194948077201843 0.218909606337547 0.238050207495689 0.242469385266304 0.246351480484009 0.229060336947441 0.22506707906723 0.214819982647896 0.198165208101273 0.178893178701401 0.156594946980476 0.131673157215118 0.113253049552441 0.102261789143085 0.0896828025579453 0.0802100002765656
0.254345327615738 0.213721722364426 0.182633295655251 0.143580496311188 0.112647980451584 0.0963018387556076 0.0767762139439583 0.0717318505048752 0.068412184715271 0.0682782307267189 0.0704284533858299 0.0699381902813911 0.0723079219460487 0.0755704641342163 0.0751366540789604 0.078888826072216 0.0827677920460701 0.0902270749211311 0.0894982069730759 0.0951360538601875 0.0948127210140228 0.104454711079597 0.111325524747372 0.111486166715622 0.125248461961746 0.136495366692543 0.169399574398994 0.18975143134594 0.196206331253052 0.205796837806702 0.201633393764496 0.202065899968147 0.205488130450249 0.224753484129906 0.229646995663643 0.232239827513695 0.238277718424797 0.224028840661049 0.198036357760429 0.189349591732025 0.167075827717781 0.156222939491272 0.130831450223923 0.108894318342209 0.101401075720787 0.0894065946340561 0.080164760351181
0.273603528738022 0.236685037612915 0.2020293623209 0.15288507938385 0.125202879309654 0.102541632950306 0.0796318575739861 0.079252764582634 0.0796489492058754 0.0769619643688202 0.0765634924173355 0.0791302844882011 0.0783567652106285 0.080668069422245 0.0798294171690941 0.0869497060775757 0.0850418955087662 0.0931880623102188 0.0996032133698463 0.107818931341171 0.109296374022961 0.111168295145035 0.113273203372955 0.120997883379459 0.12492810189724 0.146886348724365 0.165265694260597 0.201842024922371 0.197658404707909 0.224866300821304 0.207303747534752 0.204630374908447 0.221552893519402 0.220788031816483 0.238354086875916 0.24151736497879 0.227555558085442 0.21928234398365 0.205293118953705 0.18079674243927 0.156763434410095 0.145852223038673 0.129807695746422 0.101968444883823 0.0948461666703224 0.09177565574646 0.092025101184845
0.286546409130096 0.256546586751938 0.216145619750023 0.17403382062912 0.138941332697868 0.111665181815624 0.0961919203400612 0.0892077758908272 0.0865539386868477 0.0864125788211823 0.089204452931881 0.0858497619628906 0.0853692591190338 0.082775741815567 0.0919721350073814 0.0926018729805946 0.0994835942983627 0.0995408818125725 0.10658011585474 0.121799163520336 0.11933408677578 0.129170536994934 0.124424181878567 0.120717436075211 0.122077435255051 0.14845035970211 0.178532764315605 0.211693838238716 0.242782473564148 0.234478875994682 0.215840131044388 0.227427423000336 0.222905948758125 0.247431710362434 0.252827018499374 0.26367050409317 0.236613139510155 0.220498740673065 0.187902629375458 0.167875185608864 0.157006114721298 0.139761254191399 0.108744546771049 0.0986767336726189 0.0962883085012436 0.0966955944895744 0.0997202694416046
0.287304282188416 0.251570552587509 0.224512904882431 0.1882394105196 0.15058670938015 0.130367621779442 0.113789699971676 0.105883695185184 0.0983700156211853 0.101499691605568 0.0980097874999046 0.0974408835172653 0.0972495451569557 0.0954116359353065 0.0947988331317902 0.0995965972542763 0.108655594289303 0.116007536649704 0.121876701712608 0.130734920501709 0.139281898736954 0.137908935546875 0.142367511987686 0.137207612395287 0.135275036096573 0.159399449825287 0.206150561571121 0.238518834114075 0.284057676792145 0.254381090402603 0.239608362317085 0.223376110196114 0.22776660323143 0.233778044581413 0.251945644617081 0.24098564684391 0.218359634280205 0.197058126330376 0.176436841487885 0.158005759119987 0.142584934830666 0.128037422895432 0.109860122203827 0.106356583535671 0.103616803884506 0.10435900837183 0.107020638883114
0.2876236140728 0.252317517995834 0.226385474205017 0.202218323945999 0.174646839499474 0.153132364153862 0.141908705234528 0.131434693932533 0.12310903519392 0.115814253687859 0.110459260642529 0.113381512463093 0.112818896770477 0.100262872874737 0.105875745415688 0.116115055978298 0.116381771862507 0.124415919184685 0.141523689031601 0.150799661874771 0.159505590796471 0.158932313323021 0.169179901480675 0.171321898698807 0.180970370769501 0.189835250377655 0.222238466143608 0.25954458117485 0.264703661203384 0.262465715408325 0.242463260889053 0.222534209489822 0.21047043800354 0.211948707699776 0.228907570242882 0.216812163591385 0.211072981357574 0.185510441660881 0.165934309363365 0.149681344628334 0.135002702474594 0.121051579713821 0.111371353268623 0.107194483280182 0.107690840959549 0.118562236428261 0.119205646216869
0.291184842586517 0.25226029753685 0.235537737607956 0.218974769115448 0.204596564173698 0.189770236611366 0.177095919847488 0.167012766003609 0.155432403087616 0.147574752569199 0.137380436062813 0.129124268889427 0.123409643769264 0.115857653319836 0.113341026008129 0.123818963766098 0.135961204767227 0.133399188518524 0.152119278907776 0.167877480387688 0.178156971931458 0.211950853466988 0.232368215918541 0.228492245078087 0.231657415628433 0.245179891586304 0.247991591691971 0.263899892568588 0.26037672162056 0.257971107959747 0.235683441162109 0.217803746461868 0.201066225767136 0.198742628097534 0.193896353244781 0.189404383301735 0.17110513150692 0.156397551298141 0.151783794164658 0.150098502635956 0.137975454330444 0.119978331029415 0.110870435833931 0.118896000087261 0.118713326752186 0.126946970820427 0.127341017127037
0.301311612129211 0.264566987752914 0.260467439889908 0.238286405801773 0.236337229609489 0.234308898448944 0.214892670512199 0.19373419880867 0.175658389925957 0.168075352907181 0.156336441636086 0.144624426960945 0.14903062582016 0.136356636881828 0.126794785261154 0.133077949285507 0.145590588450432 0.155287861824036 0.17051587998867 0.183061122894287 0.220827579498291 0.233336076140404 0.260545074939728 0.279462516307831 0.288245290517807 0.267208844423294 0.272751063108444 0.260137736797333 0.256277769804001 0.245456650853157 0.229942634701729 0.206406101584435 0.205929979681969 0.200010642409325 0.195401221513748 0.191132590174675 0.174613639712334 0.164530426263809 0.160588726401329 0.15546253323555 0.138315632939339 0.126862332224846 0.127674296498299 0.122936263680458 0.131771042943001 0.134635120630264 0.131255000829697
0.313177108764648 0.301508992910385 0.299261569976807 0.288720160722733 0.280042320489883 0.261889606714249 0.241165593266487 0.234320461750031 0.215719118714333 0.204428970813751 0.183870121836662 0.179803460836411 0.161796554923058 0.146901398897171 0.149322777986526 0.146949768066406 0.15850056707859 0.184043914079666 0.182932704687119 0.195971429347992 0.239686518907547 0.254229545593262 0.282534599304199 0.291492968797684 0.300538450479507 0.301083654165268 0.27658885717392 0.264569103717804 0.256811857223511 0.228380411863327 0.209128513932228 0.199776083230972 0.206842482089996 0.209391340613365 0.209391340613365 0.201156929135323 0.201472118496895 0.177107498049736 0.176415577530861 0.164263308048248 0.156893879175186 0.146219447255135 0.14466954767704 0.138186022639275 0.15120230615139 0.148439824581146 0.139352858066559
0.339038521051407 0.333593934774399 0.335653245449066 0.342020630836487 0.321000844240189 0.301625072956085 0.286163657903671 0.269368886947632 0.240224316716194 0.230006098747253 0.210521757602692 0.202665969729424 0.205856561660767 0.203086405992508 0.170556768774986 0.171526491641998 0.171304255723953 0.168767035007477 0.199677288532257 0.222702816128731 0.244888842105865 0.26548758149147 0.292501181364059 0.292425662279129 0.307077497243881 0.314084440469742 0.301902443170547 0.261554718017578 0.227273508906364 0.209090828895569 0.21003694832325 0.215443253517151 0.222552686929703 0.222552686929703 0.214988276362419 0.20157727599144 0.206485226750374 0.200340688228607 0.17651392519474 0.182694181799889 0.180127665400505 0.161075040698051 0.159860551357269 0.157292693853378 0.156653240323067 0.156970918178558 0.147804945707321
0.380984485149384 0.380827367305756 0.399228066205978 0.380953729152679 0.356513202190399 0.337900966405869 0.309516847133636 0.302266240119934 0.285209685564041 0.263680994510651 0.2452073097229 0.241401836276054 0.235220834612846 0.236234456300735 0.233677193522453 0.210299953818321 0.204111829400063 0.209471344947815 0.223457425832748 0.241705194115639 0.241886541247368 0.242962852120399 0.261499136686325 0.265837281942368 0.277936458587646 0.280529886484146 0.259137779474258 0.239326179027557 0.226412415504456 0.216996565461159 0.212128832936287 0.214399963617325 0.224157512187958 0.215982779860497 0.210003197193146 0.208876341581345 0.200238078832626 0.191445976495743 0.186352074146271 0.192532256245613 0.173979997634888 0.176811948418617 0.171161651611328 0.157927259802818 0.157445013523102 0.154227823019028 0.154929205775261
0.384108513593674 0.417340636253357 0.430423527956009 0.407163202762604 0.392433375120163 0.363214552402496 0.334601044654846 0.326107263565063 0.314839452505112 0.284670233726501 0.288386106491089 0.292731076478958 0.28079017996788 0.28444030880928 0.250322639942169 0.248288840055466 0.248993024230003 0.256237506866455 0.264737814664841 0.266751915216446 0.306407421827316 0.310145348310471 0.313991189002991 0.31369823217392 0.299031287431717 0.31106835603714 0.304378479719162 0.25990504026413 0.250431597232819 0.244560495018959 0.238928630948067 0.211671650409698 0.223602592945099 0.215670198202133 0.209680706262589 0.203395694494247 0.191502720117569 0.206187024712563 0.181865900754929 0.193972855806351 0.186757430434227 0.172591865062714 0.171032398939133 0.165977343916893 0.159924373030663 0.155398294329643 0.156596526503563
0.403726428747177 0.394836872816086 0.409055083990097 0.377883791923523 0.387428909540176 0.363361030817032 0.345690846443176 0.334518671035767 0.317826986312866 0.330497175455093 0.325383186340332 0.318557888269424 0.316782772541046 0.314100563526154 0.313113421201706 0.276285648345947 0.291117876768112 0.292632311582565 0.307427555322647 0.352054744958878 0.354642182588577 0.388593375682831 0.36239942908287 0.368328362703323 0.366945266723633 0.357692033052444 0.32732367515564 0.292534053325653 0.296139240264893 0.27529639005661 0.265974253416061 0.236386120319366 0.235851809382439 0.213520601391792 0.20464600622654 0.202561363577843 0.197354927659035 0.189566805958748 0.192086204886436 0.181978076696396 0.192059114575386 0.178634688258171 0.183997124433517 0.172633275389671 0.167464762926102 0.16347274184227 0.164757817983627
0.375424653291702 0.388583302497864 0.375629156827927 0.367321401834488 0.355098932981491 0.356247514486313 0.344035655260086 0.344744741916656 0.352374792098999 0.34989532828331 0.344090282917023 0.33886706829071 0.344023644924164 0.34261953830719 0.350952953100204 0.348053157329559 0.360343635082245 0.343381017446518 0.394345998764038 0.427939802408218 0.409446567296982 0.398071497678757 0.390364974737167 0.393870890140533 0.386461496353149 0.392176568508148 0.358701407909393 0.363297492265701 0.333148241043091 0.315126478672028 0.294856548309326 0.267774522304535 0.252535074949265 0.241665408015251 0.220643118023872 0.199671894311905 0.212071731686592 0.198348388075829 0.200188159942627 0.182623505592346 0.186638787388802 0.185618489980698 0.187650412321091 0.186125636100769 0.180697172880173 0.169628083705902 0.180775597691536
0.368012934923172 0.368250787258148 0.357342630624771 0.356944233179092 0.35478001832962 0.375336170196533 0.370751351118088 0.370068669319153 0.371501713991165 0.375300824642181 0.380389481782913 0.368942737579346 0.37263560295105 0.379939675331116 0.380799680948257 0.388314753770828 0.381395578384399 0.401629745960236 0.429067373275757 0.443916261196136 0.431253522634506 0.427958935499191 0.443526685237885 0.458193153142929 0.489752113819122 0.463750869035721 0.437698632478714 0.411461979150772 0.398942083120346 0.366349220275879 0.342727988958359 0.303650259971619 0.286894947290421 0.276525110006332 0.243307366967201 0.220499649643898 0.224373906850815 0.205579474568367 0.202455252408981 0.205156937241554 0.191833198070526 0.198878303170204 0.193829953670502 0.18663364648819 0.195256426930428 0.188058063387871 0.198840945959091
0.356546610593796 0.356822818517685 0.377756893634796 0.366008639335632 0.394874095916748 0.404967874288559 0.424817711114883 0.419256269931793 0.399080038070679 0.392878025770187 0.391491532325745 0.377040237188339 0.383775740861893 0.403886169195175 0.399334251880646 0.414946973323822 0.38096672296524 0.415562629699707 0.442178219556808 0.466357558965683 0.503775179386139 0.477219820022583 0.533324003219604 0.533932447433472 0.552280843257904 0.529023289680481 0.500074863433838 0.473193168640137 0.435563176870346 0.410423904657364 0.390151590108871 0.354228138923645 0.323178768157959 0.305007874965668 0.275538057088852 0.257670521736145 0.234770551323891 0.228865563869476 0.21819743514061 0.206600025296211 0.205853164196014 0.197131484746933 0.192825376987457 0.196858644485474 0.191864788532257 0.191140368580818 0.204306364059448
0.348593890666962 0.370190024375916 0.377083092927933 0.386448442935944 0.396103292703629 0.437831431627274 0.446070402860641 0.431574583053589 0.417450755834579 0.418968826532364 0.40337872505188 0.419935941696167 0.425318688154221 0.426193982362747 0.446201771497726 0.423747152090073 0.41327029466629 0.436741769313812 0.452297240495682 0.504071235656738 0.520180106163025 0.54482764005661 0.57124125957489 0.591808557510376 0.602134585380554 0.556254804134369 0.539915144443512 0.506046235561371 0.483974456787109 0.467892527580261 0.43167707324028 0.408855676651001 0.362559497356415 0.32346773147583 0.304431587457657 0.2775619328022 0.26666796207428 0.247040390968323 0.234947487711906 0.216520965099335 0.201965242624283 0.19744336605072 0.202873378992081 0.196403577923775 0.19135195016861 0.198853224515915 0.195078045129776
0.331278830766678 0.357041329145432 0.357776820659637 0.400358229875565 0.407749354839325 0.436332017183304 0.457996100187302 0.453920841217041 0.452709645032883 0.435466587543488 0.424792855978012 0.432609617710114 0.440526008605957 0.462380409240723 0.459885030984879 0.463945090770721 0.462476789951324 0.466724306344986 0.489260852336884 0.513593137264252 0.552430927753448 0.553414583206177 0.585150480270386 0.601630687713623 0.602134585380554 0.570564866065979 0.527974963188171 0.513608574867249 0.505499601364136 0.485019147396088 0.469256222248077 0.435983598232269 0.385081231594086 0.372229874134064 0.332464307546616 0.322597503662109 0.293994843959808 0.262920141220093 0.245729193091393 0.215522572398186 0.219962865114212 0.210217475891113 0.196868672966957 0.191806837916374 0.195091709494591 0.203668802976608 0.196980625391006
0.3492651283741 0.355385184288025 0.376279830932617 0.397185087203979 0.41766369342804 0.437360405921936 0.460817962884903 0.468945533037186 0.443432360887527 0.449650973081589 0.450271487236023 0.457613676786423 0.470276296138763 0.475696176290512 0.495913684368134 0.497328281402588 0.495435535907745 0.478865653276443 0.502223491668701 0.506850838661194 0.539964735507965 0.566802859306335 0.58189070224762 0.58290022611618 0.572484970092773 0.542437255382538 0.512988269329071 0.510818660259247 0.484775632619858 0.479576140642166 0.471758872270584 0.455214232206345 0.408314555883408 0.385969310998917 0.355148166418076 0.334478795528412 0.308523505926132 0.268713682889938 0.258558034896851 0.24903230369091 0.212215900421143 0.206388458609581 0.196777775883675 0.187096461653709 0.186886072158813 0.192073151469231 0.204291358590126
0.348436266183853 0.347857773303986 0.356736093759537 0.399971097707748 0.40688481926918 0.414836376905441 0.435531288385391 0.44576820731163 0.46806725859642 0.452534914016724 0.451441884040833 0.482702940702438 0.478914499282837 0.499920189380646 0.500127255916595 0.511578261852264 0.509424567222595 0.491440057754517 0.515629768371582 0.514761388301849 0.532751381397247 0.546683490276337 0.543688833713531 0.534742772579193 0.528624475002289 0.511169075965881 0.489778161048889 0.483757942914963 0.482037961483002 0.468993753194809 0.471291750669479 0.458236962556839 0.44377201795578 0.410215467214584 0.388474434614182 0.367125928401947 0.339184790849686 0.281590223312378 0.267046093940735 0.254201591014862 0.222365185618401 0.210951656103134 0.193243011832237 0.192207202315331 0.188208505511284 0.189723119139671 0.209868639707565
