data/climate_estimation/maxent_output/Wurmbea_marginata.asc
NCOLS 86 
NROWS 69 
XLLCORNER 18.0833333333333 
YLLCORNER -34.5833333333333 
CELLSIZE 0.0833333333333333 
NODATA_value -3.4e+38 
[rows 19 to 37 of 69, columns 43 to 85 of 86]
0.00119833974167705 0.000895202858373523 0.00131675729062408 0.0015163158532232 0.00153678469359875 0.00162456266116351 0.00176551530603319 0.00194460339844227 0.0018521323800087 0.00204755691811442 0.00216759741306305 0.00332453520968556 0.00329518644139171 0.00315743684768677 0.00302983075380325 0.00320301717147231 0.00342578534036875 0.00371107668615878 0.00246462388895452 0.00254761357791722 0.0027151070535183 0.00304974056780338 0.00397481443360448 0.0039392551407218 0.00355681427754462 0.0038762257900089 0.00375613011419773 0.00386453908868134 0.00334946671500802 0.00292654242366552 0.00207881047390401 0.00181048887316138 0.0012895583640784 0.000965694547630847 0.0010061840293929 0.0010734013048932 0.00112044671550393 0.00124329619575292 0.00142085319384933 0.00167631742078811 0.00184466817881912 0.00246909959241748 0.00339510128833354
0.00136067031417042 0.0014110334450379 0.00167767552193254 0.0016550908330828 0.00176147709134966 0.00186726206447929 0.00199116789735854 0.00192830886226147 0.00216534617356956 0.00228549470193684 0.00369201507419348 0.00364222098141909 0.00342541583813727 0.00319084990769625 0.00203274097293615 0.00341379153542221 0.00333375064656138 0.00237193843349814 0.00261717452667654 0.00269975489936769 0.00290096318349242 0.00324611156247556 0.00416299281641841 0.0043835979886353 0.00468815909698606 0.00456282962113619 0.00441541336476803 0.00459119258448482 0.00687334826216102 0.00298276054672897 0.00280954106710851 0.00258019589819014 0.0019532407168299 0.00155832478776574 0.0012886842014268 0.00130666221957654 0.00133581471163779 0.00128307600971311 0.00125624530483037 0.0013824263587594 0.00135410577058792 0.00199838378466666 0.00274025648832321
0.0015102531760931 0.00184926437214017 0.00182434532325715 0.0018730687443167 0.00200643879361451 0.00215997896157205 0.00229491456411779 0.0022735467646271 0.00408042455092072 0.00245768460445106 0.00251217070035636 0.00379197113215923 0.00353780318982899 0.00345443421974778 0.00326484302058816 0.00364860403351486 0.00234652380459011 0.00244666985236108 0.00260684592649341 0.00276089925318956 0.00310473493300378 0.00350027973763645 0.00473035126924515 0.00493950583040714 0.00516991643235087 0.00529880309477448 0.00529671646654606 0.00926658790558577 0.00938879046589136 0.00410699378699064 0.00323793292045593 0.00268210819922388 0.00235202559269965 0.00210971129126847 0.00195786403492093 0.00162996025756001 0.00149499403778464 0.00135300075635314 0.00134506111498922 0.00104828143958002 0.000973190530203283 0.00134903541766107 0.00193333183415234
0.00197126972489059 0.00337209389545023 0.00206034327857196 0.00219976692460477 0.00217318697832525 0.00235978793352842 0.00248892861418426 0.00448566721752286 0.00426055770367384 0.0043482449837029 0.00402084644883871 0.00402294425293803 0.00383927533403039 0.00395397190004587 0.00354563468135893 0.00376625591889024 0.00242735189385712 0.00245400192216039 0.00263628945685923 0.00272019719704986 0.00303549785166979 0.00448620272800326 0.00519223650917411 0.00601761369034648 0.00607435312122107 0.00560256233438849 0.00626449193805456 0.00569219375029206 0.00841254368424416 0.00459739891812205 0.00380946230143309 0.00330410711467266 0.00313603947870433 0.00313740503042936 0.00272664939984679 0.00220855418592691 0.00211981497704983 0.001796017982997 0.00148927024565637 0.000998902600258589 0.000779748894274235 0.000988467130810022 0.00168513914104551
0.00331791490316391 0.00323187722824514 0.00396712077781558 0.00497623672708869 0.00436514988541603 0.00282503408379853 0.00302154710516334 0.00294962781481445 0.00477069057524204 0.0049838200211525 0.00505034113302827 0.00460640899837017 0.00446443352848291 0.00360302394255996 0.0034822968300432 0.00348654622212052 0.00247588544152677 0.00286707142367959 0.00269319722428918 0.00266976864077151 0.00316564016975462 0.00449947128072381 0.00477806013077497 0.00591586995869875 0.00627999380230904 0.00604726886376739 0.00647055963054299 0.00658107316121459 0.00613325322046876 0.00558114470914006 0.0050718910060823 0.00451854662969708 0.00435106316581368 0.00435530534014106 0.00422937795519829 0.00363971036858857 0.00287116295658052 0.00253704260103405 0.0019177901558578 0.00133573706261814 0.00107744976412505 0.00127670599613339 0.00190458772704005
0.00366686563938856 0.00374794076196849 0.00484305992722511 0.00793179962784052 0.00775668630376458 0.00511448923498392 0.00584787083789706 0.00586495688185096 0.00608705636113882 0.00744087621569633 0.00523853860795498 0.00305956788361073 0.00271633616648614 0.00403019040822983 0.00371800572611392 0.00258669583126903 0.0027231783606112 0.00459220726042986 0.00281405355781317 0.00309229292906821 0.00410356558859348 0.00445609400048852 0.00499677238985896 0.0066388095729053 0.00679542543366551 0.00683796219527721 0.00663660047575831 0.00637047970667481 0.00671488093212247 0.00622107135131955 0.00553480861708522 0.00574840605258942 0.00577936181798577 0.0062978551723063 0.00612589251250029 0.00551902363076806 0.00442040059715509 0.00317045906558633 0.00237186485901475 0.00187736772932112 0.00179078115615994 0.00199671695008874 0.00250785215757787
0.00584315694868565 0.00618396606296301 0.00692179007455707 0.00716792419552803 0.00621356489136815 0.00654839212074876 0.00652630720287561 0.00831892061978579 0.0087127136066556 0.0081758014857769 0.00714784068986773 0.00321678491309285 0.00279670581221581 0.00263290805742145 0.00266220513731241 0.00291960453614593 0.00385492946952581 0.00454116938635707 0.00284015410579741 0.0044543631374836 0.00472951773554087 0.0047984616830945 0.00558885652571917 0.00644437223672867 0.00712936511263251 0.00787298753857613 0.00792316533625126 0.00734332855790854 0.00705674337223172 0.00795186590403318 0.00734935747459531 0.00695090182125568 0.00728758610785007 0.00799120496958494 0.00791375339031219 0.00703004794195294 0.00577105954289436 0.00406026234850287 0.0030980531591922 0.00273705180734396 0.00275396672077477 0.00294650066643953 0.00363261252641678
0.0056556286290288 0.00619206810370088 0.00624824780970812 0.00702844513580203 0.00831336621195078 0.00870003458112478 0.00878409948199987 0.00919191539287567 0.0101813971996307 0.0065596173517406 0.0051082237623632 0.00423462130129337 0.00297037535347044 0.00297042145393789 0.00277861719951034 0.00385809037834406 0.00393372075632215 0.0029039632063359 0.00288829416967928 0.0031970830168575 0.00453931279480457 0.00476317992433906 0.0058630951680243 0.00639465497806668 0.00744477147236466 0.00772084016352892 0.00773536181077361 0.00882825441658497 0.00896018650382757 0.00857508089393377 0.0089728282764554 0.00924230553209782 0.00900233536958694 0.00869007874280214 0.00918769184499979 0.00804078858345747 0.00707682408392429 0.00545745668932796 0.00435977522283792 0.00387967890128493 0.0040775197558105 0.00439130375161767 0.00889699347317219
0.00543674034997821 0.0058053289540112 0.0062721180729568 0.00698841130360961 0.00742957415059209 0.00781578943133354 0.00829708017408848 0.00629836367443204 0.00652621081098914 0.00587775139138103 0.00496093230322003 0.00415629940107465 0.00425740610808134 0.00391883961856365 0.00435045640915632 0.00433539412915707 0.00478752376511693 0.00278197880834341 0.0029757481534034 0.00307871424593031 0.00347582180984318 0.00486859912052751 0.00583646586164832 0.00662114145234227 0.0104093151167035 0.00766925001516938 0.00931788329035044 0.0106293736025691 0.0111360810697079 0.0101378569379449 0.0103484829887748 0.0107444077730179 0.010215574875474 0.0102253099903464 0.0104008428752422 0.00937838945537806 0.00869804434478283 0.00694312993437052 0.00621732883155346 0.00577197037637234 0.00581222400069237 0.00633969157934189 0.00701795006170869
0.00517977913841605 0.0056593562476337 0.0061996802687645 0.0068506533280015 0.00688414694741368 0.00728976633399725 0.00556437810882926 0.00589848915114999 0.00621653581038117 0.00657024094834924 0.00530506204813719 0.00517505267634988 0.00504068471491337 0.00445784302428365 0.00415391661226749 0.00418891245499253 0.00280269724316895 0.00279022357426584 0.00296491361223161 0.0031297851819545 0.00356334843672812 0.00472488254308701 0.00574691174551845 0.00677009345963597 0.0122086592018604 0.0135602941736579 0.0100308321416378 0.00961947720497847 0.0120630161836743 0.0111221671104431 0.0114462673664093 0.0121011640876532 0.0130032980814576 0.0123704383149743 0.0118250781670213 0.0115609895437956 0.0102689964696765 0.00823911279439926 0.008055804297328 0.00836578104645014 0.00692216167226434 0.0144194178283215 0.0161557905375957
0.00525376293808222 0.00550591479986906 0.00628439849242568 0.00673730345442891 0.00661203730851412 0.00490022171288729 0.00572863267734647 0.00509292166680098 0.00570471724495292 0.0061894254758954 0.00480892136693001 0.00520810391753912 0.00448427256196737 0.00416200514882803 0.00411589117720723 0.00323388096876442 0.00292432890273631 0.00295135821215808 0.00305331475101411 0.00337143871001899 0.0046552992425859 0.00516369938850403 0.00607635825872421 0.0105967428535223 0.0121219707652926 0.0137001015245914 0.0169120971113443 0.0118462173268199 0.0134721221402287 0.0123046645894647 0.0136881126090884 0.0143421599641442 0.0137593215331435 0.014151587150991 0.0137561112642288 0.014399092644453 0.0126472963020205 0.0119337793439627 0.010964460670948 0.0115708224475384 0.0118100652471185 0.0140292439609766 0.0237231869250536
0.00577052682638168 0.00482334150001407 0.00583786610513926 0.00592994038015604 0.005617696326226 0.00471808342263103 0.00479388330131769 0.00482147093862295 0.00526576535776258 0.00528889475390315 0.0053193811327219 0.00494345324113965 0.0050873514264822 0.00469829933717847 0.00486802123486996 0.00451996922492981 0.00472681503742933 0.0030562577303499 0.00332215335220098 0.00352102750912309 0.00728144589811563 0.00600074836984277 0.00703280512243509 0.00724312989041209 0.0120998350903392 0.0153470309451222 0.0176820792257786 0.0212939903140068 0.0234235171228647 0.0145777110010386 0.0163965690881014 0.0172367841005325 0.0165429655462503 0.0168126281350851 0.0169489327818155 0.0163163635879755 0.0153098003938794 0.0114787146449089 0.0122023280709982 0.0167238470166922 0.0191333461552858 0.0193293057382107 0.0232068039476871
0.00468544336035848 0.00455727288499475 0.0051070898771286 0.00405977573245764 0.00455679791048169 0.00447922293096781 0.00455282488837838 0.00443855207413435 0.00459762988612056 0.00519016711041331 0.00587859423831105 0.00567484181374311 0.00543073238804936 0.0054969061166048 0.00604846654459834 0.00572553416714072 0.00501555670052767 0.0037962559144944 0.00368322897702456 0.00758424075320363 0.00565146934241056 0.0093387309461832 0.00771576585248113 0.0121506955474615 0.0142347179353237 0.0156037742272019 0.0187192279845476 0.0230936389416456 0.0175451394170523 0.0157341435551643 0.0159704070538282 0.0190084911882877 0.0160779654979706 0.0187914166599512 0.0194577407091856 0.0190448425710201 0.0172867123037577 0.0202653836458921 0.021253539249301 0.0266480520367622 0.0344774313271046 0.0322009809315205 0.0317274630069733
0.00461028143763542 0.00470731733366847 0.00322676100768149 0.00403097085654736 0.00425804173573852 0.00464398274198174 0.00466022500768304 0.00457980716601014 0.0046619581989944 0.0060723377391696 0.00650677643716335 0.00681692967191339 0.00651263911277056 0.00557128246873617 0.00741792330518365 0.00726590491831303 0.00637584645301104 0.00528035126626492 0.00811492186039686 0.00597920268774033 0.00972186587750912 0.00680478941649199 0.0123849557712674 0.0149895157665014 0.0165172424167395 0.0211579129099846 0.0219770353287458 0.0272376518696547 0.0175515655428171 0.0180795956403017 0.0185515247285366 0.0180856678634882 0.0193605814129114 0.0200933832675219 0.020677737891674 0.0224291328340769 0.0223667323589325 0.0280974581837654 0.0333954095840454 0.0401484929025173 0.042944572865963 0.0421076491475105 0.042989008128643
0.00451297080144286 0.00318467663601041 0.00308616226539016 0.00386653351597488 0.00435244385153055 0.00482954038307071 0.00600201636552811 0.00617045443505049 0.00634293025359511 0.00670509738847613 0.00657693250104785 0.00736691756173968 0.0064114578999579 0.00661260215565562 0.00675473595038056 0.00709149427711964 0.0068479971960187 0.00640103733167052 0.00687214266508818 0.00741899572312832 0.00999202206730843 0.0107048060745001 0.0111478604376316 0.0150386523455381 0.0183764286339283 0.0191467516124249 0.02238979190588 0.0296516865491867 0.017584316432476 0.017126576974988 0.0194394215941429 0.0187844168394804 0.0210952088236809 0.0203435625880957 0.0164290256798267 0.0223893225193024 0.0244688782840967 0.0318284332752228 0.0286282319575548 0.0366069152951241 0.0486810617148876 0.0517583191394806 0.0469269640743732
0.00259234779514372 0.00332008837722242 0.00335952267050743 0.0040072095580399 0.00458826962858438 0.00525736901909113 0.00646341871470213 0.00647223042324185 0.00769162550568581 0.00775624625384808 0.00808577332645655 0.00750466622412205 0.00748437037691474 0.00767946289852262 0.00752663472667336 0.00726205389946699 0.00681502837687731 0.00756267877295613 0.00832493789494038 0.00778317870572209 0.00680561782792211 0.00719217536970973 0.00783770903944969 0.0141524812206626 0.0191893465816975 0.017327232286334 0.0216459669172764 0.0319366157054901 0.0201974399387836 0.0167930349707603 0.0177558045834303 0.0162071119993925 0.0189231354743242 0.0145385721698403 0.0166001245379448 0.0167378932237625 0.0229310765862465 0.0228300374001265 0.0198339987546206 0.0373459793627262 0.0430077500641346 0.0495919063687325 0.0587066896259785
0.00397647637873888 0.00484590046107769 0.00343622150830925 0.00371089926920831 0.004887864459306 0.00537393428385258 0.00668319454416633 0.00670271646231413 0.00919771287590265 0.0100157232955098 0.00948579423129559 0.00968897435814142 0.00881863851100206 0.00796748045831919 0.00856098253279924 0.00776315061375499 0.00750151742249727 0.00755529804155231 0.0079707270488143 0.0081786522641778 0.0111231124028563 0.0106625845655799 0.00784465204924345 0.0128026297315955 0.0149212703108788 0.0160039477050304 0.0237385760992765 0.0331685990095139 0.0247127190232277 0.0197988618165255 0.0250370502471924 0.022407703101635 0.025922616943717 0.0254338756203651 0.0250948630273342 0.0315183475613594 0.0239840261638165 0.0251395888626575 0.0308782458305359 0.0410632379353046 0.0459404774010181 0.0619109570980072 0.0537363961338997
0.00464026303961873 0.00356335379183292 0.00411719875410199 0.00466211512684822 0.00512926233932376 0.00616317568346858 0.00702884839847684 0.00803514569997787 0.00970545317977667 0.0110726496204734 0.00933788623660803 0.0109770176932216 0.00951311364769936 0.01024279743433 0.0100923553109169 0.00882776640355587 0.00831693597137928 0.00787241570651531 0.00894326809793711 0.00839264038950205 0.00881541799753904 0.00794570613652468 0.0118477549403906 0.0125807011500001 0.0145308515056968 0.0180223919451237 0.0234990604221821 0.0371631979942322 0.0406212843954563 0.0283072926104069 0.0350169688463211 0.0346471481025219 0.035353995859623 0.0390365645289421 0.0434210784733295 0.0386738106608391 0.0341788195073605 0.0498196110129356 0.0327222384512424 0.0472275242209435 0.069614365696907 0.066866360604763 0.053991723805666
0.005590810906142 0.00596421398222446 0.00488053681328893 0.00570630235597491 0.0063249608501792 0.00694328546524048 0.0077958875335753 0.00906170625239611 0.0106791788712144 0.0112045295536518 0.0118184238672256 0.0118615152314305 0.0106266522780061 0.0110787907615304 0.0100553892552853 0.00969056505709887 0.00994558166712523 0.00911670364439487 0.00849567539989948 0.00840768404304981 0.00884278770536184 0.0078863687813282 0.00889032334089279 0.0137779042124748 0.0163840651512146 0.0188839230686426 0.0230933390557766 0.0290787033736706 0.0434232167899609 0.0308050327003002 0.0357935205101967 0.0415489710867405 0.0520504005253315 0.0592612773180008 0.0569564364850521 0.0597640872001648 0.0574523061513901 0.0608188919723034 0.0411906354129314 0.0458754189312458 0.0755173191428185 0.0789972171187401 0.0684733614325523
