data/climate_estimation/maxent_output/Wurmbea_graniticola.asc
NCOLS 147 
NROWS 37 
XLLCORNER 116.333333333333 
YLLCORNER -34 
CELLSIZE 0.0833333333333332 
NODATA_value -3.4e+38 
[rows 0 to 21 of 37, columns 0 to 47 of 147]
0.592938959598541 0.656080067157745 0.429569870233536 0.469772011041641 0.508536756038666 0.533829092979431 0.558949708938599 0.852928459644318 0.882519960403442 0.798271536827087 0.551986813545227 0.55178964138031 0.56571751832962 0.546282947063446 0.83563232421875 0.861150681972504 0.783465445041656 0.894318103790283 0.885142087936401 0.887689590454102 0.907800614833832 0.898229598999023 0.906451880931854 0.894366800785065 0.879978895187378 0.861537158489227 0.876008033752441 0.887479603290558 0.882426381111145 0.879037380218506 0.861169815063477 0.865723788738251 0.860668301582336 0.851215302944183 0.846776068210602 0.838600695133209 0.848475813865662 0.835699737071991 0.830887496471405 0.815188765525818 0.817660331726074 0.832686901092529 0.817303597927094 0.833356738090515 0.818167865276337 0.830404877662659 0.804518282413483 0.822123646736145
0.561567008495331 0.629774749279022 0.667104184627533 0.725371778011322 0.501666963100433 0.802144348621368 0.838998734951019 0.869154632091522 0.883219838142395 0.620030999183655 0.808618068695068 0.55461174249649 0.561868190765381 0.551724374294281 0.893292248249054 0.792442739009857 0.790560662746429 0.895825028419495 0.9135382771492 0.907474398612976 0.903716027736664 0.915460824966431 0.912078440189362 0.911619961261749 0.89915257692337 0.894938290119171 0.881151437759399 0.883095502853394 0.870119154453278 0.864799857139587 0.872390449047089 0.868428707122803 0.860543668270111 0.872643709182739 0.862529337406158 0.862839937210083 0.848434329032898 0.865547776222229 0.850090026855469 0.835871398448944 0.835613489151001 0.846394419670105 0.847523033618927 0.84650194644928 0.839023232460022 0.840640008449554 0.853077292442322 0.835150957107544
0.522213995456696 0.576737940311432 0.637771129608154 0.724191188812256 0.777093768119812 0.786931812763214 0.829699695110321 0.850870370864868 0.877513587474823 0.888159453868866 0.894498884677887 0.89815491437912 0.799711942672729 0.89757251739502 0.791705012321472 0.88497668504715 0.880893886089325 0.797653019428253 0.916416466236115 0.91406637430191 0.919199466705322 0.927495718002319 0.915089964866638 0.918043673038483 0.918449759483337 0.914361238479614 0.886681854724884 0.879732966423035 0.866971671581268 0.874458730220795 0.870338380336761 0.871237814426422 0.860983073711395 0.859060823917389 0.852572321891785 0.872974932193756 0.865069806575775 0.874468922615051 0.854455888271332 0.858389377593994 0.863095760345459 0.866369426250458 0.865951240062714 0.845843315124512 0.849997878074646 0.872066140174866 0.832562744617462 0.835256040096283
0.474835991859436 0.560121119022369 0.603573262691498 0.685978531837463 0.747044444084167 0.798102676868439 0.832115411758423 0.845519363880157 0.865419983863831 0.886823713779449 0.894236505031586 0.895835697650909 0.637356758117676 0.900032162666321 0.892251551151276 0.889866173267365 0.888323724269867 0.8019779920578 0.810649156570435 0.924848437309265 0.924433171749115 0.921407878398895 0.931608200073242 0.93420547246933 0.925481081008911 0.910849988460541 0.898995757102966 0.890060484409332 0.86398184299469 0.84980696439743 0.872298836708069 0.888097107410431 0.853139519691467 0.855810463428497 0.871695101261139 0.875097334384918 0.875541210174561 0.874770939350128 0.849089384078979 0.857668161392212 0.880035579204559 0.88030993938446 0.88517963886261 0.851401507854462 0.831310212612152 0.849860429763794 0.817856132984161 0.826522707939148
0.420083403587341 0.515495896339417 0.592853605747223 0.649871468544006 0.734515428543091 0.779288053512573 0.803409039974213 0.85169506072998 0.597756922245026 0.608954966068268 0.635835587978363 0.622721433639526 0.648856401443481 0.642624735832214 0.895648956298828 0.886793494224548 0.8901127576828 0.890561640262604 0.906822144985199 0.934540748596191 0.934092164039612 0.924001932144165 0.933109819889069 0.937243938446045 0.917295694351196 0.920000612735748 0.906576037406921 0.903050720691681 0.872835636138916 0.856622278690338 0.865980863571167 0.856491386890411 0.855612277984619 0.883524596691132 0.872691035270691 0.876078486442566 0.881636679172516 0.868408620357513 0.882885694503784 0.891795098781586 0.88348114490509 0.865943908691406 0.871131241321564 0.858951508998871 0.835282444953918 0.857043147087097 0.85837322473526 0.872297883033752
0.47846195101738 0.477705657482147 0.558154344558716 0.627142608165741 0.701845347881317 0.763157904148102 0.793559670448303 0.54802280664444 0.589417040348053 0.587237417697906 0.614287853240967 0.625651121139526 0.638201534748077 0.645619928836823 0.896683990955353 0.900076389312744 0.897234916687012 0.970665812492371 0.970741450786591 0.97111701965332 0.971777260303497 0.977098286151886 0.982441961765289 0.980783402919769 0.906483590602875 0.908578097820282 0.890348494052887 0.88542777299881 0.875303328037262 0.858229637145996 0.864727258682251 0.871241867542267 0.862525165081024 0.891246140003204 0.879997730255127 0.88269305229187 0.901535749435425 0.883863091468811 0.863993704319 0.879322588443756 0.883184969425201 0.881956458091736 0.880634963512421 0.817015707492828 0.832837462425232 0.869030952453613 0.862581610679626 0.82554042339325
0.301690310239792 0.229521051049232 0.493805944919586 0.591447174549103 0.682993352413177 0.749892294406891 0.788527965545654 0.541249573230743 0.560635030269623 0.58719801902771 0.588537216186523 0.622926473617554 0.638794541358948 0.626264989376068 0.898733615875244 0.881369948387146 0.96805340051651 0.971652030944824 0.973728477954865 0.976456701755524 0.975565016269684 0.980102360248566 0.983555555343628 0.974366307258606 0.969489634037018 0.888707756996155 0.90220046043396 0.870100378990173 0.840773820877075 0.86622142791748 0.851572751998901 0.872962594032288 0.883068978786469 0.872870743274689 0.872771859169006 0.88238126039505 0.88149231672287 0.883668899536133 0.868589758872986 0.897140443325043 0.900815486907959 0.882888436317444 0.832866370677948 0.819989740848541 0.833057284355164 0.868467748165131 0.84521758556366 0.774755537509918
0.290280133485794 0.207492262125015 0.253522306680679 0.32827240228653 0.391650915145874 0.719495117664337 0.753674507141113 0.517149567604065 0.558793067932129 0.580376267433167 0.602797150611877 0.617703676223755 0.62250953912735 0.634433269500732 0.875564694404602 0.884339451789856 0.880521237850189 0.971451342105865 0.974272310733795 0.976416528224945 0.980634033679962 0.977910220623016 0.984253227710724 0.976154923439026 0.970353305339813 0.865764558315277 0.894592583179474 0.885307610034943 0.867607653141022 0.847755968570709 0.853392720222473 0.876054644584656 0.88867199420929 0.876600742340088 0.872943460941315 0.890647053718567 0.88687127828598 0.888696253299713 0.861439943313599 0.896011173725128 0.878353357315063 0.866222560405731 0.821899473667145 0.83750981092453 0.854528486728668 0.860353171825409 0.84025239944458 0.767454862594604
0.213113099336624 0.282467126846313 0.21288375556469 0.298244178295135 0.368494778871536 0.714848041534424 0.750171601772308 0.503670930862427 0.294986367225647 0.554480791091919 0.580786406993866 0.599307596683502 0.61951744556427 0.634831607341766 0.888097047805786 0.879013478755951 0.866764008998871 0.891271770000458 0.972917377948761 0.97494250535965 0.979495763778687 0.979636311531067 0.98393189907074 0.976711273193359 0.974084854125977 0.964513421058655 0.875894546508789 0.880090057849884 0.880546152591705 0.8463294506073 0.844779491424561 0.86895352602005 0.888836920261383 0.87348860502243 0.852470815181732 0.87344229221344 0.855740427970886 0.86010730266571 0.875940203666687 0.893827080726624 0.879022896289825 0.866101026535034 0.847714722156525 0.803243696689606 0.811249315738678 0.836239874362946 0.831597089767456 0.751954078674316
0.201950624585152 0.321225434541702 0.341043204069138 0.254424422979355 0.322173357009888 0.390585839748383 0.455016851425171 0.261038213968277 0.512843132019043 0.52389520406723 0.543456196784973 0.577928245067596 0.595209181308746 0.619506061077118 0.895942091941833 0.886131107807159 0.897703886032104 0.972655594348907 0.974877893924713 0.975659191608429 0.974404454231262 0.979203522205353 0.981359481811523 0.982877492904663 0.974200367927551 0.973187565803528 0.96408474445343 0.871483266353607 0.864800572395325 0.852219820022583 0.832981526851654 0.849438309669495 0.88224869966507 0.890734791755676 0.870272159576416 0.865431129932404 0.860675692558289 0.874270439147949 0.895479321479797 0.898257613182068 0.871688723564148 0.856091320514679 0.80390477180481 0.809729874134064 0.815275311470032 0.832161843776703 0.773840308189392 0.724069476127625
0.178481966257095 0.268527984619141 0.389799386262894 0.381816148757935 0.286424040794373 0.355382919311523 0.394523173570633 0.435744792222977 0.477960795164108 0.495451480150223 0.507527649402618 0.556508302688599 0.580459356307983 0.614156723022461 0.9004927277565 0.899333417415619 0.913724720478058 0.904888212680817 0.974007487297058 0.973979771137238 0.976529479026794 0.976476490497589 0.975809693336487 0.976195812225342 0.973646998405457 0.973478198051453 0.973681926727295 0.882955849170685 0.885928571224213 0.867899060249329 0.854250133037567 0.824071764945984 0.860242545604706 0.866285860538483 0.845851838588715 0.878720939159393 0.886962831020355 0.898023843765259 0.883807182312012 0.959329307079315 0.956664502620697 0.940764844417572 0.937828779220581 0.94515186548233 0.939402043819427 0.828207969665527 0.89986652135849 0.834799230098724
0.119421377778053 0.206585109233856 0.297924906015396 0.415394395589828 0.444823890924454 0.310801237821579 0.370051443576813 0.409656256437302 0.431060463190079 0.48220357298851 0.521632373332977 0.525710105895996 0.589156746864319 0.633491575717926 0.659698784351349 0.886950314044952 0.892503798007965 0.917980492115021 0.917168736457825 0.930940568447113 0.979788959026337 0.978814482688904 0.978191018104553 0.974944770336151 0.969345808029175 0.965761125087738 0.872071504592896 0.863579511642456 0.85923558473587 0.86357718706131 0.866494059562683 0.838204920291901 0.852156639099121 0.835543692111969 0.832799017429352 0.836461007595062 0.867576479911804 0.966829836368561 0.965741574764252 0.955189883708954 0.949602663516998 0.940733194351196 0.937532544136047 0.931331813335419 0.929932236671448 0.891466081142426 0.888481378555298 0.847131550312042
0.0894279927015305 0.177684590220451 0.306389689445496 0.358685612678528 0.520391523838043 0.296514093875885 0.348284125328064 0.394747614860535 0.430967211723328 0.462233126163483 0.478151142597198 0.517222821712494 0.559538543224335 0.600936889648438 0.621256351470947 0.866501867771149 0.885258436203003 0.909517824649811 0.919391810894012 0.922589242458344 0.923901975154877 0.982791841030121 0.973968505859375 0.977388799190521 0.967274725437164 0.971210956573486 0.965018093585968 0.872390031814575 0.892974019050598 0.884356737136841 0.874710977077484 0.862528502941132 0.852493286132812 0.818308174610138 0.830806374549866 0.853569030761719 0.864660501480103 0.957466125488281 0.963587582111359 0.9534912109375 0.94374805688858 0.939388871192932 0.941350817680359 0.931396543979645 0.912497937679291 0.874049365520477 0.843302965164185 0.78501969575882
0.0613727532327175 0.123522147536278 0.241268679499626 0.372336119413376 0.485661864280701 0.492894142866135 0.329372376203537 0.364059150218964 0.42123618721962 0.43474754691124 0.495234757661819 0.520732164382935 0.570508003234863 0.596456468105316 0.630252182483673 0.616043269634247 0.63075464963913 0.8843132853508 0.913727045059204 0.906886696815491 0.912580668926239 0.974589169025421 0.976272821426392 0.975305557250977 0.975557386875153 0.969587683677673 0.973650217056274 0.964457333087921 0.973147511482239 0.893836319446564 0.892912328243256 0.870543003082275 0.847460448741913 0.849700212478638 0.851138651371002 0.955647826194763 0.958861708641052 0.956292331218719 0.954849481582642 0.955785870552063 0.93937361240387 0.93022346496582 0.927878618240356 0.923902153968811 0.892894208431244 0.879005193710327 0.841267585754395 0.796522378921509
0.0491512008011341 0.0994298234581947 0.218671470880508 0.340053886175156 0.349588364362717 0.477508813142776 0.336295545101166 0.388734400272369 0.409840017557144 0.435712814331055 0.500956535339355 0.527289271354675 0.581654667854309 0.581173598766327 0.559489071369171 0.587933599948883 0.577814340591431 0.849914848804474 0.867731809616089 0.877278983592987 0.886472105979919 0.901013135910034 0.973800420761108 0.971924662590027 0.974104166030884 0.970816910266876 0.972156405448914 0.967888176441193 0.969577729701996 0.871679484844208 0.8828284740448 0.865517199039459 0.853145599365234 0.969951152801514 0.964878678321838 0.954046308994293 0.956541955471039 0.951205193996429 0.952596008777618 0.946494221687317 0.932329773902893 0.923025727272034 0.924000680446625 0.902002096176147 0.891507148742676 0.862693190574646 0.836601495742798 0.750062942504883
0.0356503501534462 0.0872593000531197 0.164177417755127 0.324554204940796 0.47513684630394 0.470581740140915 0.320271790027618 0.402043014764786 0.428517162799835 0.471598982810974 0.505228817462921 0.540210485458374 0.552163660526276 0.55194365978241 0.571835875511169 0.551304340362549 0.571002423763275 0.556177318096161 0.826302826404572 0.840859532356262 0.874479711055756 0.881599843502045 0.955511927604675 0.962736129760742 0.969045042991638 0.963375329971313 0.97071361541748 0.964053750038147 0.862982571125031 0.849989056587219 0.82316929101944 0.955965757369995 0.959244191646576 0.975062489509583 0.964392483234406 0.962890028953552 0.967378556728363 0.945881187915802 0.939022839069366 0.939553380012512 0.93355655670166 0.928274273872375 0.901259303092957 0.885351300239563 0.869103133678436 0.858822822570801 0.830096065998077 0.761749565601349
0.0326623059809208 0.0715818181633949 0.157252937555313 0.305255591869354 0.444482326507568 0.401644498109818 0.500504851341248 0.352733373641968 0.399895548820496 0.443467676639557 0.458454728126526 0.484225630760193 0.497407227754593 0.494983702898026 0.508847415447235 0.537310004234314 0.515491247177124 0.494323879480362 0.500521540641785 0.826811015605927 0.845178544521332 0.858943521976471 0.946326613426208 0.950535476207733 0.965331971645355 0.96360456943512 0.963516175746918 0.958876967430115 0.953005969524384 0.959653377532959 0.959815740585327 0.959808051586151 0.958665549755096 0.973900437355042 0.970222532749176 0.958092629909515 0.965685307979584 0.948114037513733 0.938874006271362 0.931410670280457 0.919098079204559 0.925476014614105 0.906518161296844 0.890088260173798 0.853346705436707 0.845050156116486 0.851560294628143 0.792255282402039
0.0328130684792995 0.0682367831468582 0.135922491550446 0.254191994667053 0.397534847259521 0.389973044395447 0.432977885007858 0.290989518165588 0.348424643278122 0.364635974168777 0.39599397778511 0.448912292718887 0.485229164361954 0.489924699068069 0.493872404098511 0.48167809844017 0.503168165683746 0.478301852941513 0.488999485969543 0.779670238494873 0.826085925102234 0.847318708896637 0.948375403881073 0.945466101169586 0.957152545452118 0.955576360225677 0.964536905288696 0.963575541973114 0.957925975322723 0.968354344367981 0.96654999256134 0.970135867595673 0.96134227514267 0.970781087875366 0.967303216457367 0.95623379945755 0.952932894229889 0.947512626647949 0.943706214427948 0.934941112995148 0.920731961727142 0.91681170463562 0.891801118850708 0.874471187591553 0.854291319847107 0.848475694656372 0.814147710800171 0.815840899944305
0.0294150058180094 0.0660891234874725 0.131850048899651 0.235328495502472 0.344630062580109 0.362971901893616 0.411345958709717 0.433800786733627 0.2953280210495 0.311680734157562 0.331865459680557 0.392353683710098 0.415167421102524 0.448398649692535 0.48033794760704 0.465570449829102 0.488013386726379 0.483405590057373 0.469936490058899 0.777912259101868 0.806383728981018 0.832786083221436 0.942671537399292 0.941684484481812 0.952939808368683 0.96086311340332 0.961787223815918 0.96883487701416 0.968358039855957 0.971817433834076 0.974922776222229 0.971727550029755 0.971381902694702 0.966056525707245 0.952913165092468 0.955257177352905 0.954514145851135 0.937261879444122 0.930100619792938 0.915002942085266 0.909629881381989 0.9063720703125 0.886832296848297 0.852649509906769 0.840992093086243 0.825839519500732 0.812252342700958 0.747421860694885
0.020015275105834 0.0457420013844967 0.0976505279541016 0.230893850326538 0.337078124284744 0.448049575090408 0.526447653770447 0.402977526187897 0.45606791973114 0.483294129371643 0.54754376411438 0.578714609146118 0.361763298511505 0.436014473438263 0.471569657325745 0.492197126150131 0.479119777679443 0.477019757032394 0.468272298574448 0.757867991924286 0.796992719173431 0.82061755657196 0.934705495834351 0.93488085269928 0.945730328559875 0.956925272941589 0.961487233638763 0.958208858966827 0.956051707267761 0.966678738594055 0.959752142429352 0.954975843429565 0.9540736079216 0.944281399250031 0.938437402248383 0.945846557617188 0.943654298782349 0.932731509208679 0.911445736885071 0.897367358207703 0.884578227996826 0.854977607727051 0.851185619831085 0.852955639362335 0.813175857067108 0.782094180583954 0.759939968585968 0.723157703876495
0.021728547289967 0.0244763121008873 0.0544610247015953 0.271403819322586 0.351324439048767 0.457017123699188 0.524506568908691 0.424874722957611 0.465542644262314 0.48312896490097 0.514277517795563 0.528845906257629 0.34352907538414 0.408856004476547 0.457896322011948 0.476404458284378 0.482308059930801 0.469241470098495 0.461941778659821 0.758314788341522 0.800289928913116 0.795228362083435 0.926250874996185 0.936839401721954 0.935593664646149 0.9514479637146 0.947261691093445 0.940349757671356 0.944073677062988 0.950697124004364 0.942654550075531 0.943927586078644 0.936355173587799 0.942134857177734 0.923359751701355 0.926056265830994 0.922225296497345 0.922724187374115 0.903062522411346 0.89064633846283 0.849916815757751 0.819604635238647 0.821560621261597 0.79953533411026 0.80215859413147 0.771457016468048 0.744133532047272 0.703129649162292
0.0102027105167508 0.027166435495019 0.0579839237034321 0.267627209424973 0.372467756271362 0.453168481588364 0.4992516040802 0.539374530315399 0.549306690692902 0.627875089645386 0.516974151134491 0.517803847789764 0.57619446516037 0.389061570167542 0.483341902494431 0.502617418766022 0.511371314525604 0.464335113763809 0.476992219686508 0.747179746627808 0.743081152439117 0.77688592672348 0.919595718383789 0.919977605342865 0.932175934314728 0.943772494792938 0.943307638168335 0.948817908763885 0.940420925617218 0.942424654960632 0.937383472919464 0.911710441112518 0.925429999828339 0.920268714427948 0.905417680740356 0.908112585544586 0.904803037643433 0.881286382675171 0.871087431907654 0.860484719276428 0.858402907848358 0.816049695014954 0.767487585544586 0.778908371925354 0.751922011375427 0.743853330612183 0.709161221981049 0.661287903785706
