data/climate_estimation/maxent_output/Wurmbea_pygmaea.asc
NCOLS 48 
NROWS 80 
XLLCORNER 114 
YLLCORNER -33.75 
CELLSIZE 0.0833333333333333 
NODATA_value -3.4e+38 
[rows 22 to 43 of 80, columns 0 to 47 of 48]
-3.4e+38 -3.4e+38 -3.4e+38 -3.4e+38 -3.4e+38 -3.4e+38 -3.4e+38 -3.4e+38 0.867728710174561 0.90416407585144 0.910875916481018 0.999808609485626 0.996020019054413 0.995458006858826 0.985480129718781 0.977952182292938 0.967218816280365 0.909980416297913 0.881574273109436 0.801433920860291 0.740284085273743 0.671640038490295 0.620330154895782 0.453377842903137 0.216176003217697 0.170607715845108 0.136668145656586 0.105955690145493 0.0811974927783012 0.071282371878624 0.0719850584864616 0.0588187724351883 0.0514180846512318 0.0420542098581791 0.0417237095534801 0.0443884581327438 0.0370490103960037 0.038150817155838 0.0346300005912781 0.0340026095509529 0.0337738022208214 0.0379566922783852 0.0342851728200912 0.0346264205873013 0.0446757860481739 0.0443298853933811 0.0357937403023243 0.0301972720772028
-3.4e+38 -3.4e+38 -3.4e+38 -3.4e+38 -3.4e+38 -3.4e+38 -3.4e+38 -3.4e+38 -3.4e+38 0.897331833839417 0.892206370830536 0.995506048202515 0.975252568721771 0.996855199337006 0.988653957843781 0.982868313789368 0.93278968334198 0.90801477432251 0.863588511943817 0.836580812931061 0.749623656272888 0.761351048946381 0.623838484287262 0.536328256130219 0.206916362047195 0.194095551967621 0.123558044433594 0.118713349103928 0.0935071259737015 0.0786824002861977 0.0849000290036201 0.0739487633109093 0.0673220604658127 0.0539416074752808 0.0489137880504131 0.045138768851757 0.0430273041129112 0.0387983806431293 0.0408506877720356 0.0476356148719788 0.0415510274469852 0.0414336547255516 0.0377962999045849 0.0413534753024578 0.0425523556768894 0.040696706622839 0.0421465747058392 0.0316036231815815
-3.4e+38 -3.4e+38 -3.4e+38 -3.4e+38 -3.4e+38 -3.4e+38 -3.4e+38 -3.4e+38 -3.4e+38 -3.4e+38 0.889379262924194 0.888221859931946 0.991814911365509 0.965241432189941 0.956220626831055 0.98304283618927 0.956079602241516 0.871058821678162 0.856504738330841 0.879055202007294 0.792363345623016 0.725017905235291 0.592400848865509 0.476465076208115 0.211517706513405 0.176894173026085 0.16089753806591 0.119973182678223 0.102647356688976 0.087222546339035 0.0871042683720589 0.0865848511457443 0.0694025233387947 0.0640406012535095 0.0584817230701447 0.0608316101133823 0.0471269153058529 0.0511405728757381 0.0463322699069977 0.0466077364981174 0.0461922027170658 0.0467897094786167 0.0477798171341419 0.0414596199989319 0.0450279377400875 0.0442774146795273 0.0442352220416069 0.0341754108667374
-3.4e+38 -3.4e+38 -3.4e+38 -3.4e+38 -3.4e+38 -3.4e+38 -3.4e+38 -3.4e+38 -3.4e+38 -3.4e+38 0.880986988544464 0.884040772914886 0.873618423938751 0.957004368305206 0.951150298118591 0.905916392803192 0.943230211734772 0.910208404064178 0.882440090179443 0.842320561408997 0.791971564292908 0.755074024200439 0.637649834156036 0.491008967161179 0.212904080748558 0.204296112060547 0.160762265324593 0.139856234192848 0.128273904323578 0.102042846381664 0.0927364453673363 0.0888067111372948 0.0913008749485016 0.0713286846876144 0.0644881054759026 0.0672679170966148 0.0581555292010307 0.057823047041893 0.0536137484014034 0.0571919307112694 0.0531811714172363 0.0522086173295975 0.0512690544128418 0.0530879683792591 0.048746757209301 0.045148354023695 0.038526177406311 0.0347803495824337
-3.4e+38 -3.4e+38 -3.4e+38 -3.4e+38 -3.4e+38 -3.4e+38 -3.4e+38 -3.4e+38 -3.4e+38 -3.4e+38 0.868742227554321 0.872568547725677 0.989252150058746 0.950684130191803 0.949232697486877 0.981131076812744 0.96431028842926 0.939762115478516 0.899048447608948 0.869260489940643 0.74718576669693 0.698814034461975 0.625975906848907 0.601458668708801 0.269832193851471 0.2495376765728 0.178455114364624 0.134198367595673 0.126335054636002 0.115193910896778 0.113422133028507 0.104581564664841 0.0947322025895119 0.0928790718317032 0.0785747468471527 0.0726028755307198 0.0635146722197533 0.0707586780190468 0.0668059960007668 0.0688728019595146 0.0645070746541023 0.050514779984951 0.062397375702858 0.00937422085553408 0.0574364252388477 0.0519793070852757 0.0449605956673622 0.0400911271572113
-3.4e+38 -3.4e+38 -3.4e+38 -3.4e+38 -3.4e+38 -3.4e+38 -3.4e+38 -3.4e+38 -3.4e+38 -3.4e+38 -3.4e+38 0.989571988582611 0.986920177936554 0.98544979095459 0.985831141471863 0.979293406009674 0.959025859832764 0.959377408027649 0.913651943206787 0.858997046947479 0.775755405426025 0.772285759449005 0.662769913673401 0.64880895614624 0.286478966474533 0.249420031905174 0.231931373476982 0.169482514262199 0.146936744451523 0.135845422744751 0.122266441583633 0.114322327077389 0.0924951583147049 0.107480123639107 0.0905213877558708 0.0909732356667519 0.0723887085914612 0.0670857429504395 0.0687879472970963 0.0676485449075699 0.0603731051087379 0.0697590708732605 0.0629169046878815 0.055690947920084 0.0585965476930141 0.0504888705909252 0.0551700182259083 0.0513183586299419
-3.4e+38 -3.4e+38 -3.4e+38 -3.4e+38 -3.4e+38 -3.4e+38 -3.4e+38 -3.4e+38 -3.4e+38 -3.4e+38 -3.4e+38 0.986436128616333 0.999136328697205 0.998683989048004 0.993071615695953 0.981580495834351 0.981728851795197 0.966375172138214 0.928299188613892 0.897519528865814 0.839558660984039 0.738435506820679 0.707984626293182 0.638393521308899 0.328151285648346 0.303468585014343 0.224818930029869 0.210954666137695 0.190569251775742 0.148091897368431 0.133629411458969 0.135638669133186 0.112101659178734 0.125747665762901 0.114397175610065 0.106588669121265 0.095605693757534 0.0856706947088242 0.0893314629793167 0.08592439442873 0.0707325488328934 0.0637216195464134 0.0780043378472328 0.0658823773264885 0.0684606581926346 0.0732702314853668 0.0636548027396202 0.0499743334949017
-3.4e+38 -3.4e+38 -3.4e+38 -3.4e+38 -3.4e+38 -3.4e+38 -3.4e+38 -3.4e+38 -3.4e+38 -3.4e+38 -3.4e+38 0.986836075782776 0.999112784862518 0.998393714427948 0.990455389022827 0.992619276046753 0.978075444698334 0.960530877113342 0.959132492542267 0.8999924659729 0.872464239597321 0.832723915576935 0.752324759960175 0.663734674453735 0.285303473472595 0.289083302021027 0.304227888584137 0.24483947455883 0.207439884543419 0.185682952404022 0.192251682281494 0.141786366701126 0.148735895752907 0.141685754060745 0.132250517606735 0.106802329421043 0.0987391099333763 0.107715480029583 0.110468789935112 0.0855124518275261 0.0790018364787102 0.085626058280468 0.0837949439883232 0.0683433935046196 0.0672636851668358 0.0593691319227219 0.0531518012285233 0.0603512600064278
-3.4e+38 -3.4e+38 -3.4e+38 -3.4e+38 -3.4e+38 -3.4e+38 -3.4e+38 -3.4e+38 -3.4e+38 -3.4e+38 -3.4e+38 0.986800014972687 0.98668509721756 0.997563242912292 0.996842384338379 0.96640419960022 0.974380731582642 0.976874649524689 0.965862810611725 0.924186229705811 0.880245208740234 0.841871738433838 0.764350473880768 0.710768461227417 0.713340520858765 0.354810237884521 0.302014887332916 0.307141155004501 0.248525932431221 0.225389689207077 0.194914191961288 0.206256181001663 0.157560348510742 0.183048129081726 0.145863905549049 0.137181326746941 0.138013631105423 0.125889822840691 0.115952491760254 0.10392776876688 0.0926828980445862 0.0873749777674675 0.0915996506810188 0.081791065633297 0.0735388621687889 0.0638231262564659 0.0628504976630211 0.0526583641767502
-3.4e+38 -3.4e+38 -3.4e+38 -3.4e+38 -3.4e+38 -3.4e+38 -3.4e+38 -3.4e+38 -3.4e+38 -3.4e+38 -3.4e+38 0.987100422382355 0.986367404460907 0.97528749704361 0.995905339717865 0.990152180194855 0.967939555644989 0.970150947570801 0.980997741222382 0.953056573867798 0.911756038665771 0.864368677139282 0.815281987190247 0.762154340744019 0.728755176067352 0.69434666633606 0.299661040306091 0.320273220539093 0.297550052404404 0.308728009462357 0.249604523181915 0.210044354200363 0.217466875910759 0.180936604738235 0.167995676398277 0.157678201794624 0.134547173976898 0.12347275018692 0.134906247258186 0.128980681300163 0.119503065943718 0.0878994464874268 0.105640135705471 0.104647867381573 0.0920481309294701 0.0727009102702141 0.066046267747879 0.0619687736034393
-3.4e+38 -3.4e+38 -3.4e+38 -3.4e+38 -3.4e+38 -3.4e+38 -3.4e+38 -3.4e+38 -3.4e+38 -3.4e+38 -3.4e+38 0.84287029504776 0.983525693416595 0.979170322418213 0.963923633098602 0.988916635513306 0.958931982517242 0.97163313627243 0.981011211872101 0.964625537395477 0.954097092151642 0.921678960323334 0.853882074356079 0.835752189159393 0.792890131473541 0.795310318470001 0.746789753437042 0.370319545269012 0.366904586553574 0.302847772836685 0.266609758138657 0.253503143787384 0.232986137270927 0.228644624352455 0.209764823317528 0.177238181233406 0.166420146822929 0.159479558467865 0.167499735951424 0.136353597044945 0.121859326958656 0.116745457053185 0.0900649130344391 0.0924293175339699 0.0892225131392479 0.0908741354942322 0.0808340534567833 0.0607295595109463
-3.4e+38 -3.4e+38 -3.4e+38 -3.4e+38 -3.4e+38 -3.4e+38 -3.4e+38 -3.4e+38 -3.4e+38 -3.4e+38 -3.4e+38 0.844737589359283 0.853065729141235 0.984990239143372 0.970401287078857 0.989966154098511 0.976999700069427 0.979884028434753 0.978215873241425 0.988455355167389 0.951075792312622 0.931470334529877 0.886993646621704 0.840490460395813 0.799875557422638 0.80795431137085 0.806656837463379 0.727278411388397 0.370705097913742 0.319030046463013 0.26213338971138 0.291086226701736 0.301657646894455 0.249572291970253 0.241785168647766 0.217290103435516 0.195255294442177 0.159706518054008 0.149601176381111 0.134864315390587 0.12237062305212 0.117469735443592 0.113713406026363 0.0941919311881065 0.0967476740479469 0.0894479006528854 0.0786436498165131 0.0633832514286041
-3.4e+38 -3.4e+38 -3.4e+38 -3.4e+38 -3.4e+38 -3.4e+38 -3.4e+38 -3.4e+38 -3.4e+38 -3.4e+38 -3.4e+38 0.805448234081268 0.844223260879517 0.855555474758148 0.986865997314453 0.995721340179443 0.986657381057739 0.986825287342072 0.992958843708038 0.988691508769989 0.977337837219238 0.961348056793213 0.934424519538879 0.912203252315521 0.887677550315857 0.835517823696136 0.809493958950043 0.777716517448425 0.758279502391815 0.701609313488007 0.336779087781906 0.35048708319664 0.3264519572258 0.306612193584442 0.26576241850853 0.271025985479355 0.219614714384079 0.196530863642693 0.193739339709282 0.166099265217781 0.135419994592667 0.152101054787636 0.135613486170769 0.11566748470068 0.105669677257538 0.0950843989849091 0.0839331895112991 0.0738906264305115
-3.4e+38 -3.4e+38 -3.4e+38 -3.4e+38 -3.4e+38 -3.4e+38 -3.4e+38 -3.4e+38 -3.4e+38 -3.4e+38 -3.4e+38 0.751735329627991 0.795026421546936 0.68180775642395 0.98569667339325 0.998765468597412 0.990863800048828 0.993692100048065 0.994879543781281 0.993838965892792 0.992847740650177 0.984447538852692 0.964578866958618 0.947479486465454 0.887462496757507 0.888716161251068 0.829155445098877 0.812793552875519 0.802123606204987 0.772866189479828 0.399581015110016 0.356653422117233 0.397908240556717 0.300315499305725 0.321886986494064 0.273770600557327 0.242057085037231 0.209742590785027 0.17955157160759 0.161134108901024 0.16554269194603 0.155819594860077 0.15730619430542 0.120888456702232 0.116425961256027 0.106127515435219 0.0958878621459007 0.0804911851882935
-3.4e+38 -3.4e+38 -3.4e+38 -3.4e+38 -3.4e+38 -3.4e+38 -3.4e+38 -3.4e+38 -3.4e+38 -3.4e+38 -3.4e+38 0.266850858926773 0.566385388374329 0.840143382549286 0.947403311729431 0.977613389492035 0.988378167152405 0.993208050727844 0.993183970451355 0.994035720825195 0.996891498565674 0.988056719303131 0.984940350055695 0.957869529724121 0.93499630689621 0.898927628993988 0.849968910217285 0.85079562664032 0.824058949947357 0.799182116985321 0.809577345848083 0.793064475059509 0.380416929721832 0.388105362653732 0.322799652814865 0.311452120542526 0.292974531650543 0.235755294561386 0.218071907758713 0.214600905776024 0.200218632817268 0.162707760930061 0.158404856920242 0.122344091534615 0.126740708947182 0.1058564260602 0.112978003919125 0.0962491184473038
-3.4e+38 -3.4e+38 -3.4e+38 -3.4e+38 -3.4e+38 -3.4e+38 -3.4e+38 -3.4e+38 -3.4e+38 -3.4e+38 -3.4e+38 0.184757217764854 0.202777922153473 0.480830013751984 0.807788491249084 0.97157746553421 0.991354942321777 0.989791870117188 0.995261251926422 0.997125625610352 0.996764838695526 0.994937181472778 0.987160623073578 0.969437777996063 0.921236038208008 0.929388523101807 0.897221148014069 0.84657609462738 0.850211620330811 0.793929040431976 0.801230728626251 0.804996848106384 0.834329187870026 0.750758171081543 0.341613680124283 0.349275976419449 0.330153793096542 0.290414422750473 0.272234529256821 0.237188667058945 0.224243372678757 0.183285549283028 0.160091981291771 0.145690336823463 0.123396903276443 0.111601479351521 0.0976449623703957 0.0906178206205368
-3.4e+38 -3.4e+38 -3.4e+38 -3.4e+38 -3.4e+38 -3.4e+38 -3.4e+38 -3.4e+38 -3.4e+38 -3.4e+38 -3.4e+38 -3.4e+38 0.146905735135078 0.398449569940567 0.521042048931122 0.87196296453476 0.964532256126404 0.985813558101654 0.993381917476654 0.993639707565308 0.988943219184875 0.99580979347229 0.99333119392395 0.967163503170013 0.947969138622284 0.933315634727478 0.900939047336578 0.850609123706818 0.845490157604218 0.826916873455048 0.860791921615601 0.854830801486969 0.865642189979553 0.805704355239868 0.352858036756516 0.305022209882736 0.330967456102371 0.303979307413101 0.280788749456406 0.237401604652405 0.216140910983086 0.210652440786362 0.193675458431244 0.167912751436234 0.149084314703941 0.125870034098625 0.115279316902161 0.100888125598431
-3.4e+38 -3.4e+38 -3.4e+38 -3.4e+38 -3.4e+38 -3.4e+38 -3.4e+38 -3.4e+38 -3.4e+38 -3.4e+38 -3.4e+38 -3.4e+38 0.125099629163742 0.321367263793945 0.733417689800262 0.885965347290039 0.993155837059021 0.998965263366699 0.999495565891266 0.979738235473633 0.993705570697784 0.996690034866333 0.995976209640503 0.991604447364807 0.956534028053284 0.93168318271637 0.914729356765747 0.873446583747864 0.829477369785309 0.804908454418182 0.843712329864502 0.827987849712372 0.849814474582672 0.825704634189606 0.744329154491425 0.341035455465317 0.317323803901672 0.305920779705048 0.27991709113121 0.272026360034943 0.230689942836761 0.230876863002777 0.204150944948196 0.181031852960587 0.177118793129921 0.149624958634377 0.111508220434189 0.0951201245188713
-339999999999999996123846586046231871488.000000000000000 -3.4e+38 -3.4e+38 -3.4e+38 -3.4e+38 -3.4e+38 -3.4e+38 -3.4e+38 -3.4e+38 -3.4e+38 -3.4e+38 -3.4e+38 0.107988432049751 0.282905757427216 0.368672877550125 0.930554330348969 0.995458424091339 0.998015522956848 0.999676287174225 0.989311397075653 0.993602097034454 0.999448478221893 0.998421847820282 0.990144908428192 0.97599470615387 0.934051275253296 0.924779534339905 0.885390877723694 0.84189510345459 0.823522627353668 0.811398327350616 0.808318972587585 0.802210807800293 0.806404590606689 0.808729290962219 0.79090029001236 0.35923233628273 0.328923553228378 0.270155102014542 0.291257977485657 0.223404377698898 0.202288180589676 0.227353185415268 0.200575739145279 0.189951583743095 0.128245621919632 0.15839883685112 0.0998009368777275
-3.4e+38 -3.4e+38 -3.4e+38 -3.4e+38 -3.4e+38 -3.4e+38 -3.4e+38 -3.4e+38 -3.4e+38 -3.4e+38 -3.4e+38 -3.4e+38 0.191743656992912 0.445049911737442 0.557874202728271 0.922908961772919 0.989754319190979 0.996754109859467 0.999890267848969 0.999833226203918 0.993314504623413 0.994045674800873 0.998424112796783 0.997710406780243 0.975247979164124 0.947970330715179 0.910112202167511 0.861549496650696 0.847157418727875 0.795235574245453 0.746085345745087 0.743895590305328 0.814345419406891 0.806250095367432 0.818588376045227 0.813265681266785 0.754306614398956 0.316189646720886 0.335001885890961 0.26043775677681 0.614871263504028 0.581666946411133 0.511325836181641 0.523958444595337 0.537459254264832 0.414265155792236 0.138227596879005 0.114960104227066
-3.4e+38 -3.4e+38 -3.4e+38 -3.4e+38 -3.4e+38 -3.4e+38 -3.4e+38 -3.4e+38 -3.4e+38 -3.4e+38 -3.4e+38 -3.4e+38 -3.4e+38 0.409721940755844 0.494920462369919 0.884117424488068 0.988152921199799 0.997083961963654 0.999830424785614 0.999926269054413 0.999901294708252 0.996817171573639 0.997954249382019 0.999389410018921 0.989708364009857 0.956178843975067 0.913725733757019 0.913708925247192 0.883970558643341 0.830732882022858 0.791773855686188 0.790560901165009 0.818646490573883 0.858596324920654 0.861612379550934 0.84324848651886 0.766488015651703 0.318454653024673 0.273136913776398 0.258642762899399 0.252173125743866 0.584391355514526 0.576955258846283 0.527020156383514 0.519532084465027 0.46830427646637 0.138136237859726 0.120475627481937
-3.4e+38 -3.4e+38 -3.4e+38 -3.4e+38 -3.4e+38 -3.4e+38 -3.4e+38 -3.4e+38 -3.4e+38 -3.4e+38 -3.4e+38 -3.4e+38 -3.4e+38 0.385484963655472 0.422862559556961 0.84064769744873 0.982463240623474 0.996758043766022 0.999841332435608 0.999947190284729 0.999975621700287 0.999906003475189 0.996875464916229 0.99861091375351 0.994259357452393 0.939138054847717 0.90714967250824 0.928613662719727 0.907431960105896 0.857104480266571 0.835967421531677 0.838219523429871 0.837256371974945 0.865735173225403 0.849973618984222 0.841859996318817 0.851958215236664 0.340663909912109 0.32921689748764 0.291666805744171 0.257824093103409 0.630804181098938 0.587194621562958 0.581121027469635 0.510164856910706 0.47432267665863 0.13114432990551 0.139459103345871
