data/climate_estimation/maxent_output/Wurmbea_punctata.asc
NCOLS 48 
NROWS 40 
XLLCORNER 18.25 
YLLCORNER -34.6666666666667 
CELLSIZE 0.0833333333333333 
NODATA_value -3.4e+38 
[rows 20 to 39 of 40, columns 0 to 44 of 48]
0.967002034187317 0.958057522773743 0.947441518306732 0.951006293296814 0.919293642044067 0.885987639427185 0.799778878688812 0.67490029335022 0.568221032619476 0.74296623468399 0.798868298530579 0.633745491504669 0.648929357528687 0.428564608097076 0.356183290481567 0.464676380157471 0.334187150001526 0.0305398125201464 0.00770692899823189 0.00593307241797447 0.00319083244539797 0.00201556994579732 0.00288827950134873 0.00366782210767269 0.00883735530078411 0.0188503228127956 0.0189799387007952 0.0238898359239101 0.0158532727509737 0.00998396519571543 0.000567804090678692 0.000503966235555708 0.000437142123701051 0.00115324987564236 0.00221257377415895 0.00143935543019325 0.00108743493910879 0.000959234836045653 0.000929447123780847 0.000823723094072193 0.00130654906388372 0.00160557683557272 0.00217776070348918 0.00256058410741389 0.00164537178352475
0.957837402820587 0.957864105701447 0.957581877708435 0.94869464635849 0.931600093841553 0.880353569984436 0.769913196563721 0.693933427333832 0.557584345340729 0.588027238845825 0.847482025623322 0.764150321483612 0.706535816192627 0.326512396335602 0.229190170764923 0.527101337909698 0.41475585103035 0.0859060510993004 0.0100630838423967 0.00524525530636311 0.00507591525092721 0.00564714893698692 0.00619706185534596 0.00628368463367224 0.00641819182783365 0.00779629312455654 0.0078518483787775 0.0103382896631956 0.00831958837807178 0.000497341621667147 0.000479988229926676 0.000218019733438268 0.000436093716416508 0.000659437209833413 0.00152371823787689 0.00174785836134106 0.00206582131795585 0.00220358185470104 0.00178298947867006 0.00140362163074315 0.00154647894669324 0.00235793250612915 0.00204055034555495 0.00204047164879739 0.00254278955981135
0.941301345825195 0.953289806842804 0.932909846305847 0.944476842880249 0.948500096797943 0.924472093582153 0.822996914386749 0.784286081790924 0.634194791316986 0.740667581558228 0.556244730949402 0.656565368175507 0.662281394004822 0.715717673301697 0.619749486446381 0.623398005962372 0.638353765010834 0.149925619363785 0.0321405231952667 0.0204083453863859 0.0195767395198345 0.0459594503045082 0.0376618877053261 0.0252904091030359 0.0170651283115149 0.0183180887252092 0.0216426104307175 0.0207139030098915 0.0159372687339783 0.0120482379570603 0.000257541134487838 0.000278659106697887 0.000552322424482554 0.00111591967288405 0.00236569810658693 0.00511880498379469 0.00530311092734337 0.00441510649397969 0.00450083101168275 0.00348353944718838 0.00237340573221445 0.00261885044164956 0.00240189069882035 0.00369575223885477 0.00573948444798589
0.943268239498138 0.963422358036041 0.947967112064362 0.964428663253784 0.964151263237 0.923443675041199 0.886881530284882 0.824749946594238 0.662191212177277 0.622248589992523 0.466638654470444 0.669165790081024 0.578559279441833 0.533128261566162 0.684957802295685 0.64694619178772 0.615250527858734 0.54603111743927 0.22064121067524 0.160626336932182 0.058236125856638 0.0380086898803711 0.0318256728351116 0.0321354754269123 0.0337926149368286 0.045430600643158 0.0700599476695061 0.0785417109727859 0.0961330980062485 0.0860296487808228 0.0603130497038364 0.0508406274020672 0.00151194841600955 0.0027143785264343 0.00721547100692987 0.0177451428025961 0.0237758252769709 0.0238789971917868 0.0188731718808413 0.0126348976045847 0.00747316144406796 0.0133613646030426 0.0169329438358545 0.0296936947852373 0.0380061343312263
0.903066515922546 0.889858961105347 0.922905325889587 0.934680581092834 0.97381204366684 0.972681283950806 0.955299556255341 0.929597735404968 0.759816110134125 0.762293934822083 0.705421328544617 0.674390912055969 0.660364985466003 0.613506078720093 0.77017480134964 0.736999869346619 0.604475319385529 0.721782565116882 0.330530017614365 0.198155075311661 0.0805628374218941 0.0484157390892506 0.0454710572957993 0.0673768669366837 0.0555863566696644 0.0614074692130089 0.0558261312544346 0.0650019720196724 0.0772804692387581 0.0708226338028908 0.0547232665121555 0.0520723462104797 0.0627961009740829 0.127922534942627 0.146463990211487 0.239350855350494 0.0601752735674381 0.0574387386441231 0.0646077618002892 0.0427050217986107 0.0192404743283987 0.040284875780344 0.0715038254857063 0.0849924460053444 0.0872887223958969
0.793868005275726 0.889002919197083 0.921794772148132 0.932177186012268 0.948537468910217 0.976510345935822 0.961356103420258 0.903194189071655 0.843028485774994 0.790611743927002 0.791765093803406 0.65900993347168 0.870844781398773 0.86858594417572 0.807690501213074 0.892097055912018 0.780349910259247 0.541376709938049 0.543386518955231 0.396363168954849 0.218454852700233 0.104385077953339 0.0735405012965202 0.0628060847520828 0.0537394657731056 0.0626353174448013 0.0717704221606255 0.0701310932636261 0.083826519548893 0.093329481780529 0.105025887489319 0.126318573951721 0.165888845920563 0.168639734387398 0.341338902711868 0.27565523982048 0.309721350669861 0.0351597517728806 0.0294982902705669 0.0294982902705669 0.00932055152952671 0.0127054546028376 0.0149865001440048 0.0191542189568281 0.0208199843764305
0.807423532009125 0.889619946479797 0.878882527351379 0.924184203147888 0.942247211933136 0.970032036304474 0.946023166179657 0.91258978843689 0.838651061058044 0.789879739284515 0.876397013664246 0.799132883548737 0.893471479415894 0.816088140010834 0.916559517383575 0.903844118118286 0.792160212993622 0.826316833496094 0.785377740859985 0.688350021839142 0.445620685815811 0.242901250720024 0.183799237012863 0.134925693273544 0.0909476205706596 0.0715193077921867 0.0770637318491936 0.1566162109375 0.204128846526146 0.147657871246338 0.0894922539591789 0.116910025477409 0.26629963517189 0.200391486287117 0.19116784632206 0.224929630756378 0.0260508470237255 0.0306446384638548 0.0387579277157784 0.0401249341666698 0.0186950955539942 0.00718211522325873 0.00992355216294527 0.00835121609270573 0.00937775243073702
-3.4e+38 0.906017541885376 0.896555304527283 0.934724092483521 0.956887602806091 0.961864411830902 0.952793657779694 0.925636649131775 0.817443907260895 0.801072299480438 0.926554799079895 0.92038881778717 0.875429809093475 0.883638203144073 0.888047635555267 0.85908567905426 0.875629067420959 0.858054578304291 0.797396957874298 0.749390542507172 0.648097455501556 0.423624157905579 0.483460634946823 0.345603227615356 0.214493364095688 0.168083921074867 0.168568313121796 0.169877141714096 0.184371620416641 0.203872829675674 0.165887206792831 0.187670528888702 0.226967185735703 0.2471814006567 0.236814737319946 0.278108298778534 0.323350429534912 0.535201787948608 0.497908085584641 0.542321264743805 0.0238325819373131 0.0137583920732141 0.0109743382781744 0.117269322276115 0.114409513771534
-3.4e+38 -3.4e+38 0.943608939647675 0.940086424350739 0.970832347869873 0.96564394235611 0.941695511341095 0.926041722297668 0.902756094932556 0.91410619020462 0.893206477165222 0.960002362728119 0.954845786094666 0.948200404644012 0.856131315231323 0.789461553096771 0.833023071289062 0.803748607635498 0.781252264976501 0.741697311401367 0.682458877563477 0.429398536682129 0.312882870435715 0.394385695457458 0.305335849523544 0.314769119024277 0.314763367176056 0.34494286775589 0.341012865304947 0.408931851387024 0.304180413484573 0.342543035745621 0.34894660115242 0.359907686710358 0.342755109071732 0.354399591684341 0.326722949743271 0.354055851697922 0.410623162984848 0.416758000850677 0.320929676294327 0.0413991175591946 0.0645922645926476 0.0911047980189323 0.0982988476753235
-3.4e+38 0.957002580165863 0.970698475837708 0.978287160396576 0.953542649745941 0.948408484458923 0.914073050022125 0.893405973911285 0.846360862255096 0.945837199687958 0.876267075538635 0.684429109096527 0.911083221435547 0.957007110118866 0.913625121116638 0.874594807624817 0.857381224632263 0.782390415668488 0.662952244281769 0.481363892555237 0.376429975032806 0.514946937561035 0.411183714866638 0.287914752960205 0.404555767774582 0.499122083187103 0.483299016952515 0.500163018703461 0.537250518798828 0.572655856609344 0.623429954051971 0.492044776678085 0.528653621673584 0.498912960290909 0.499076336622238 0.487244784832001 0.465764760971069 0.395335793495178 0.386660039424896 0.350398361682892 0.311779022216797 0.274869114160538 0.393434673547745 0.400049567222595 0.706088304519653
-339999999999999996123846586046231871488.000000000000000 0.962630391120911 0.978526473045349 0.981963157653809 0.950728416442871 0.94404411315918 0.886619091033936 0.889014959335327 0.895559191703796 0.889810800552368 0.924255192279816 0.746403217315674 0.830634474754333 0.946568965911865 0.941510438919067 0.922059595584869 0.905913054943085 0.751316905021667 0.801081836223602 0.502979516983032 0.438334882259369 0.372051507234573 0.493919968605042 0.647320628166199 0.632020592689514 0.713928639888763 0.677283942699432 0.698134660720825 0.758065521717072 0.673623263835907 0.6770880818367 0.693902611732483 0.678862631320953 0.648523032665253 0.629170298576355 0.617385625839233 0.596053004264832 0.5329869389534 0.520840764045715 0.461334854364395 0.409901350736618 0.43669980764389 0.718380093574524 0.795951306819916 0.817847490310669
-3.4e+38 0.727124631404877 0.962047398090363 0.97970986366272 0.967859148979187 0.936535060405731 0.907750606536865 0.89463871717453 0.893646478652954 0.848197221755981 0.943617761135101 0.856575787067413 0.937236964702606 0.915508389472961 0.868268609046936 0.914157807826996 0.913517773151398 0.873904824256897 0.827680230140686 0.751224040985107 0.680524528026581 0.566402196884155 0.609647929668427 0.689321458339691 0.820699572563171 0.821580052375793 0.79536509513855 0.847778916358948 0.864867568016052 0.755272448062897 0.854660451412201 0.858945488929749 0.728134632110596 0.730476140975952 0.72888308763504 0.72205662727356 0.730668365955353 0.829595804214478 0.74257105588913 0.699500381946564 0.61911278963089 0.778678297996521 0.727395594120026 0.804150879383087 0.805568158626556
0.706729233264923 0.694384336471558 0.952484488487244 0.966996729373932 0.968206524848938 0.971300661563873 0.952239751815796 0.922171235084534 0.79370778799057 0.642694652080536 0.951720833778381 0.961095035076141 0.95334792137146 0.937144637107849 0.94227933883667 0.932762145996094 0.909687995910645 0.911031484603882 0.887656927108765 0.844513416290283 0.792830884456635 0.79061633348465 0.819705188274384 0.658744037151337 0.688015103340149 0.681075811386108 0.639459192752838 0.655204892158508 0.716443419456482 0.735412001609802 0.744956254959106 0.773511409759521 0.741183042526245 0.727208912372589 0.71447491645813 0.682812035083771 0.647810757160187 0.704859972000122 0.730996549129486 0.719865262508392 0.780531764030457 0.749478042125702 0.765503168106079 0.842787861824036 0.85489422082901
0.664790868759155 0.769270300865173 0.908519268035889 0.963895499706268 -3.4e+38 -3.4e+38 0.968807935714722 0.954277455806732 0.873455226421356 0.879416823387146 0.814909517765045 0.963067650794983 0.972863972187042 0.958083271980286 0.939656376838684 0.936104774475098 0.885878622531891 0.860948443412781 0.834428131580353 0.837527453899384 0.815547227859497 0.842285215854645 0.871637880802155 0.875510036945343 0.77549022436142 0.744208931922913 0.71480393409729 0.723841309547424 0.730183660984039 0.727038323879242 0.74083411693573 0.769823014736176 0.770428836345673 0.736526370048523 0.703108966350555 0.669404685497284 0.65949273109436 0.700427830219269 0.775916516780853 0.88112872838974 0.86539751291275 0.821150779724121 0.853383541107178 0.875494420528412 0.841244280338287
-3.4e+38 0.599246680736542 0.618524551391602 -3.4e+38 -3.4e+38 -3.4e+38 0.964986741542816 0.85463684797287 0.885174751281738 0.917851805686951 0.919402480125427 0.96599954366684 0.965985298156738 0.947406649589539 0.94292688369751 0.936132848262787 0.921342313289642 0.902709066867828 0.839938342571259 0.812568247318268 0.817494332790375 0.845328271389008 0.87908810377121 0.878283977508545 0.809688925743103 0.802239894866943 0.790863275527954 0.776334285736084 0.757919549942017 0.728419721126556 0.759353458881378 0.77614688873291 0.779840648174286 0.769725978374481 0.755266964435577 0.717309474945068 0.738636672496796 0.74707305431366 0.775560855865479 0.893992841243744 0.905130207538605 0.900794506072998 0.878759801387787 0.831844627857208 0.8102947473526
-3.4e+38 0.534092426300049 0.545727968215942 -3.4e+38 -3.4e+38 -3.4e+38 0.91480427980423 0.858533799648285 0.889678716659546 0.926316797733307 0.937881529331207 0.947845101356506 0.925454139709473 0.938796818256378 0.923637270927429 0.927039742469788 0.909797012805939 0.905658066272736 0.865463316440582 0.856052756309509 0.836493968963623 0.844507813453674 0.870349586009979 0.907217919826508 0.802538931369781 0.808421194553375 0.788495421409607 0.804700434207916 0.794685482978821 0.77314168214798 0.789179027080536 0.790826916694641 0.778883874416351 0.783639192581177 0.777753531932831 0.757111251354218 0.758565545082092 0.878931939601898 0.898888826370239 0.903057456016541 0.898136138916016 0.871296286582947 0.861062526702881 0.810496628284454 0.791966021060944
-3.4e+38 -3.4e+38 0.550036787986755 -3.4e+38 -3.4e+38 -3.4e+38 0.905681669712067 0.884435176849365 0.899911046028137 0.935651302337646 0.888003408908844 0.873225748538971 0.875236332416534 0.889068484306335 0.899114012718201 0.912044823169708 0.924569070339203 0.901521980762482 0.890572786331177 0.864853084087372 0.852635443210602 0.832914233207703 0.846867918968201 0.907574713230133 0.845661640167236 0.832933127880096 0.802581608295441 0.763846457004547 0.778766810894012 0.804499626159668 0.810123026371002 0.803253173828125 0.794938564300537 0.783325552940369 0.775260210037231 0.76669043302536 0.7708820104599 0.889519453048706 0.897907376289368 0.905928432941437 0.851382672786713 0.772815465927124 0.792715311050415 0.792231202125549 -3.4e+38
-3.4e+38 -3.4e+38 -3.4e+38 -3.4e+38 -3.4e+38 -3.4e+38 -3.4e+38 -3.4e+38 -3.4e+38 -3.4e+38 0.782484412193298 0.750114440917969 0.740544199943542 0.713215470314026 0.785248756408691 0.856447637081146 0.842952847480774 0.864444613456726 0.868348360061646 0.892370760440826 0.885500550270081 0.861673831939697 0.876507699489594 0.895482182502747 0.92818158864975 0.938398420810699 0.862735748291016 0.835020899772644 0.791048169136047 0.788110733032227 0.780810713768005 0.805233240127563 -3.4e+38 -3.4e+38 -3.4e+38 0.894122660160065 0.874266624450684 0.900373935699463 -3.4e+38 -3.4e+38 -3.4e+38 -3.4e+38 -3.4e+38 -3.4e+38 -3.4e+38
-3.4e+38 -3.4e+38 -3.4e+38 -3.4e+38 -3.4e+38 -3.4e+38 -3.4e+38 -3.4e+38 -3.4e+38 -3.4e+38 -3.4e+38 -3.4e+38 -3.4e+38 0.523091733455658 0.605888247489929 0.69878488779068 0.778419435024261 0.841571152210236 0.838549494743347 0.839015543460846 0.840648829936981 0.886326491832733 0.887453615665436 0.921200752258301 0.937553286552429 0.948384881019592 0.952092826366425 -3.4e+38 -3.4e+38 -3.4e+38 -3.4e+38 -3.4e+38 -3.4e+38 -3.4e+38 -3.4e+38 -3.4e+38 -3.4e+38 -3.4e+38 -3.4e+38 -3.4e+38 -3.4e+38 -3.4e+38 -3.4e+38 -3.4e+38 -3.4e+38
-3.4e+38 -3.4e+38 -3.4e+38 -3.4e+38 -3.4e+38 -3.4e+38 -3.4e+38 -3.4e+38 -3.4e+38 -3.4e+38 -3.4e+38 -3.4e+38 0.286870867013931 0.396942883729935 0.46375298500061 0.556211650371552 0.627705335617065 0.713136970996857 0.808151960372925 0.850978195667267 0.870852828025818 0.893703818321228 0.938550293445587 0.942874550819397 0.949590742588043 0.941055834293365 -3.4e+38 -3.4e+38 -3.4e+38 -3.4e+38 -3.4e+38 -3.4e+38 -3.4e+38 -3.4e+38 -3.4e+38 -3.4e+38 -3.4e+38 -3.4e+38 -3.4e+38 -3.4e+38 -3.4e+38 -3.4e+38 -3.4e+38 -3.4e+38 -3.4e+38
