data/climate_estimation/maxent_output/Wurmbea_sinora.asc
NCOLS 249 
NROWS 37 
XLLCORNER 115.583333333333 
YLLCORNER -35.0833333333333 
CELLSIZE 0.0833333333333333 
NODATA_value -3.4e+38 
[rows 0 to 23 of 37, columns 53 to 105 of 249]
0.421828269958496 0.418724596500397 0.404762953519821 0.378213196992874 0.365367233753204 0.326972335577011 0.296196907758713 0.258538812398911 0.264492690563202 0.205128535628319 0.109344527125359 0.108248665928841 0.0971660986542702 0.100710734724998 0.0855616331100464 0.0741837546229362 0.0744761005043983 0.0527052506804466 0.0520719178020954 0.060276485979557 0.0642627403140068 0.054623793810606 0.0539523772895336 0.0542838089168072 0.0542838089168072 0.0499619133770466 0.0504588522017002 0.041197843849659 0.0425914786756039 0.0502872876822948 0.0451589450240135 0.0515508390963078 0.0425492972135544 0.0342342257499695 0.0367078669369221 0.0431997925043106 0.1060491502285 0.104433991014957 0.102521702647209 0.10183297842741 0.10098622739315 0.102486290037632 0.098716989159584 0.112398535013199 0.111979857087135 0.130332633852959 0.130555644631386 0.134629622101784 0.139000907540321 0.142326474189758 0.148034542798996 0.153313666582108 0.162799194455147
0.441617280244827 0.433685839176178 0.414862483739853 0.373171299695969 0.37534287571907 0.351639479398727 0.342898964881897 0.316441178321838 0.245200023055077 0.252030223608017 0.2298284471035 0.20825357735157 0.201927065849304 0.0874670222401619 0.0728996992111206 0.0848436653614044 0.0742840319871902 0.0625230818986893 0.0606775805354118 0.0602637305855751 0.05604512616992 0.0567030161619186 0.0563731789588928 0.0545566268265247 0.0563894212245941 0.0671704187989235 0.0529992990195751 0.0522723272442818 0.0519181042909622 0.0463385246694088 0.0538522265851498 0.0469970777630806 0.0546567142009735 0.0377331003546715 0.0510591976344585 0.117258980870247 0.112067982554436 0.127494737505913 0.108631245791912 0.107048936188221 0.108004949986935 0.109067961573601 0.103570654988289 0.119148723781109 0.116791054606438 0.104027703404427 0.102682530879974 0.106797412037849 0.123029962182045 0.152177900075912 0.158221289515495 0.164264172315598 0.191733658313751
0.472386032342911 0.454942315816879 0.441206365823746 0.399637371301651 0.41031739115715 0.370026469230652 0.33626601099968 0.326746225357056 0.256951183080673 0.27016693353653 0.245431035757065 0.247816681861877 0.193371161818504 0.220704227685928 0.16964265704155 0.164973422884941 0.0745734423398972 0.0675953403115273 0.0641429796814919 0.0674492567777634 0.0654376149177551 0.0657845884561539 0.0675603002309799 0.0581072010099888 0.0599033571779728 0.0636945217847824 0.0614403262734413 0.0539774969220161 0.0555504374206066 0.0566523559391499 0.120173014700413 0.118363261222839 0.0554310195147991 0.0545657202601433 0.12812602519989 0.139342918992043 0.155525848269463 0.13455431163311 0.131488427519798 0.132766544818878 0.131388068199158 0.129752904176712 0.113126702606678 0.126896724104881 0.123233042657375 0.138635620474815 0.140288427472115 0.143409609794617 0.151280581951141 0.156757175922394 0.188982054591179 0.197936788201332 0.209389731287956
0.497390300035477 0.476911604404449 0.485333830118179 0.447474509477615 0.421976029872894 0.426843613386154 0.390303611755371 0.315550744533539 0.292302072048187 0.292809903621674 0.232986286282539 0.232893481850624 0.212251409888268 0.20775955915451 0.182900935411453 0.165885612368584 0.181754156947136 0.0723748803138733 0.0718663185834885 0.0738605558872223 0.0733414888381958 0.0605562701821327 0.0635015070438385 0.0637951716780663 0.065116174519062 0.0743748620152473 0.0592935048043728 0.0565800629556179 0.0633795708417892 0.166313141584396 0.148447751998901 0.177154645323753 0.153382167220116 0.156135469675064 0.151008620858192 0.172348693013191 0.170637622475624 0.168909355998039 0.146910771727562 0.142274409532547 0.143505647778511 0.136817201972008 0.136172533035278 0.154808565974236 0.1307752430439 0.131369262933731 0.149280309677124 0.155318409204483 0.161854401230812 0.167564570903778 0.202358916401863 0.23682926595211 0.244075894355774
0.51025253534317 0.530136168003082 0.479320079088211 0.484357208013535 0.441929429769516 0.413487732410431 0.376649379730225 0.350651860237122 0.308454126119614 0.31100395321846 0.28263720870018 0.291215658187866 0.264207750558853 0.227546036243439 0.231948405504227 0.225333020091057 0.173625454306602 0.166071310639381 0.169877424836159 0.0771183371543884 0.0778947621583939 0.0663486942648888 0.079646535217762 0.080163337290287 0.0665798112750053 0.067691870033741 0.0687387213110924 0.170034497976303 0.177095010876656 0.157776847481728 0.216429680585861 0.21408674120903 0.216598555445671 0.19226348400116 0.191132172942162 0.187807112932205 0.185418263077736 0.162269219756126 0.185092434287071 0.180475875735283 0.177080109715462 0.166405111551285 0.163483247160912 0.185337826609612 0.160427093505859 0.155156448483467 0.151257529854774 0.186386629939079 0.196901574730873 0.230238601565361 0.246388420462608 0.255503505468369 0.266142934560776
0.562900185585022 0.522183299064636 0.539030432701111 0.511329710483551 0.471713036298752 0.492101728916168 0.43687230348587 0.410815924406052 0.376314461231232 0.349337488412857 0.304828226566315 0.305463880300522 0.310312062501907 0.248712778091431 0.250075221061707 0.239106491208076 0.207988187670708 0.206148877739906 0.209481313824654 0.179001569747925 0.203464359045029 0.176239207386971 0.196297347545624 0.177411839365959 0.184216067194939 0.186745494604111 0.188865885138512 0.169747143983841 0.199756175279617 0.197963759303093 0.237401992082596 0.237706154584885 0.235126197338104 0.235404133796692 0.250653743743896 0.251572757959366 0.228018179535866 0.2236507833004 0.222966879606247 0.217414796352386 0.21513868868351 0.204342231154442 0.204286158084869 0.2007045596838 0.172149434685707 0.192645505070686 0.184762239456177 0.223542451858521 0.260645538568497 0.243738666176796 0.258936405181885 0.270413786172867 0.359748065471649
0.594510018825531 0.574209451675415 0.566422700881958 0.544297099113464 0.498923271894455 0.469929575920105 0.476067036390305 0.445247054100037 0.398247629404068 0.372410297393799 0.362203598022461 0.368006348609924 0.304614961147308 0.294189691543579 0.305894672870636 0.270882934331894 0.257776856422424 0.225627034902573 0.253287494182587 0.22744032740593 0.198273465037346 0.247396513819695 0.247396513819695 0.193864226341248 0.207363158464432 0.206186145544052 0.229677602648735 0.234641268849373 0.240738913416862 0.291237711906433 0.288412630558014 0.288542091846466 0.285162419080734 0.257690668106079 0.288183152675629 0.284903526306152 0.282388389110565 0.2806676030159 0.268401771783829 0.258931517601013 0.257803320884705 0.219423249363899 0.219423249363899 0.243139669299126 0.233191654086113 0.233214095234871 0.236885517835617 0.273364275693893 0.281270354986191 0.304484218358994 0.315967500209808 0.328435182571411 0.431968867778778
0.618402004241943 0.599344432353973 0.585574090480804 0.566344320774078 0.539263844490051 0.502664268016815 0.454125046730042 0.418266266584396 0.421531915664673 0.424047559499741 0.35752135515213 0.396374493837357 0.353299260139465 0.356728821992874 0.323828130960464 0.327049285173416 0.322194278240204 0.278420656919479 0.241624742746353 0.271597355604172 0.267424076795578 0.27618595957756 0.276610046625137 0.245022013783455 0.256317019462585 0.25652140378952 0.305065214633942 0.347406655550003 0.344863295555115 0.348549693822861 0.361433655023575 0.35402849316597 0.347538083791733 0.341785222291946 0.353819876909256 0.346369355916977 0.345534086227417 0.340588927268982 0.33804515004158 0.29271325469017 0.315396249294281 0.281122595071793 0.277228832244873 0.302478909492493 0.298635721206665 0.29818794131279 0.302233785390854 0.309450149536133 0.35152006149292 0.367839336395264 0.393486320972443 0.40295746922493 0.457518637180328
0.604251503944397 0.62566739320755 0.616608083248138 0.600418329238892 0.573246538639069 0.521824836730957 0.487474650144577 0.443427622318268 0.455916404724121 0.463073045015335 0.429569393396378 0.423385173082352 0.430007636547089 0.385851472616196 0.37941762804985 0.344579935073853 0.33763325214386 0.347072958946228 0.333980172872543 0.299131244421005 0.301604509353638 0.301604509353638 0.341455817222595 0.300791442394257 0.343410044908524 0.406366288661957 0.382307469844818 0.381414264440536 0.422463148832321 0.419992238283157 0.430872827768326 0.474521905183792 0.465428858995438 0.430448144674301 0.424158334732056 0.462490499019623 0.471833467483521 0.454393416643143 0.40608537197113 0.388453394174576 0.391684859991074 0.355546832084656 0.338828772306442 0.375909715890884 0.375301599502563 0.330135494470596 0.335202008485794 0.339208275079727 0.396799206733704 0.411399841308594 0.463801324367523 0.479390144348145 0.551181137561798
0.642472803592682 0.637790262699127 0.605300903320312 0.585475564002991 0.591228604316711 0.561002016067505 0.518353283405304 0.528681695461273 0.478561758995056 0.489637702703476 0.452778965234756 0.446941316127777 0.453724831342697 0.460994094610214 0.460059732198715 0.419737339019775 0.417231023311615 0.459519922733307 0.371466636657715 0.367691069841385 0.407973855733871 0.375357925891876 0.369043558835983 0.371871203184128 0.475164264440536 0.441698908805847 0.495430707931519 0.493781715631485 0.513308346271515 0.511472105979919 0.51052063703537 0.569538712501526 0.568969666957855 0.515675187110901 0.553358256816864 0.563768208026886 0.559139609336853 0.496999382972717 0.539753198623657 0.483349651098251 0.476861864328384 0.468335032463074 0.467734813690186 0.460733443498611 0.463116765022278 0.455987185239792 0.417826622724533 0.46457314491272 0.520707786083221 0.544039845466614 0.555922210216522 0.6192347407341 0.633408427238464
0.638365209102631 0.651988446712494 0.629134476184845 0.604371905326843 0.56377238035202 0.630820274353027 0.54713499546051 0.551609098911285 0.608081221580505 0.568505465984344 0.536715924739838 0.526704549789429 0.489186227321625 0.492418050765991 0.497819811105728 0.503410458564758 0.453423976898193 0.498442649841309 0.499316543340683 0.445253968238831 0.444782137870789 0.491002589464188 0.514207005500793 0.519842028617859 0.520261228084564 0.584915816783905 0.584387004375458 0.580985605716705 0.598774015903473 0.611400365829468 0.610659778118134 0.652878522872925 0.663577258586884 0.655274450778961 0.654910385608673 0.647581398487091 0.64413321018219 0.649991691112518 0.628739714622498 0.632693707942963 0.562444686889648 0.562229990959167 0.55606335401535 0.60228967666626 0.55863231420517 0.550126791000366 0.550180017948151 0.566005527973175 0.576054930686951 0.627322196960449 0.709089696407318 0.720390558242798 0.730901896953583
0.608859479427338 0.633824110031128 0.65183699131012 0.587827265262604 0.588927865028381 0.552393317222595 0.624490082263947 0.592049658298492 0.59696751832962 0.60769784450531 0.609806835651398 0.620818495750427 0.587609112262726 0.579245865345001 0.642230629920959 0.627450168132782 0.590219378471375 0.587117671966553 0.518323481082916 0.499745815992355 0.570556342601776 0.475918769836426 0.661326110363007 0.654985964298248 0.616839289665222 0.669093549251556 0.735666930675507 0.738440096378326 0.7923783659935 0.743957817554474 0.745105087757111 0.785051822662354 0.78520280122757 0.737330734729767 0.76913970708847 0.765406131744385 0.723294079303741 0.731903493404388 0.730202972888947 0.769514858722687 0.712142944335938 0.70991051197052 0.663128674030304 0.752052068710327 0.75021231174469 0.696039140224457 0.695664703845978 0.704323887825012 0.719021618366241 0.734836280345917 0.743470788002014 0.789216041564941 0.833495020866394
0.585841178894043 0.578334033489227 0.58143937587738 0.593125522136688 0.612437129020691 0.582009971141815 0.631941795349121 0.653421461582184 0.617519199848175 0.734833121299744 0.610973000526428 0.659621834754944 0.688624858856201 0.661898076534271 0.718077123165131 0.677111327648163 0.672958672046661 0.660594463348389 0.603003799915314 0.593658804893494 0.596819400787354 0.633100152015686 0.746364533901215 0.751467943191528 0.802889406681061 0.771013975143433 0.783433198928833 0.817300498485565 0.852710008621216 0.81195467710495 0.838619947433472 0.834490716457367 0.832004547119141 0.850584506988525 0.847221553325653 0.84552526473999 0.821088194847107 0.820459604263306 0.819514214992523 0.818763434886932 0.824578166007996 0.789237022399902 0.791577875614166 0.785779774188995 0.826410174369812 0.831388235092163 0.792871654033661 0.79942524433136 0.805447459220886 0.880510270595551 0.871829450130463 0.838119447231293 -3.4e+38
0.537035882472992 0.562600076198578 0.557492792606354 0.568527221679688 0.599679470062256 0.578804135322571 0.735777735710144 0.734293341636658 0.574064135551453 0.741909980773926 0.756785333156586 0.80789989233017 0.822837233543396 0.731613755226135 0.750032961368561 0.785451829433441 0.791271209716797 0.732897639274597 0.726103365421295 0.729678094387054 0.71893709897995 0.839413285255432 0.831420719623566 0.840414524078369 0.844423711299896 0.884074866771698 0.901935160160065 0.897363483905792 0.903320550918579 0.877951681613922 0.892529368400574 0.885984599590302 0.879368424415588 0.87876945734024 0.871192097663879 0.871346950531006 0.869936227798462 0.877957940101624 0.860573887825012 0.854408621788025 0.857992351055145 0.867421567440033 0.865846037864685 0.835026144981384 0.836244344711304 0.867949843406677 0.869563221931458 0.882735788822174 0.897037446498871 0.910021126270294 -3.4e+38 -3.4e+38 -3.4e+38
0.53380560874939 0.520517885684967 0.526941001415253 0.518318653106689 0.552801430225372 0.540908515453339 0.741150975227356 0.702578246593475 0.744456052780151 0.796982228755951 0.831335961818695 0.8234743475914 0.850100517272949 0.863969385623932 0.87590616941452 0.904763400554657 0.914362967014313 0.907945454120636 0.929835557937622 0.922799408435822 0.918433010578156 0.919223666191101 0.896108448505402 0.923566401004791 0.934859275817871 0.941324830055237 0.926346480846405 0.931435108184814 0.932304561138153 0.926241278648376 0.92464405298233 0.917570233345032 0.916768133640289 0.911984860897064 0.906821310520172 0.894633769989014 0.912027657032013 0.913628458976746 0.893069744110107 0.895715951919556 0.896652162075043 0.898694455623627 0.898315012454987 0.883848965167999 0.885545074939728 0.891658008098602 0.893519759178162 0.922854781150818 0.942180693149567 0.930577099323273 -3.4e+38 -3.4e+38 -3.4e+38
0.521534562110901 0.511268019676208 0.521194279193878 0.531336188316345 0.600437819957733 0.710877239704132 0.749376177787781 0.754308819770813 0.800738453865051 0.832269132137299 0.842832088470459 0.846507906913757 0.868565738201141 0.899098813533783 0.906859755516052 0.919289827346802 0.926739156246185 0.939363837242126 0.951353311538696 0.942101299762726 0.94254058599472 0.925955295562744 0.934872090816498 0.930303037166595 0.926750123500824 0.949580490589142 0.9305699467659 0.933264672756195 0.947775900363922 0.926927208900452 0.946283459663391 0.940398991107941 0.924576461315155 0.924312710762024 0.911996483802795 0.936880171298981 0.928447186946869 0.935825288295746 0.927783727645874 0.925624012947083 0.915925323963165 0.915252983570099 0.927133858203888 0.915252983570099 0.920827209949493 0.912326633930206 0.912015795707703 0.930689513683319 0.93700098991394 -3.4e+38 -3.4e+38 -3.4e+38 -3.4e+38
0.531809389591217 0.561120390892029 0.485753744840622 0.575030744075775 0.765281558036804 0.813744127750397 0.801196813583374 0.809621214866638 0.835207223892212 0.838767766952515 0.856976985931396 0.879672110080719 0.887902855873108 0.906858026981354 0.918764412403107 0.918205320835114 0.926398575305939 0.923821270465851 0.931777000427246 0.91918283700943 0.923343420028687 0.912440776824951 0.924109756946564 0.922096371650696 0.929225444793701 0.928065299987793 0.927927374839783 0.928336977958679 0.924332916736603 0.927368640899658 0.929473578929901 0.93383127450943 0.938167870044708 0.923452913761139 0.931148707866669 0.928473293781281 0.933870792388916 0.919232726097107 0.916215360164642 0.935309410095215 0.933249771595001 0.923240423202515 0.912847340106964 0.922798812389374 0.917293131351471 0.918147921562195 0.928069889545441 0.933468461036682 0.938394486904144 -3.4e+38 -3.4e+38 -3.4e+38 -3.4e+38
0.467039525508881 0.505967557430267 0.544217526912689 0.778685331344604 0.814600348472595 0.84702455997467 0.845600724220276 0.835142433643341 0.850337028503418 0.869243204593658 0.876604437828064 0.895442306995392 0.899248778820038 0.897483825683594 0.895719766616821 0.891550838947296 0.912805438041687 0.904813408851624 0.916092693805695 0.906870603561401 0.904887199401855 0.899492204189301 0.884178161621094 0.886933028697968 0.911900818347931 0.902925789356232 0.906088352203369 0.905171573162079 0.910567402839661 0.901653707027435 0.912343740463257 0.915449321269989 0.897359609603882 0.908304452896118 0.913429856300354 0.920485377311707 0.906129479408264 0.927064120769501 0.920746386051178 0.919380009174347 0.913594186306 0.929111123085022 0.90583610534668 0.904750525951385 0.921768605709076 0.907194972038269 0.928095281124115 0.921664357185364 -3.4e+38 -3.4e+38 -3.4e+38 -3.4e+38 -3.4e+38
0.531864702701569 0.59045273065567 0.791015446186066 0.823826372623444 0.825346171855927 0.845433413982391 0.87802129983902 0.871871709823608 0.857573688030243 0.849540054798126 0.856630086898804 0.877053320407867 0.882616639137268 0.886925578117371 0.879217565059662 0.885503709316254 0.885110080242157 0.89744371175766 0.91131317615509 0.888729989528656 0.884279310703278 0.870276391506195 0.874087929725647 0.857520282268524 0.862060844898224 0.862526297569275 0.884398698806763 0.898365199565887 0.875411689281464 0.878128170967102 0.908193826675415 0.892361462116241 0.899477660655975 0.908997893333435 0.910821735858917 0.900072693824768 0.90482759475708 0.906911075115204 0.922328233718872 0.917357683181763 0.907364964485168 0.893279016017914 0.911948323249817 0.90302038192749 0.892740905284882 0.895917117595673 0.909660518169403 0.901904106140137 -3.4e+38 -3.4e+38 -3.4e+38 -3.4e+38 -3.4e+38
0.542444705963135 0.755717277526855 0.857338905334473 0.866814315319061 0.863137483596802 0.871193945407867 0.864331722259521 0.866130292415619 0.832862734794617 0.832153499126434 0.854069888591766 0.843685626983643 0.864392638206482 0.861875593662262 0.881545126438141 0.876829862594604 0.876416027545929 0.890034854412079 0.878471672534943 0.86725378036499 0.859273970127106 0.841832637786865 0.81930685043335 0.831843614578247 0.840856492519379 0.862231910228729 0.875432252883911 0.864642918109894 0.876092851161957 0.859931886196136 0.862243711948395 0.872663736343384 0.879386186599731 0.870221793651581 0.895659327507019 0.87960946559906 0.897368788719177 0.895944237709045 0.896305024623871 0.879269540309906 0.907886743545532 0.891490042209625 0.89463347196579 0.895002603530884 0.878438115119934 0.88172572851181 0.903127610683441 0.90014123916626 -3.4e+38 -3.4e+38 -3.4e+38 -3.4e+38 -3.4e+38
0.85345733165741 0.860199809074402 0.856900751590729 0.853714883327484 0.845066249370575 0.82086169719696 0.834490180015564 0.824078142642975 0.830679357051849 0.83885794878006 0.853934168815613 0.843916654586792 0.85270357131958 0.852742731571198 0.875105977058411 0.869633495807648 0.865349173545837 0.861114084720612 0.850313782691956 0.841877639293671 0.785240232944489 0.803561449050903 0.806587636470795 0.801186501979828 0.8203444480896 0.835141897201538 0.827233254909515 0.84349662065506 0.826606273651123 0.86410516500473 0.849040746688843 0.878511488437653 0.868112325668335 0.877787232398987 0.867621779441833 0.888705551624298 0.884716868400574 0.874828517436981 0.890181660652161 0.879538297653198 0.885466158390045 0.878782391548157 0.895607829093933 0.891771614551544 0.876058042049408 0.890810430049896 -3.4e+38 -3.4e+38 -3.4e+38 -3.4e+38 -3.4e+38 -3.4e+38 -3.4e+38
0.853784441947937 0.863654434680939 0.843537092208862 0.855224609375 0.852665603160858 0.848321616649628 0.830720126628876 0.826450169086456 0.808844029903412 0.840375065803528 0.835560321807861 0.821848273277283 0.851098775863647 0.83176600933075 0.842858970165253 0.84476512670517 0.869109392166138 0.828840017318726 0.824701368808746 0.785232186317444 0.817570686340332 0.790024995803833 0.76348352432251 0.795435726642609 0.786497950553894 0.817504107952118 0.807592332363129 0.809520602226257 0.819332599639893 0.807005226612091 0.823759436607361 0.843846917152405 0.856362342834473 0.851833879947662 0.848756015300751 0.875708997249603 0.875617861747742 0.872504889965057 0.861374258995056 0.863394737243652 0.872266709804535 0.860222697257996 0.868609547615051 0.866567194461823 0.879088878631592 0.870066285133362 -3.4e+38 -3.4e+38 -3.4e+38 -3.4e+38 -3.4e+38 -3.4e+38 -3.4e+38
0.839450836181641 0.857025384902954 0.848683476448059 0.838720977306366 0.849061250686646 0.833133399486542 0.834169030189514 0.822062253952026 0.834908843040466 0.820488512516022 0.82142436504364 0.821418464183807 0.831869006156921 0.823361337184906 0.839234888553619 0.862839102745056 0.815499067306519 -3.4e+38 0.79344379901886 0.779990911483765 0.78524512052536 0.768618285655975 0.750473976135254 0.749907433986664 0.799884736537933 0.749478340148926 0.777316510677338 0.778032541275024 0.800010204315186 0.801972329616547 0.800750017166138 0.823921024799347 0.853912174701691 0.831284821033478 0.857523083686829 0.847007632255554 0.866328835487366 0.833780825138092 0.823248863220215 0.826472282409668 0.856527328491211 0.83620285987854 0.847020745277405 0.867154836654663 0.865038692951202 -3.4e+38 -3.4e+38 -3.4e+38 -3.4e+38 0.835254967212677 -3.4e+38 -3.4e+38 -3.4e+38
0.85943329334259 0.874208927154541 0.857435047626495 0.833624720573425 0.828497409820557 0.81842577457428 0.828909575939178 -3.4e+38 -3.4e+38 -3.4e+38 -3.4e+38 -3.4e+38 -3.4e+38 -3.4e+38 -3.4e+38 -3.4e+38 -3.4e+38 -3.4e+38 -3.4e+38 -3.4e+38 0.757455468177795 0.727884948253632 0.764717221260071 0.728665471076965 0.740695118904114 0.750090301036835 0.764156103134155 0.769939243793488 0.787695586681366 0.810993194580078 0.81661182641983 0.772600471973419 -3.4e+38 0.794123709201813 0.79578310251236 -3.4e+38 -3.4e+38 0.848795473575592 0.814787328243256 0.832105040550232 -3.4e+38 -3.4e+38 0.840468227863312 -3.4e+38 -3.4e+38 -3.4e+38 -3.4e+38 -3.4e+38 -3.4e+38 -3.4e+38 -3.4e+38 -3.4e+38 -3.4e+38
