data/climate_estimation/maxent_output/Wurmbea_spicata.asc
NCOLS 51 
NROWS 38 
XLLCORNER 18.25 
YLLCORNER -34.5 
CELLSIZE 0.0833333333333333 
NODATA_value -3.4e+38 
[rows 0 to 19 of 38, columns 0 to 44 of 51]
0.256205558776855 0.231461316347122 0.261095106601715 0.262626111507416 0.252522319555283 0.218043565750122 0.23093618452549 0.192057847976685 0.193168476223946 0.965311706066132 0.938895583152771 0.92284232378006 0.844298243522644 0.660224735736847 0.561248600482941 0.458626091480255 0.339193642139435 0.299077481031418 0.269847631454468 0.213642776012421 0.207573145627975 0.148213520646095 0.148469373583794 0.111314356327057 0.00613592378795147 0.00660508871078491 0.00816885940730572 0.00732634915038943 0.00760250259190798 0.00850899238139391 0.00928065646439791 0.00447826040908694 0.00557161634787917 0.00543956458568573 0.00469919107854366 0.00516826286911964 0.00725856982171535 0.00598277011886239 0.0091293016448617 0.00927780754864216 0.0091957189142704 0.0113816689699888 0.00900373794138432 0.00975370034575462 0.00998391956090927
0.064081609249115 0.30071684718132 0.261163502931595 0.269128292798996 0.238578930497169 0.233693301677704 0.223334535956383 0.207556679844856 0.194351866841316 0.931562185287476 0.976765632629395 0.929236710071564 0.858617901802063 0.715844810009003 0.67707633972168 0.497738152742386 0.415022045373917 0.365573108196259 0.299805104732513 0.221923306584358 0.178289443254471 0.170184016227722 0.146134227514267 0.110975950956345 0.00745360506698489 0.0069353231228888 0.00695609487593174 0.00833982694894075 0.00886121299117804 0.00898451544344425 0.00880884379148483 0.0100830858573318 0.00506160920485854 0.00567231280729175 0.00637722015380859 0.00503454590216279 0.00583315221592784 0.007158562541008 0.00744099542498589 0.00733775505796075 0.00997557211667299 0.0101936394348741 0.0081102941185236 0.00911556277424097 0.00730577437207103
0.0641801357269287 0.0625332295894623 0.0589709468185902 0.0553445965051651 0.234120145440102 0.220495954155922 0.209743112325668 0.196616977453232 0.643439054489136 0.979693472385406 0.943786799907684 0.953365981578827 0.899317681789398 0.749466478824615 0.675494134426117 0.565621912479401 0.492426127195358 0.40316703915596 0.348664551973343 0.24667963385582 0.216313824057579 0.177903562784195 0.167187824845314 0.0808675661683083 0.0820133313536644 0.0060286670923233 0.0061326720751822 0.00681592198088765 0.00745234172791243 0.00757523672655225 0.00932955928146839 0.0102947754785419 0.00465345289558172 0.00396395102143288 0.00522317318245769 0.00431796815246344 0.00532308779656887 0.00613964488729835 0.00762462476268411 0.00783253833651543 0.00705273728817701 0.00961885321885347 0.00794565118849277 0.00505991978570819 0.0069108190946281
0.30235230922699 0.262278765439987 0.0574944876134396 0.251972913742065 0.236788347363472 0.214831620454788 0.199487179517746 0.196748197078705 0.963990747928619 0.98370623588562 0.972909152507782 0.937190234661102 0.85774439573288 0.84296703338623 0.708685576915741 0.625174164772034 0.511664927005768 0.39471647143364 0.365838050842285 0.279238522052765 0.258905410766602 0.184375166893005 0.156308278441429 0.140148594975471 0.0716072097420692 0.00683072861284018 0.00702072819694877 0.00742015335708857 0.00588027574121952 0.00719330832362175 0.00817808415740728 0.00837091170251369 0.00391054945066571 0.0038062771782279 0.00409634131938219 0.00464762002229691 0.00461146561428905 0.00502463011071086 0.00524581503123045 0.00674597872421145 0.00990524236112833 0.00892563536763191 0.00582500966265798 0.00455057295039296 0.00603772420436144
0.287573784589767 0.263956189155579 0.266272693872452 0.251722723245621 0.224446058273315 0.207434192299843 0.971773564815521 0.658447325229645 0.963282406330109 0.979612171649933 0.977617383003235 0.948248207569122 0.912615776062012 0.778919577598572 0.652063190937042 0.69234836101532 0.556573152542114 0.422134220600128 0.319297611713409 0.301711708307266 0.25630921125412 0.192195907235146 0.16634176671505 0.148944154381752 0.0830466002225876 0.0903700441122055 0.0074313972145319 0.00712766218930483 0.00732072396203876 0.00703922240063548 0.00778750469908118 0.00856092758476734 0.00381053029559553 0.00415643863379955 0.00446745939552784 0.00478047830983996 0.00427364418283105 0.00520341331139207 0.00475036026909947 0.00769215356558561 0.00637574587017298 0.00441659055650234 0.00595275592058897 0.00527157913893461 0.00526699516922235
0.289744645357132 0.263242810964584 0.763844966888428 0.760956645011902 0.743674516677856 0.992713332176208 0.991114258766174 0.959966123104095 0.941910684108734 0.898469805717468 0.869089603424072 0.922602534294128 0.907334089279175 0.774935960769653 0.658409476280212 0.492652177810669 0.442359179258347 0.289451092481613 0.341422826051712 0.310890883207321 0.234010085463524 0.237464040517807 0.177305549383163 0.138947352766991 0.0869340300559998 0.0810048505663872 0.00647459318861365 0.00653191097080708 0.005995889659971 0.00598225416615605 0.0068835187703371 0.00721781235188246 0.00812549982219934 0.00408607115969062 0.00444074627012014 0.00348696508444846 0.00472730677574873 0.0046609896235168 0.00431965431198478 0.0071414653211832 0.00617568707093596 0.00679363263770938 0.00785739719867706 0.00484249368309975 0.00453164521604776
0.274519950151443 0.790489912033081 0.745956361293793 0.983915448188782 0.732197761535645 0.974237382411957 0.962051331996918 0.951161623001099 0.891256868839264 0.840016722679138 0.807312428951263 0.795842289924622 0.905109405517578 0.724598288536072 0.659895241260529 0.18824814260006 0.530011713504791 0.307794034481049 0.287373781204224 0.276704847812653 0.250782042741776 0.235717222094536 0.135838150978088 0.161317974328995 0.0234383903443813 0.0165657512843609 0.016873799264431 0.0075386599637568 0.0054515553638339 0.00637092674151063 0.0056200148537755 0.00679239770397544 0.00869008712470531 0.0038107477594167 0.00377171160653234 0.00354831456206739 0.00459243264049292 0.00379975885152817 0.00452049821615219 0.00548976007848978 0.00641654012724757 0.00694899866357446 0.00513832410797477 0.00615000491961837 0.00616463832557201
0.272271156311035 0.805095493793488 0.759864032268524 0.983579456806183 0.995307803153992 0.969457983970642 0.990070581436157 0.984170317649841 0.848082840442657 0.796637415885925 0.736370146274567 0.287479609251022 0.728487253189087 0.732834577560425 0.662066996097565 0.269891113042831 0.400844544172287 0.346323221921921 0.101810932159424 0.1809141933918 0.290795058012009 0.269508630037308 0.132275968790054 0.177503272891045 0.115915670990944 0.019063314422965 0.0884992256760597 0.0072313454002142 0.00653626909479499 0.00724286586046219 0.00667873909696937 0.006111198104918 0.00733986217528582 0.00673185149207711 0.00341570470482111 0.00332730473019183 0.00409416574984789 0.00440187379717827 0.00492927432060242 0.00456044310703874 0.00607782602310181 0.00679122935980558 0.00730336736887693 0.00591359613463283 0.00616072583943605
0.826633095741272 0.785598993301392 0.989396393299103 0.981266677379608 0.993278384208679 0.992114901542664 0.940416097640991 0.985429465770721 0.964902877807617 0.869528532028198 0.861821830272675 0.669829070568085 0.63942962884903 0.626803457736969 0.646893620491028 0.231928378343582 0.197297364473343 0.11732380092144 0.245232343673706 0.170294389128685 0.156846463680267 0.199910044670105 0.144846722483635 0.128714740276337 0.122502066195011 0.101621888577938 0.103280521929264 0.0249030087143183 0.019410939887166 0.0167997926473618 0.0076078693382442 0.00742422509938478 0.00688725057989359 0.0085494127124548 0.00335375987924635 0.00417316798120737 0.00463792681694031 0.00452437717467546 0.00477214343845844 0.00554214650765061 0.00568945379927754 0.0067766048014164 0.00455723144114017 0.00471196183934808 0.00613689189776778
0.810436546802521 0.993623375892639 0.985623717308044 0.99742728471756 0.994324445724487 0.994259893894196 0.977855384349823 0.917771995067596 0.982309281826019 0.973226070404053 0.89678543806076 0.808869004249573 0.816645741462708 0.65543794631958 0.595424652099609 0.206890031695366 0.209004685282707 0.162474349141121 0.101242177188396 0.044099897146225 0.145009279251099 0.102086938917637 0.114472284913063 0.112029656767845 0.125117421150208 0.119568534195423 0.123730815947056 0.135098934173584 0.0243098977953196 0.0207415092736483 0.0231349654495716 0.00679004844278097 0.005355688277632 0.00773344608023763 0.00308601348660886 0.00350281200371683 0.00359697989188135 0.00487147644162178 0.00524462666362524 0.00521796196699142 0.00557737378403544 0.00732271559536457 0.00804966222494841 0.00823593977838755 0.00606765085831285
0.824392676353455 0.994006454944611 0.988912761211395 0.996955573558807 0.992771089076996 0.992218971252441 0.990626394748688 0.752695679664612 0.88510936498642 0.98862624168396 0.972374796867371 0.947903513908386 0.929016292095184 0.808115780353546 0.607785642147064 0.178152441978455 0.154901593923569 0.107286989688873 0.122508250176907 0.0500222407281399 0.0366131961345673 0.0315826311707497 0.0493380352854729 0.131713837385178 0.144687160849571 0.117185108363628 0.116903997957706 0.141114607453346 0.0290187280625105 0.0223540384322405 0.0203141383826733 0.00746308965608478 0.00696698110550642 0.00564080756157637 0.00815125089138746 0.0037584260571748 0.00398927321657538 0.00473094685003161 0.00528619298711419 0.00623378437012434 0.00539256958290935 0.00662418641149998 0.00862403400242329 0.00681764306500554 0.00651669362559915
0.994657337665558 0.992375910282135 0.99802166223526 0.998444736003876 0.993999600410461 0.993488669395447 0.994823634624481 0.963867843151093 0.866913020610809 0.962496101856232 0.974929571151733 0.941186964511871 0.927029430866241 0.854449570178986 0.59409511089325 0.178259685635567 0.132842838764191 0.0908367484807968 0.045890249311924 0.059548981487751 0.0366214029490948 0.0215591248124838 0.0174776408821344 0.0890638381242752 0.13613286614418 0.144091486930847 0.135011419653893 0.148143440485001 0.136838302016258 0.122233793139458 0.0278910286724567 0.00781084131449461 0.00645751925185323 0.00738391047343612 0.00922946538776159 0.00417105620726943 0.00393293797969818 0.00466691423207521 0.00628937222063541 0.0060839862562716 0.0076217851601541 0.00871620234102011 0.00606989255174994 0.00712753366678953 0.00685225334018469
0.996018826961517 0.999228298664093 0.998657405376434 0.996734261512756 0.994308650493622 0.994023978710175 0.993175148963928 0.989827811717987 0.906265318393707 0.986695408821106 0.954879581928253 0.965740501880646 0.927856385707855 0.853888750076294 0.760634899139404 0.440677285194397 0.407033324241638 0.085919052362442 0.0462735928595066 0.0386309884488583 0.0272313896566629 0.021257933229208 0.0139841809868813 0.0396692603826523 0.00965350121259689 0.125963613390923 0.155272826552391 0.178837791085243 0.162027090787888 0.149526476860046 0.0318657048046589 0.0247413236647844 0.00815257243812084 0.00848109275102615 0.0117575088515878 0.0124101573601365 0.00549224857240915 0.00504356855526567 0.00473448913544416 0.00593707477673888 0.00803005136549473 0.00716097559779882 0.00869756937026978 0.0125921443104744 0.00993061810731888
-3.4e+38 0.999373316764832 0.997579574584961 0.998721599578857 0.995311975479126 0.993329226970673 0.991553962230682 0.984691321849823 0.922023594379425 0.951381206512451 0.976293623447418 0.960413753986359 0.953836023807526 0.921128511428833 0.766954004764557 0.491054445505142 0.283246546983719 0.23372158408165 0.0496312417089939 0.0302592013031244 0.0237808506935835 0.0199946351349354 0.0178301390260458 0.0123593853786588 0.0356070287525654 0.115288183093071 0.155282467603683 0.157812014222145 0.147015377879143 0.16443632543087 0.03526845946908 0.0300077814608812 0.0105602899566293 0.00987629033625126 0.0106491111218929 0.0135378809645772 0.00818391516804695 0.00430469075217843 0.00490281125530601 0.00831402558833361 0.00891194120049477 0.00782067701220512 0.0102155143395066 0.0141726173460484 0.01422518491745
0.999744236469269 0.998622357845306 0.999365270137787 0.998821079730988 0.992819726467133 0.995702803134918 0.991190254688263 0.983792185783386 0.952919661998749 0.930919945240021 0.985657691955566 0.949985802173615 0.932360470294952 0.855167090892792 0.792463958263397 0.351390272378922 0.263198107481003 0.19511966407299 0.149975702166557 0.0331128537654877 0.0334293469786644 0.0623306408524513 0.0511563681066036 0.0100520541891456 0.00221515446901321 0.05634506046772 0.122842520475388 0.115166768431664 0.14363706111908 0.15608911216259 0.0386987552046776 0.0331236347556114 0.0352959744632244 0.0150314960628748 0.0128403659909964 0.00629961909726262 0.00364226126112044 0.00422137835994363 0.00470479857176542 0.00623686099424958 0.00636579282581806 0.00705485325306654 0.0115881999954581 0.0251984354108572 0.0134153217077255
0.999814569950104 0.999838292598724 0.999283909797668 0.994228303432465 0.994517505168915 0.997120976448059 0.987764239311218 0.972810685634613 0.958606123924255 0.888012588024139 0.97841465473175 0.969518780708313 0.947628438472748 0.90157413482666 0.61791318655014 0.467402368783951 0.303755909204483 0.182560786604881 0.100793421268463 0.106455914676189 0.0793017670512199 0.0495698824524879 0.0620607174932957 0.0480004921555519 0.00253529031760991 0.00324827688746154 0.00365756754763424 0.00462681008502841 0.114357151091099 0.165450766682625 0.0478030033409595 0.0474314168095589 0.0421350300312042 0.0439354777336121 0.0132664199918509 0.00747525040060282 0.00404834700748324 0.00571022508665919 0.00638602906838059 0.00479208352044225 0.00701139634475112 0.0130759561434388 0.016737125813961 0.0215508528053761 0.0189819559454918
0.999857485294342 0.999582409858704 0.998363196849823 0.991471350193024 0.994256794452667 0.985932052135468 0.983832180500031 0.975206673145294 0.936587810516357 0.868919730186462 0.979433178901672 0.973351836204529 0.941235601902008 0.912017405033112 0.847198665142059 0.6821009516716 0.440443575382233 0.163960918784142 0.108395285904408 0.103713735938072 0.0723084583878517 0.0547440648078918 0.0575176402926445 0.0505762286484241 0.0430575236678123 0.0023033912293613 0.00237770774401724 0.00304525345563889 0.00520870881155133 0.0244972836226225 0.033236637711525 0.0116646802052855 0.00918947253376245 0.0128448400646448 0.0116651365533471 0.00798227358609438 0.00343932746909559 0.00519432406872511 0.0071491408161819 0.00453721126541495 0.00651733623817563 0.00777076883241534 0.0129432510584593 0.0243456233292818 0.0185918211936951
0.999942064285278 0.999684870243073 0.998169481754303 0.997802078723907 0.995332419872284 0.981609463691711 0.990224599838257 0.975662410259247 0.943293035030365 0.90643572807312 0.939802646636963 0.969034135341644 0.909317553043365 0.924360275268555 0.894016027450562 0.717095971107483 0.635721385478973 0.254298150539398 0.118080869317055 0.0744715258479118 0.0687267705798149 0.0751971453428268 0.0535019934177399 0.0816589668393135 0.0884703323245049 0.00431278953328729 0.00369911454617977 0.00429016212001443 0.0166286788880825 0.0192714035511017 0.00877198111265898 0.00871337670832872 0.00670575397089124 0.00826023519039154 0.0102338241413236 0.00953913107514381 0.00327766849659383 0.00290212454274297 0.00714805070310831 0.00509335193783045 0.00929029379040003 0.00958015769720078 0.0157222710549831 0.0168896075338125 0.0192075986415148
0.999955832958221 0.999929130077362 0.999149024486542 0.995561420917511 0.997807264328003 0.991116523742676 0.979797840118408 0.975282490253448 0.929643630981445 0.892495214939117 0.888577222824097 0.963544011116028 0.861148416996002 0.951569199562073 0.911562502384186 0.883910298347473 0.779863834381104 0.344595700502396 0.146374836564064 0.0902812406420708 0.0663871690630913 0.0570048689842224 0.0531377680599689 0.0805334001779556 0.161641925573349 0.0896454975008965 0.0719552263617516 0.0800909250974655 0.075012631714344 0.00678897183388472 0.00725072948262095 0.00738942064344883 0.00681050773710012 0.00888678058981895 0.0117402765899897 0.0114997262135148 0.00361831206828356 0.00548449112102389 0.00582248065620661 0.00867950450628996 0.0108352834358811 0.0112063400447369 0.014003312215209 0.0181481782346964 0.0186411086469889
0.999840021133423 0.999753057956696 0.999330639839172 0.999109506607056 0.997708201408386 0.993700802326202 0.987434685230255 0.978516757488251 0.900980055332184 0.946560323238373 0.961504220962524 0.848770558834076 0.891042470932007 0.93196427822113 0.768054366111755 0.820155918598175 0.733231544494629 0.25804129242897 0.144566342234612 0.110518559813499 0.0542037487030029 0.0581904351711273 0.0558348968625069 0.0897101908922195 0.0861463844776154 0.0948377773165703 0.163063779473305 0.12985010445118 0.0939828082919121 0.0803299993276596 0.00599840050563216 0.00705937668681145 0.00735501758754253 0.0117296790704131 0.0173799619078636 0.00623935041949153 0.00478103710338473 0.00550053687766194 0.00546992616727948 0.00692631863057613 0.0126316510140896 0.01250268984586 0.0169437322765589 0.0180697329342365 0.0140985669568181
