data/climate_estimation/maxent_output/Wurmbea_latifolia.asc
NCOLS 454 
NROWS 190 
XLLCORNER 116 
YLLCORNER -41.1666666666667 
CELLSIZE 0.0833333333333333 
NODATA_value -3.4e+38 
[rows 88 to 109 of 190, columns 294 to 342 of 454]
0.00631991494446993 0.00614115502685308 0.00625350326299667 0.00541046680882573 0.00542729673907161 0.00546252494677901 0.0052322125993669 0.00701490323990583 0.00694467034190893 0.00693390239030123 0.00674724392592907 0.0073678526096046 0.00727356364950538 0.00713372696191072 0.00724790664389729 0.0067167547531426 0.00717682717368007 0.00726429233327508 0.00788635201752186 0.00859314855188131 0.00904077105224133 0.00969027075916529 0.0106245959177613 0.0102564338594675 0.0111526660621166 0.0110407844185829 0.0110588697716594 0.0113804116845131 0.0113574899733067 0.00981191638857126 0.00921099260449409 0.00888398475944996 0.00764140440151095 0.0824164301156998 0.0826563611626625 0.0886113494634628 0.0692680925130844 0.0149292415007949 0.0786016285419464 0.0179841741919518 0.01923768222332 0.0192706417292356 0.0222338791936636 0.0237675327807665 0.0238875597715378 0.0253281369805336 0.0249733086675406 0.0253281369805336 0.0238809045404196
0.00796244293451309 0.00584131060168147 0.00554227223619819 0.0056598037481308 0.00696159247308969 0.00662436755374074 0.00652512861415744 0.00667665200307965 0.00689262244850397 0.00683669792488217 0.00662260456010699 0.00702356686815619 0.0070321592502296 0.00720419641584158 0.00685736071318388 0.00842388533055782 0.00831410568207502 0.00822858698666096 0.00896369945257902 0.00875794235616922 0.00835644919425249 0.0093452138826251 0.0100481854751706 0.0102260764688253 0.0104063870385289 0.0107809575274587 0.0105632562190294 0.0101617854088545 0.0105445394292474 0.0104283150285482 0.00942707434296608 0.00923889502882957 0.00914621166884899 0.0954170376062393 0.0913947150111198 0.0950501635670662 0.106119856238365 0.112614706158638 0.11952718347311 0.137171298265457 0.0192427225410938 0.0223686620593071 0.0214952100068331 0.0233519095927477 0.0266911592334509 0.0263971295207739 0.0264096520841122 0.0275838002562523 0.0253824107348919
0.00710692629218102 0.00730552896857262 0.00662505347281694 0.00649680849164724 0.00633660610765219 0.00654408289119601 0.00657963799312711 0.00647861743345857 0.00688994908705354 0.00659184157848358 0.00686873495578766 0.00731307920068502 0.00696665421128273 0.00696123810485005 0.00790571980178356 0.00832881592214108 0.00926138460636139 0.009047313593328 0.00920785870403051 0.00864019338041544 0.00973897706717253 0.0103110047057271 0.0106563186272979 0.0103295454755425 0.0104224253445864 0.0106450859457254 0.0100162755697966 0.0100162755697966 0.0102543672546744 0.0102543672546744 0.0100903520360589 0.00993895903229713 0.0997550413012505 0.0950290113687515 0.0955089628696442 0.110997818410397 0.121257483959198 0.110883548855782 0.125910848379135 0.134965837001801 0.135120376944542 0.169390827417374 0.0227259695529938 0.0236121825873852 0.018086351454258 0.0203690230846405 0.0194518696516752 0.0284712854772806 0.0256321150809526
0.00664164172485471 0.0065828668884933 0.00659051444381475 0.0065498286858201 0.00663589965552092 0.00657709175720811 0.00631462642922997 0.00677581364288926 0.0076143997721374 0.00780591182410717 0.00652215303853154 0.00659450516104698 0.00825625751167536 0.00786227453500032 0.00786227453500032 0.00895022135227919 0.00895022135227919 0.00921084638684988 0.00939806178212166 0.00974494218826294 0.00986529234796762 0.0102729052305222 0.010726161301136 0.0106482626870275 0.00994185823947191 0.010771369561553 0.0107383700087667 0.010198344476521 0.0101165333762765 0.00988011807203293 0.0109994001686573 0.0109028043225408 0.102253437042236 0.100192435085773 0.116997718811035 0.111210107803345 0.121231988072395 0.115576095879078 0.132564201951027 0.133444085717201 0.143672615289688 0.149078339338303 0.158219963312149 0.173782929778099 0.180691972374916 0.0255650766193867 0.0274596326053143 0.0284784194082022 0.0258787423372269
0.00612599542364478 0.00609061447903514 0.0059588891454041 0.00766632985323668 0.00724893994629383 0.00734984874725342 0.00790504738688469 0.00770548917353153 0.00775344530120492 0.00821475591510534 0.00813532527536154 0.00804441887885332 0.00941530708223581 0.00843832734972239 0.00907586142420769 0.00909314304590225 0.0090683875605464 0.0101960897445679 0.0104922624304891 0.0101109938696027 0.0109838722273707 0.0104653593152761 0.0117463357746601 0.0107192480936646 0.0108927804976702 0.0108544807881117 0.0100845573469996 0.00996356084942818 0.010239495895803 0.0100890723988414 0.118288569152355 0.0109137929975986 0.0107908230274916 0.121555529534817 0.121440149843693 0.12762650847435 0.122972309589386 0.128334566950798 0.137424439191818 0.148017913103104 0.146579638123512 0.155006244778633 0.167505815625191 0.172656953334808 0.182165950536728 0.191023901104927 0.201047196984291 0.0268119089305401 0.0278705898672342
0.00617111707106233 0.00638297479599714 0.00674087041988969 0.00761459209024906 0.00747313862666488 0.00739834737032652 0.00765747623518109 0.0080485250800848 0.00897152349352837 0.00864715594798326 0.00839864835143089 0.00861726328730583 0.00916319992393255 0.00912802945822477 0.00903295818716288 0.00965378805994987 0.00932649150490761 0.0104671102017164 0.0100754648447037 0.0104066524654627 0.0108184004202485 0.0115350158885121 0.0120696611702442 0.0117968190461397 0.0114752696827054 0.0103285359218717 0.0104224486276507 0.0109982695430517 0.0112612042576075 0.0108964508399367 0.0103718983009458 0.0110326902940869 0.116946436464787 0.128672778606415 0.128155440092087 0.126856327056885 0.135326743125916 0.136479586362839 0.143358141183853 0.141194716095924 0.149744778871536 0.159407198429108 0.149314597249031 0.159917443990707 0.187525138258934 0.185382887721062 0.187879681587219 0.203449845314026 0.0271171703934669
0.0773200243711472 0.007099867798388 0.00763669889420271 0.00753691559657454 0.00748181669041514 0.00857472140341997 0.00834391359239817 0.00806718971580267 0.00844299513846636 0.00873185973614454 0.00894402246922255 0.0084275808185339 0.00916364602744579 0.0102365529164672 0.00981675647199154 0.00974061898887157 0.00969521980732679 0.0105326501652598 0.0110645405948162 0.0123544437810779 0.0123544437810779 0.0114767197519541 0.0115787796676159 0.0110658202320337 0.0109076788648963 0.0107599338516593 0.0116399368271232 0.0111516015604138 0.0110733238980174 0.114194884896278 0.0104662934318185 0.117503888905048 0.0129746627062559 0.135679438710213 0.130233719944954 0.149370789527893 0.151273459196091 0.157572224736214 0.14063586294651 0.141033306717873 0.139215677976608 0.152108684182167 0.161212086677551 0.163696199655533 0.169547572731972 0.170145586133003 0.193338766694069 0.199537709355354 0.0263770632445812
0.00783266872167587 0.0827643424272537 0.0900678411126137 0.0947259962558746 0.092733345925808 0.0947474464774132 0.00863475445657969 0.00891668722033501 0.00878259819000959 0.00908762309700251 0.00987696927040815 0.106345407664776 0.00975136831402779 0.00991227850317955 0.00987809151411057 0.10765665769577 0.0109378648921847 0.0112560437992215 0.0112253585830331 0.0128936236724257 0.14706052839756 0.143776386976242 0.13448078930378 0.124762311577797 0.117884166538715 0.124070227146149 0.128439217805862 0.13247874379158 0.0108339060097933 0.131491839885712 0.147158965468407 0.012058624997735 0.012826343998313 0.0139119792729616 0.157261684536934 0.157427832484245 0.16327078640461 0.142535954713821 0.138833850622177 0.146259054541588 0.144757628440857 0.142761915922165 0.156885504722595 0.166036576032639 0.179122000932693 0.189466878771782 0.187812075018883 0.216470494866371 0.216627195477486
0.0853892862796783 0.0837545916438103 0.0906394049525261 0.0979820713400841 0.0946694985032082 0.107530646026134 0.104396902024746 0.103771328926086 0.103705413639545 0.110835537314415 0.107055194675922 0.11133049428463 0.140493988990784 0.112654536962509 0.118946485221386 0.115159630775452 0.115693412721157 0.131655663251877 0.113451577723026 0.146172717213631 0.122887536883354 0.125279173254967 0.124912597239017 0.120297223329544 0.115385144948959 0.13017600774765 0.126613229513168 0.138294577598572 0.153719171881676 0.158014982938766 0.155220150947571 0.0123784178867936 0.0133265890181065 0.149865493178368 0.160203665494919 0.161099582910538 0.157843798398972 0.158935382962227 0.155655279755592 0.143980994820595 0.139926880598068 0.153944477438927 0.165692672133446 0.169773399829865 0.179653286933899 0.191778227686882 0.189858302474022 0.226124852895737 0.226085141301155
0.0844186320900917 0.0926780551671982 0.0922534167766571 0.0954789221286774 0.0963523164391518 0.0935276448726654 0.105015195906162 0.111304603517056 0.111944027245045 0.110958188772202 0.107888899743557 0.10557322204113 0.122227475047112 0.123775720596313 0.119318515062332 0.120022609829903 0.118443794548512 0.120422810316086 0.126183435320854 0.130734339356422 0.130517929792404 0.125257208943367 0.12578646838665 0.121415995061398 0.113846257328987 0.122410461306572 0.133117035031319 0.139142125844955 0.152995482087135 0.173996850848198 0.156943038105965 0.0134413195773959 0.148262813687325 0.146640509366989 0.162232741713524 0.157225131988525 0.157078891992569 0.154552236199379 0.15614415705204 0.150847807526588 0.154408246278763 0.159541249275208 0.174983337521553 0.163201004266739 0.177481532096863 0.195454984903336 0.216917961835861 0.225680932402611 0.216162621974945
0.0960802286863327 0.0963511392474174 0.100628338754177 0.0897762179374695 0.104536049067974 0.108902677893639 0.105575479567051 0.1145129352808 0.114008404314518 0.111944027245045 0.109506346285343 0.108026683330536 0.114293567836285 0.145148098468781 0.118989333510399 0.119208380579948 0.129440799355507 0.127602607011795 0.131743460893631 0.131743460893631 0.13126203417778 0.138954639434814 0.135071441531181 0.12578646838665 0.134402394294739 0.133616656064987 0.142232894897461 0.164597064256668 0.162086918950081 0.151257023215294 0.163369461894035 0.156510710716248 0.154212757945061 0.174251556396484 0.157766878604889 0.152826860547066 0.19839608669281 0.0146497013047338 0.157518893480301 0.168485552072525 0.166626423597336 0.160602435469627 0.165657892823219 0.174144268035889 0.187010988593102 0.214869037270546 0.212815970182419 0.229482352733612 0.226224839687347
0.0983866155147552 0.10738131403923 0.102554358541965 0.0991531908512115 0.102612882852554 0.112522147595882 0.119105212390423 0.115273639559746 0.112624704837799 0.110982783138752 0.116959027945995 0.120557032525539 0.120557032525539 0.137521728873253 0.13412606716156 0.136571571230888 0.132688030600548 0.132688030600548 0.140770688652992 0.140770688652992 0.140382945537567 0.140382945537567 0.139565140008926 0.135318979620934 0.140551015734673 0.147791653871536 0.15225113928318 0.168117642402649 0.165633976459503 0.15093044936657 0.171231731772423 0.181719452142715 0.170641884207726 0.181629106402397 0.185646012425423 0.193170115351677 0.198176503181458 0.177861258387566 0.174619719386101 0.174619719386101 0.175102576613426 0.189209818840027 0.196649804711342 0.22176194190979 0.226144433021545 0.21023003757 0.220067352056503 0.258814454078674 0.243505045771599
0.0964781418442726 0.110277466475964 0.106951385736465 0.109339840710163 0.116910636425018 0.113813847303391 0.118712477385998 0.115590117871761 0.114808209240437 0.124883703887463 0.122072339057922 0.131504520773888 0.130497083067894 0.137748792767525 0.124161541461945 0.134544521570206 0.145350322127342 0.145350322127342 0.144716709852219 0.143091544508934 0.143666297197342 0.135346531867981 0.139361366629601 0.156055584549904 0.152837991714478 0.151565924286842 0.177074670791626 0.188471227884293 0.167592152953148 0.166328504681587 0.169817075133324 0.178556516766548 0.186278149485588 0.19482259452343 0.208416923880577 0.207298591732979 0.184592813253403 0.188277989625931 0.184737056493759 0.192341893911362 0.197833150625229 0.199346140027046 0.209717392921448 0.2203768491745 0.230638653039932 0.24329562485218 0.25585812330246 0.270262181758881 0.285094827413559
0.125252977013588 0.135382771492004 0.135016351938248 0.131094887852669 0.136579051613808 0.143893599510193 0.141176417469978 0.14772292971611 0.147883296012878 0.130223199725151 0.126613661646843 0.122791528701782 0.135737746953964 0.133489385247231 0.130449295043945 0.138921454548836 0.144904211163521 0.146411970257759 0.146731838583946 0.144980415701866 0.14330030977726 0.159155815839767 0.155580386519432 0.154119729995728 0.161855801939964 0.179696142673492 0.199187889695168 0.178029775619507 0.167191177606583 0.167491853237152 0.189633622765541 0.189904943108559 0.187954366207123 0.217112764716148 0.217112764716148 0.210648491978645 0.189067900180817 0.201232418417931 0.19905498623848 0.198153808712959 0.20039439201355 0.195897683501244 0.21586374938488 0.226384580135345 0.236295983195305 0.259463250637054 0.262880593538284 0.280498266220093 0.295019745826721
0.12789648771286 0.123894825577736 0.13592503964901 0.141641408205032 0.142440959811211 0.147697404026985 0.152155175805092 0.163547217845917 0.165698856115341 0.142421811819077 0.139042943716049 0.134937658905983 0.157039687037468 0.157121673226357 0.1424560546875 0.146266281604767 0.139880478382111 0.139299795031548 0.153503581881523 0.158549547195435 0.165478691458702 0.163461863994598 0.161448955535889 0.182001650333405 0.199516862630844 0.205119222402573 0.199187889695168 0.178605034947395 0.184912621974945 0.19635970890522 0.196152180433273 0.193623885512352 0.219035550951958 0.216092243790627 0.221140891313553 0.227211281657219 0.214161172509193 0.212264537811279 0.206416547298431 0.220320999622345 0.217029735445976 0.212667778134346 0.213475197553635 0.232510760426521 0.248012483119965 0.256632745265961 0.269436746835709 0.270845711231232 0.295444518327713
0.131594642996788 0.137134775519371 0.135657787322998 0.145812690258026 0.141705334186554 0.141705334186554 0.158966109156609 0.173287332057953 0.167821854352951 0.145164147019386 0.14325287938118 0.159580633044243 0.158032611012459 0.149838015437126 0.142329156398773 0.141862750053406 0.142069876194 0.139755681157112 0.164172753691673 0.168686091899872 0.184543058276176 0.192731127142906 0.192252457141876 0.207131296396255 0.206985205411911 0.222802028059959 0.210145249962807 0.209775626659393 0.204015150666237 0.208621978759766 0.202888950705528 0.225973784923553 0.225821822881699 0.222487434744835 0.241631865501404 0.218578830361366 0.215494766831398 0.235060721635818 0.230155482888222 0.219777643680573 0.217304602265358 0.23073074221611 0.251339793205261 0.272164285182953 0.254339784383774 0.26116555929184 0.259496480226517 0.292451858520508 0.30303880572319
0.144947618246078 0.143479749560356 0.132974192500114 0.132393136620522 0.163917735219002 0.17026025056839 0.162548020482063 0.157119899988174 0.180939674377441 0.14524444937706 0.143774539232254 0.154710128903389 0.161455705761909 0.161513909697533 0.149729266762733 0.144410312175751 0.161729842424393 0.157987728714943 0.169598519802094 0.173123225569725 0.20393830537796 0.20314858853817 0.197721660137177 0.229909047484398 0.218310415744781 0.2178785353899 0.218183964490891 0.211752563714981 0.210515439510345 0.223220631480217 0.236993923783302 0.235764443874359 0.226277947425842 0.288064241409302 0.243894770741463 0.242907106876373 0.235702931880951 0.270841300487518 0.229759067296982 0.258425325155258 0.25685116648674 0.259554535150528 0.275663584470749 0.27811336517334 0.269515454769135 0.288311690092087 0.279439568519592 0.29290235042572 0.302476435899734
0.118693970143795 0.159292638301849 0.151249378919601 0.149856418371201 0.181658357381821 0.19338770210743 0.185285657644272 0.16130119562149 0.161328867077827 0.16170659661293 0.157393902540207 0.163327693939209 0.162097007036209 0.175025120377541 0.174336478114128 0.171438276767731 0.163923248648643 0.175023421645164 0.178648337721825 0.19540311396122 0.206323429942131 0.206675559282303 0.23743087053299 0.234460085630417 0.229111433029175 0.230096474289894 0.234531655907631 0.236190587282181 0.226527780294418 0.237955585122108 0.236066162586212 0.23737920820713 0.237322703003883 0.253014981746674 0.277301043272018 0.243084564805031 0.241455286741257 0.256123006343842 0.254085898399353 0.286564201116562 0.303571581840515 0.294564545154572 0.301066011190414 0.273223400115967 0.297498404979706 0.297751188278198 0.278156012296677 0.293903291225433 0.301707804203033
0.131809443235397 0.129720002412796 0.126979604363441 0.152854666113853 0.186220079660416 0.182370856404305 0.205473497509956 0.200313344597816 0.180672749876976 0.162381321191788 0.162556901574135 0.184218674898148 0.184331804513931 0.180640310049057 0.180640310049057 0.180253684520721 0.176545560359955 0.203503206372261 0.205990239977837 0.207899287343025 0.214951828122139 0.249441742897034 0.241689473390579 0.23519192636013 0.244984641671181 0.243778437376022 0.24226850271225 0.250660330057144 0.246805027127266 0.242699593305588 0.239525943994522 0.238368004560471 0.254496514797211 0.253014981746674 0.24634450674057 0.260802567005157 0.254787296056747 0.273312509059906 0.309444695711136 0.309641242027283 0.304950028657913 0.302624970674515 0.294940322637558 0.30306875705719 0.308330744504929 0.325007081031799 0.319629848003387 0.297092765569687 0.321505308151245
0.131002008914948 0.102467820048332 0.13816200196743 0.169521749019623 0.165354281663895 0.178780660033226 0.192178964614868 0.206559047102928 0.231939822435379 0.226105779409409 0.224724873900414 0.209757924079895 0.209141373634338 0.201655343174934 0.22045873105526 0.214935109019279 0.238612532615662 0.235159203410149 0.224631249904633 0.225023165345192 0.233757138252258 0.242992728948593 0.262200564146042 0.23519192636013 0.249587282538414 0.261407136917114 0.25989642739296 0.258922696113586 0.255487114191055 0.265273422002792 0.265298753976822 0.301472902297974 0.263431668281555 0.266311228275299 0.302091956138611 0.324913710355759 0.286848843097687 0.321261137723923 0.318436473608017 0.317813217639923 0.313028037548065 0.312235832214355 0.346644371747971 0.340478092432022 0.324730575084686 0.341510415077209 0.36074423789978 0.342442691326141 0.340757489204407
0.154796048998833 0.164961993694305 0.16239607334137 0.179226502776146 0.173922404646873 0.195022538304329 0.197879999876022 0.202203884720802 0.223425298929214 0.238771751523018 0.269630521535873 0.220241531729698 0.219397768378258 0.243684068322182 0.246253684163094 0.240016981959343 0.247587889432907 0.246231243014336 0.241073563694954 0.241268590092659 0.240355089306831 0.252363055944443 0.251500934362411 0.274872928857803 0.275987863540649 0.275058507919312 0.269864022731781 0.261318057775497 0.275602728128433 0.278275221586227 0.311554461717606 0.283903658390045 0.27646067738533 0.296633183956146 0.334716618061066 0.325843155384064 0.285285472869873 0.341539472341537 0.354905664920807 0.352195680141449 0.348315060138702 0.350467175245285 0.352237939834595 0.349647253751755 0.343952238559723 0.346516013145447 0.367150366306305 0.363965630531311 0.382746517658234
0.158731952309608 0.182555586099625 0.167297065258026 0.200082719326019 0.192518219351768 0.199810892343521 0.218708351254463 0.223561659455299 0.223425298929214 0.258264452219009 0.269416868686676 0.295533269643784 0.27571964263916 0.284154057502747 0.263564229011536 0.25054743885994 0.249548882246017 0.245428249239922 0.24265718460083 0.267139077186584 0.275104075670242 0.267058670520782 0.279166519641876 0.291629433631897 0.278134942054749 0.292378902435303 0.289267361164093 0.285674512386322 0.299279361963272 0.340786784887314 0.328476995229721 0.3063944876194 0.346842527389526 0.304976135492325 0.338549554347992 0.358750432729721 0.353740394115448 0.350920587778091 0.348564296960831 0.358904659748077 0.359386682510376 0.360264718532562 0.371662735939026 0.357047826051712 0.391952693462372 0.388754695653915 0.385923057794571 0.406095385551453 0.40180715918541
