data/climate_estimation/maxent_output/Wurmbea_biglandulosa.asc
NCOLS 197 
NROWS 138 
XLLCORNER 137.583333333333 
YLLCORNER -37.8333333333333 
CELLSIZE 0.0833333333333333 
NODATA_value -3.4e+38 
[rows 60 to 79 of 138, columns 135 to 179 of 197]
0.611509680747986 0.685873806476593 0.693848967552185 0.742059111595154 0.750272512435913 0.767252206802368 0.771615862846375 0.835477888584137 0.841307401657104 0.865609526634216 0.840478658676147 0.842032194137573 0.509992659091949 0.65398108959198 0.584167420864105 0.77723354101181 0.668801784515381 0.712546646595001 0.775104463100433 0.753600239753723 0.803630232810974 0.850438058376312 0.862563133239746 0.85041606426239 0.855223715305328 0.853351294994354 0.7750403881073 0.770067870616913 0.725383996963501 0.699315071105957 0.563711881637573 0.367214322090149 0.334266006946564 0.4274021089077 0.518710851669312 0.633854031562805 0.634675800800323 0.58894419670105 0.555176734924316 0.529824018478394 0.596179723739624 0.621418237686157 0.66803514957428 0.712894916534424 0.748853206634521
0.617753207683563 0.689129710197449 0.728777647018433 0.750962495803833 0.787701785564423 0.771258234977722 0.813535690307617 0.818054914474487 0.834498882293701 0.849158763885498 0.863301873207092 0.746138036251068 0.573505163192749 0.575638115406036 0.741933643817902 0.695763647556305 0.746183633804321 0.787545323371887 0.865648746490479 0.813786268234253 0.819555699825287 0.834701299667358 0.872073829174042 0.866777062416077 0.792977333068848 0.787482380867004 0.766174793243408 0.771464228630066 0.507540941238403 0.475448578596115 0.464215159416199 0.334028422832489 0.474652230739594 0.610584497451782 0.703909635543823 0.683190941810608 0.625971734523773 0.570715010166168 0.580665767192841 0.516798257827759 0.516522526741028 0.624353587627411 0.695153295993805 0.758779942989349 0.745561897754669
0.646620213985443 0.696175873279572 0.774094998836517 0.784834742546082 0.809380531311035 0.79467386007309 0.821983933448792 0.847671806812286 0.85383129119873 0.824559211730957 0.844769537448883 0.874623119831085 0.779727220535278 0.720539808273315 0.857768893241882 0.845345377922058 0.842986941337585 0.843263506889343 0.886781752109528 0.855859458446503 0.855748891830444 0.874246060848236 0.887438774108887 0.860550284385681 0.801189959049225 0.781152844429016 0.767183721065521 0.757590174674988 0.5134596824646 0.763840973377228 0.733336806297302 0.632081627845764 0.628392159938812 0.775341212749481 0.722416281700134 0.665772140026093 0.594986736774445 0.6213738322258 0.63816225528717 0.578900933265686 0.531906545162201 0.622355043888092 0.740623831748962 0.716948390007019 0.753367841243744
0.64641135931015 0.727300643920898 0.755403101444244 0.782452166080475 0.790784358978271 0.834080815315247 0.83476448059082 0.860131978988647 0.844866573810577 0.809389054775238 0.82980352640152 0.831577599048615 0.863741040229797 0.867608487606049 0.871059775352478 0.874891042709351 0.870068967342377 0.887131631374359 0.909477531909943 0.897658944129944 0.91276741027832 0.913844466209412 0.891246676445007 0.843169331550598 0.814340233802795 0.759516656398773 0.764255344867706 0.629632413387299 0.390627920627594 0.729354500770569 0.841093003749847 0.899053871631622 0.888825833797455 0.786924779415131 0.704279243946075 0.699762284755707 0.697724580764771 0.653020203113556 0.665695607662201 0.601711392402649 0.570455074310303 0.667294263839722 0.676690220832825 0.586632132530212 0.695434629917145
0.694675803184509 0.733168482780457 0.7621750831604 0.802522361278534 0.828684389591217 0.803178191184998 0.84330028295517 0.827889025211334 0.813730835914612 0.790985643863678 0.808377623558044 0.821985363960266 0.834857761859894 0.785112082958221 0.772934377193451 0.795532286167145 0.837398886680603 0.869248628616333 0.890651404857635 0.914277017116547 0.9110347032547 0.905906558036804 0.881033182144165 0.833652019500732 0.767090857028961 0.794046401977539 0.817058384418488 0.800822615623474 0.695956349372864 0.593877613544464 0.823950111865997 0.894953072071075 0.869737803936005 0.8239626288414 0.75947231054306 0.671112239360809 0.701520502567291 0.682782709598541 0.612689614295959 0.666156232357025 0.728257119655609 0.730996370315552 0.787407040596008 0.774368822574615 0.734489381313324
0.686565339565277 0.718100547790527 0.754422247409821 0.792642951011658 0.807921409606934 0.826805412769318 0.839700639247894 0.847723007202148 0.804457485675812 0.80558979511261 0.808468401432037 0.834408462047577 0.839411735534668 0.795135617256165 0.738234162330627 0.609413743019104 0.802657425403595 0.823892831802368 0.844133973121643 0.867116868495941 0.858622550964355 0.859699010848999 0.793617069721222 0.802030503749847 0.82589590549469 0.829764068126678 0.813084781169891 0.79602062702179 0.680048704147339 0.85466992855072 0.871323227882385 0.420104891061783 0.691274583339691 0.809800863265991 0.755790650844574 0.730863511562347 0.660183548927307 0.651788294315338 0.688455164432526 0.733495652675629 0.727734982967377 0.739664673805237 0.76291024684906 0.770659446716309 0.772768497467041
0.676046967506409 0.696760058403015 0.755677759647369 0.785268306732178 0.795682311058044 0.846349000930786 0.845583140850067 0.809203684329987 0.803463816642761 0.813855707645416 0.836101830005646 0.841623604297638 0.873778223991394 0.852234899997711 0.872011542320251 0.857666254043579 0.845892906188965 0.83969783782959 0.85368400812149 0.838639318943024 0.856262862682343 0.854664206504822 0.85699200630188 0.871217668056488 0.900662243366241 0.871543347835541 0.870802938938141 0.843222379684448 0.82584285736084 0.876459062099457 0.55621749162674 0.198896050453186 0.345605164766312 0.765832960605621 0.762452602386475 0.736309587955475 0.687294900417328 0.725273668766022 0.677827715873718 0.699804365634918 0.730951368808746 0.742382943630219 0.769846081733704 0.785829067230225 0.787547707557678
0.702369928359985 0.739315748214722 0.807639479637146 0.818431377410889 0.816348195075989 0.824034214019775 0.836081564426422 0.841939330101013 0.850186347961426 0.844856441020966 0.855434715747833 0.873974621295929 0.890163838863373 0.906285524368286 0.899063408374786 0.915311098098755 0.864276826381683 0.889439404010773 0.89902251958847 0.892640233039856 0.904954552650452 0.900976300239563 0.899624288082123 0.880173981189728 0.890128672122955 0.861462116241455 0.884102523326874 0.883061170578003 0.868513286113739 0.850423395633698 0.402092576026917 0.150012642145157 0.635669767856598 0.783060312271118 0.661215901374817 0.731015205383301 0.666516244411469 0.660320520401001 0.71093761920929 0.728395700454712 0.779079258441925 0.77883780002594 0.802409648895264 0.796299815177917 0.802550375461578
0.681102097034454 0.74557626247406 0.758414089679718 0.766610622406006 0.783546984195709 0.787475168704987 0.835320651531219 0.860679864883423 0.841469585895538 0.85690975189209 0.896260321140289 0.885308921337128 0.896263003349304 0.897979378700256 0.916629314422607 0.854488372802734 0.859098792076111 0.885825574398041 0.755832970142365 0.910485327243805 0.883897066116333 0.865470886230469 0.905063271522522 0.883500576019287 0.868884742259979 0.801475882530212 0.868467926979065 0.872733116149902 0.821795284748077 0.745057463645935 0.558137893676758 0.163959562778473 0.327876925468445 0.769480168819427 0.716625690460205 0.712249994277954 0.681881427764893 0.677402436733246 0.748564124107361 0.771051228046417 0.781537890434265 0.810691356658936 0.798862457275391 0.809735655784607 0.815290570259094
0.656745553016663 0.655170500278473 0.707592725753784 0.708065390586853 0.751013457775116 0.82051032781601 0.816250205039978 0.8253453373909 0.834323823451996 0.883873462677002 0.87705385684967 0.886882364749908 0.905214011669159 0.892513811588287 0.875123083591461 0.842855095863342 0.824588418006897 0.811723530292511 0.781656205654144 0.857368528842926 0.889486849308014 0.852285981178284 0.889303207397461 0.888007879257202 0.802921712398529 0.796185195446014 0.852569341659546 0.841402351856232 0.869944870471954 0.689658105373383 0.834852039813995 0.813633382320404 0.780861258506775 0.750398337841034 0.744551718235016 0.755206048488617 0.754626393318176 0.744782626628876 0.804094433784485 0.809505105018616 0.818809807300568 0.81989312171936 0.822644293308258 0.821563541889191 0.826987445354462
0.584432363510132 0.64741837978363 0.674380004405975 0.734886407852173 0.796670377254486 0.79715359210968 0.828139305114746 0.843264162540436 0.829903483390808 0.873006105422974 0.856795787811279 0.859257578849792 0.861671328544617 0.86980676651001 0.8210329413414 0.8242427110672 0.81108820438385 0.802394509315491 0.826991856098175 0.779329121112823 0.835963547229767 0.833297550678253 0.899448931217194 0.885844647884369 0.811324059963226 0.823715806007385 0.833658516407013 0.840457439422607 0.84535539150238 0.818076014518738 0.795254409313202 0.710852682590485 0.602331161499023 0.634726583957672 0.761712193489075 0.774417579174042 0.792697906494141 0.806021869182587 0.841784715652466 0.835899293422699 0.838663280010223 0.828446686267853 0.827309727668762 0.830063045024872 0.814432740211487
0.5329470038414 0.60952091217041 0.659039676189423 0.698356330394745 0.726650476455688 0.760826826095581 0.804295659065247 0.825420141220093 0.840566575527191 0.851565420627594 0.848955273628235 0.811724662780762 0.809663116931915 0.859542965888977 0.835414528846741 0.843102812767029 0.790418028831482 0.81353896856308 0.800447702407837 0.824482262134552 0.820537328720093 0.817910015583038 0.816520750522614 0.842378973960876 0.821196019649506 0.799535393714905 0.811821937561035 0.786224246025085 0.763195216655731 0.731231391429901 0.732813715934753 0.648839235305786 0.635697245597839 0.655983507633209 0.680122435092926 0.792864441871643 0.822365641593933 0.858197748661041 0.853242456912994 0.791373670101166 0.833457291126251 0.797848582267761 0.776597201824188 0.746120750904083 0.781440854072571
0.562636196613312 0.602388918399811 0.651780068874359 0.6573086977005 0.698495626449585 0.70637321472168 0.77404260635376 0.805714249610901 0.801697611808777 0.828591763973236 0.81569117307663 0.809130132198334 0.805808007717133 0.837926208972931 0.878477275371552 0.860079050064087 0.854708850383759 0.786859333515167 0.81112414598465 0.796206057071686 0.790376663208008 0.782974720001221 0.769444644451141 0.872820138931274 0.812521874904633 0.680156826972961 0.612882375717163 0.643850147724152 0.673263907432556 0.725279808044434 0.702587783336639 0.71292781829834 0.711556971073151 0.731250166893005 0.776025593280792 0.820117175579071 0.887828528881073 0.903484046459198 0.838201880455017 0.788510739803314 0.80676543712616 0.740830481052399 0.7334263920784 0.713939130306244 0.689511239528656
0.517582356929779 0.496792286634445 0.587073028087616 0.61216139793396 0.665530264377594 0.673445403575897 0.747719705104828 0.759220600128174 0.765168905258179 0.766617596149445 0.789590418338776 0.809924364089966 0.829781591892242 0.870802998542786 0.899820685386658 0.892234623432159 0.91138219833374 0.855680763721466 0.897099375724792 0.859582901000977 0.901631712913513 0.854604125022888 0.8212890625 0.859698355197906 0.810001075267792 0.71796441078186 0.579690396785736 0.548481523990631 0.585215747356415 0.671429991722107 0.739783406257629 0.779309868812561 0.800756633281708 0.832098782062531 0.84962660074234 0.890526115894318 0.913338720798492 0.882669687271118 0.834505259990692 0.790115296840668 0.774965465068817 0.725075662136078 0.728305399417877 0.693849980831146 0.61577844619751
0.487628161907196 0.517355263233185 0.566746115684509 0.60020512342453 0.594140827655792 0.644572019577026 0.706704318523407 0.701286017894745 0.72826361656189 0.763392090797424 0.778176844120026 0.821933090686798 0.822901546955109 0.845776796340942 0.880360543727875 0.902709186077118 0.903743207454681 0.902801036834717 0.915321230888367 0.920874238014221 0.925067543983459 0.908349931240082 0.873775124549866 0.876583933830261 0.86494654417038 0.690882563591003 0.496683359146118 0.531969964504242 0.554998755455017 0.653444826602936 0.794535398483276 0.842276275157928 0.861318290233612 0.877144932746887 0.878031611442566 0.892482280731201 0.889346778392792 0.857649981975555 0.829046428203583 0.755883872509003 0.743634879589081 0.725784599781036 0.713811278343201 -3.4e+38 -3.4e+38
0.502397298812866 0.449899703264236 0.501355588436127 0.630046188831329 0.567290067672729 0.654186367988586 0.689220368862152 0.703269481658936 0.710909843444824 0.729660451412201 0.741961896419525 0.797023177146912 0.825873553752899 0.848900616168976 0.87225341796875 0.873570144176483 0.833536267280579 0.895079016685486 0.916538715362549 0.924562036991119 0.918190181255341 0.911048293113708 0.910462856292725 0.902607798576355 0.884230077266693 0.780742585659027 0.522874295711517 0.486451774835587 0.55065792798996 0.654379427433014 0.816107928752899 0.853584110736847 0.855296909809113 0.88193678855896 0.857392966747284 0.863040566444397 0.847573459148407 0.805544137954712 0.716992795467377 0.637952923774719 0.676398098468781 0.66306608915329 -3.4e+38 -3.4e+38 -3.4e+38
0.561770141124725 0.478051066398621 0.563420355319977 0.529280364513397 0.587932944297791 0.516439080238342 0.633467733860016 0.612351477146149 0.717460036277771 0.707826375961304 0.759842753410339 0.775118827819824 0.795368075370789 0.83303701877594 0.837004840373993 0.835699439048767 0.656801700592041 0.876753330230713 0.89990371465683 0.898884296417236 0.870992660522461 0.917570650577545 0.910585045814514 0.879049599170685 0.84260618686676 0.746500790119171 0.620448291301727 0.556487560272217 0.573126077651978 0.632354319095612 0.76796966791153 0.845627248287201 0.854479610919952 0.836520135402679 0.816978633403778 0.83898389339447 0.79551088809967 0.757822751998901 0.63748574256897 0.57933384180069 0.598561227321625 -3.4e+38 -3.4e+38 -3.4e+38 -3.4e+38
0.469281136989594 0.551425874233246 0.458086669445038 0.486361443996429 0.459374338388443 0.526817739009857 0.524555504322052 0.508997082710266 0.639909565448761 0.705158293247223 0.682729303836823 0.782490074634552 0.78898823261261 0.828868210315704 0.847646355628967 0.838659703731537 0.81444126367569 0.801689803600311 0.756324112415314 0.852878391742706 0.905573964118958 0.914650201797485 0.856140732765198 0.80450177192688 0.800100862979889 0.828233897686005 0.74821925163269 0.751577436923981 0.804479122161865 0.61237770318985 0.675045251846313 0.802313923835754 0.832966208457947 0.846698224544525 0.83685427904129 0.823231399059296 0.745425045490265 0.689826369285583 0.624470472335815 0.585269033908844 0.549625039100647 -3.4e+38 -3.4e+38 -3.4e+38 -3.4e+38
0.459371715784073 0.432985484600067 0.469529539346695 0.402937889099121 0.498753100633621 0.515021443367004 0.402322024106979 0.516638696193695 0.492565870285034 0.605579495429993 0.57084184885025 0.757129073143005 0.769706666469574 0.801551997661591 0.774022102355957 0.833016932010651 0.828786253929138 0.815005600452423 0.796651721000671 0.890647292137146 0.913913428783417 0.888593852519989 0.841513991355896 0.76246166229248 0.782469868659973 0.790264844894409 0.661687970161438 0.710199415683746 0.660100638866425 0.620083808898926 0.713548958301544 0.805747866630554 0.828412652015686 0.858589828014374 0.853465020656586 0.809979677200317 0.728768229484558 -3.4e+38 -3.4e+38 -3.4e+38 -3.4e+38 -3.4e+38 -3.4e+38 -3.4e+38 -3.4e+38
0.441511869430542 0.377518594264984 0.390565901994705 0.408897131681442 0.515110611915588 0.501324117183685 0.409689456224442 0.516701281070709 0.502988934516907 0.475906103849411 0.665559530258179 0.672287106513977 0.681807279586792 0.721327543258667 0.748830139636993 0.760624766349792 0.846863627433777 0.866889476776123 0.864767372608185 0.890032768249512 0.895487904548645 0.849934995174408 0.76322865486145 0.739238619804382 0.765478432178497 0.704902529716492 0.743334233760834 0.640400946140289 0.792470932006836 0.764141261577606 0.781882166862488 0.820575833320618 0.855271458625793 0.873676776885986 0.814819157123566 0.821186184883118 -3.4e+38 -3.4e+38 -3.4e+38 -3.4e+38 -3.4e+38 -3.4e+38 -3.4e+38 -3.4e+38 -3.4e+38
