data/climate_estimation/maxent_output/Wurmbea_latifolia.asc
NCOLS 454 
NROWS 190 
XLLCORNER 116 
YLLCORNER -41.1666666666667 
CELLSIZE 0.0833333333333333 
NODATA_value -3.4e+38 
[rows 66 to 87 of 190, columns 0 to 48 of 454]
0.123605385422707 0.111010558903217 0.103924863040447 0.094432957470417 0.0911928787827492 0.0957294404506683 0.0665786936879158 0.0705505385994911 0.0769271329045296 0.0759626254439354 0.0737593844532967 0.0729942098259926 0.11040087044239 0.0949467718601227 0.0592844784259796 0.0561214722692966 0.0576144680380821 0.051850151270628 0.0972668752074242 0.0899860858917236 0.137849658727646 0.18125893175602 0.169683292508125 0.162471830844879 0.162642940878868 0.111903861165047 0.0992022305727005 0.101585067808628 0.101993210613728 0.150401964783669 0.148370936512947 0.147602826356888 0.144758880138397 0.140329375863075 0.124060966074467 0.127208635210991 0.174609020352364 0.164694756269455 0.168882206082344 0.216191664338112 0.212448313832283 0.156552985310555 0.206247687339783 0.196719214320183 0.202718019485474 0.197060570120811 0.200777158141136 0.197559401392937 0.203223899006844
0.0849219411611557 0.116653181612492 0.107911989092827 0.106957964599133 0.0977417230606079 0.101998306810856 0.0677689090371132 0.0680028647184372 0.0718443244695663 0.0751338228583336 0.0738205835223198 0.114571742713451 0.113936334848404 0.0946969836950302 0.0609896145761013 0.058056216686964 0.0564919337630272 0.0562433302402496 0.0872991234064102 0.0917636305093765 0.0817513018846512 0.125740185379982 0.118530407547951 0.113029904663563 0.178223550319672 0.117354936897755 0.111020885407925 0.10704517364502 0.10693397372961 0.103938162326813 0.102280281484127 0.152458220720291 0.14502315223217 0.140541464090347 0.131400018930435 0.133094668388367 0.13519099354744 0.13209256529808 0.185362547636032 0.183276519179344 0.181719422340393 0.178014785051346 0.171903222799301 0.202018469572067 0.206850796937943 0.223211422562599 0.20513428747654 0.229830056428909 0.217389166355133
0.0843135267496109 0.0807946920394897 0.073842279613018 0.110061518847942 0.0971418097615242 0.100963763892651 0.101729311048985 0.103182531893253 0.0694760754704475 0.109140038490295 0.109794616699219 0.111483067274094 0.110111758112907 0.0689523220062256 0.0926815047860146 0.0603951327502728 0.0593799464404583 0.0589406415820122 0.10204891115427 0.0881101414561272 0.0864484012126923 0.126463308930397 0.125077441334724 0.127589270472527 0.128109201788902 0.122806034982204 0.114086583256721 0.115726158022881 0.114398248493671 0.109120480716228 0.102712765336037 0.10492704808712 0.101070612668991 0.0976797714829445 0.144923165440559 0.14766950905323 0.145772591233253 0.148780778050423 0.204508632421494 0.200095355510712 0.195130065083504 0.205731213092804 0.251887947320938 0.23234036564827 0.22260208427906 0.230763792991638 0.22912472486496 0.239295095205307 0.280675500631332
0.0744780078530312 0.0756157860159874 0.11948349326849 0.106446340680122 0.0997437685728073 0.0995466336607933 0.102535799145699 0.107268825173378 0.102709874510765 0.105553179979324 0.109659910202026 0.111663356423378 0.110423356294632 0.112173549830914 0.112279519438744 0.114320836961269 0.096456415951252 0.108334831893444 0.0915717408061028 0.108826346695423 0.105199091136456 0.0866262167692184 0.125149622559547 0.1342993080616 0.129390820860863 0.126082226634026 0.12440425157547 0.122955285012722 0.120880335569382 0.11730944365263 0.110506005585194 0.110025927424431 0.111337885260582 0.107689082622528 0.102339334785938 0.15569657087326 0.162985056638718 0.16217277944088 0.203705385327339 0.208925053477287 0.204145222902298 0.213514074683189 0.277583509683609 0.262618660926819 0.247209787368774 0.258074462413788 0.270942032337189 0.315429896116257 0.318668842315674
0.0408905558288097 0.0649178624153137 0.109131418168545 0.104983285069466 0.102112263441086 0.102401129901409 0.100545190274715 0.101176060736179 0.102307640016079 0.107545264065266 0.109975561499596 0.105907440185547 0.109359659254551 0.113503694534302 0.116175398230553 0.115442276000977 0.0731765478849411 0.110751651227474 0.111336544156075 0.11271483451128 0.10805805772543 0.0889228358864784 0.0863625779747963 0.136529058218002 0.131066009402275 0.134688839316368 0.203203067183495 0.205729112029076 0.137303292751312 0.127736195921898 0.119281426072121 0.118949212133884 0.119195148348808 0.119817413389683 0.115436643362045 0.172102257609367 0.170059740543365 0.160223841667175 0.158582404255867 0.154037043452263 0.216623112559319 0.239318341016769 0.291287183761597 0.288337767124176 0.278251528739929 0.295748829841614 0.291260570287704 0.335293084383011 0.341121405363083
0.0346253216266632 0.0352480970323086 0.0546449013054371 0.0992233231663704 0.102686516940594 0.0988187193870544 0.0987447500228882 0.100140929222107 0.101378165185452 0.101231776177883 0.107823729515076 0.111167833209038 0.0732975155115128 0.0723510086536407 0.0731651708483696 0.0708979964256287 0.0725827217102051 0.0736505910754204 0.112096019089222 0.112508341670036 0.111735433340073 0.107664376497269 0.109872676432133 0.135745793581009 0.14131823182106 0.147572845220566 0.143098175525665 0.22480770945549 0.224065646529198 0.204850226640701 0.134326666593552 0.128515630960464 0.12532564997673 0.128295734524727 0.121973007917404 0.11691676825285 0.1751389503479 0.170415297150612 0.166040360927582 0.168241769075394 0.234125643968582 0.248110711574554 0.264872789382935 0.249388501048088 0.290547251701355 0.303833931684494 0.325854659080505 0.372759491205215 0.354587286710739
0.018713042140007 0.0187516193836927 0.047858152538538 0.0885343924164772 0.152804791927338 0.0971026569604874 0.0957216918468475 0.101111434400082 0.10080311447382 0.0997327715158463 0.101509511470795 0.0694641470909119 0.0749558359384537 0.0754339322447777 0.0762568339705467 0.0765919461846352 0.0740552172064781 0.07564327865839 0.11391481757164 0.115773282945156 0.118492722511292 0.174128249287605 0.164997860789299 0.165319174528122 0.165737867355347 0.177954792976379 0.280309557914734 0.280230343341827 0.233207568526268 0.225654795765877 0.141162365674973 0.138259574770927 0.138793587684631 0.137643918395042 0.126741588115692 0.196962267160416 0.187263444066048 0.183437868952751 0.185394078493118 0.192864716053009 0.263322502374649 0.265644103288651 0.341801732778549 0.334154576063156 0.304139971733093 0.320804744958878 0.330795496702194 0.384187936782837 0.370964884757996
0.0168082304298878 0.0173115003854036 0.0471155419945717 0.0786837264895439 0.0901584252715111 0.0597396343946457 0.0944790095090866 0.0936340540647507 0.0947553515434265 0.0987032055854797 0.10596314817667 0.0697771087288857 0.0740187540650368 0.0765355676412582 0.0772607699036598 0.083642490208149 0.0796541050076485 0.0727142468094826 0.114201188087463 0.114987388253212 0.184812039136887 0.177077934145927 0.180840045213699 0.180889889597893 0.176520630717278 0.181210532784462 0.287026286125183 0.296007335186005 0.292319774627686 0.252665847539902 0.221237167716026 0.150091603398323 0.149026021361351 0.141938641667366 0.138424873352051 0.204164698719978 0.191599518060684 0.186803892254829 0.198751360177994 0.195505425333977 0.268225401639938 0.28037703037262 0.283604592084885 0.29111835360527 0.349152415990829 0.361427038908005 0.412123292684555 0.400840938091278 0.404167324304581
0.0161554682999849 0.0163904242217541 0.0376755148172379 0.0461149513721466 0.084032416343689 0.0567455291748047 0.0602839104831219 0.0602543316781521 0.061439011245966 0.0983844846487045 0.105176210403442 0.0732979848980904 0.0730433613061905 0.0760536044836044 0.0827925875782967 0.082262709736824 0.0805985108017921 0.0762639939785004 0.11443604528904 0.119981534779072 0.117421485483646 0.179115027189255 0.179346442222595 0.179170563817024 0.177750796079636 0.184667348861694 0.287637740373611 0.29790011048317 0.283684372901917 0.258692860603333 0.238758012652397 0.153917133808136 0.22662715613842 0.230447188019753 0.22054859995842 0.206623286008835 0.203864023089409 0.205622404813766 0.20907723903656 0.209388136863708 0.299816697835922 0.306670695543289 0.374295473098755 0.297899574041367 0.36202672123909 0.367831498384476 0.436397582292557 0.409193307161331 0.414556205272675
0.00985991023480892 0.0228310935199261 0.0381702966988087 0.0677550286054611 0.0725194811820984 0.0828156545758247 0.0582388639450073 0.0583066456019878 0.0601644851267338 0.101675681769848 0.108949385583401 0.0712997540831566 0.0477413423359394 0.0752836912870407 0.0806446671485901 0.0805370658636093 0.080596074461937 0.0800522193312645 0.121194206178188 0.1199831366539 0.110700197517872 0.114692084491253 0.173869639635086 0.177562743425369 0.185938134789467 0.186077669262886 0.290026903152466 0.288252949714661 0.287908583879471 0.28974238038063 0.250803917646408 0.234902665019035 0.23512165248394 0.234491616487503 0.229614660143852 0.215565547347069 0.215388968586922 0.223778888583183 0.305045187473297 0.299527555704117 0.304612666368484 0.317591339349747 0.324788868427277 0.308931171894073 0.383234858512878 0.392015993595123 0.44957423210144 0.461557775735855 0.430131047964096
0.0152931716293097 0.0204287432134151 0.0318231508135796 0.0572198517620564 0.102523043751717 0.111028134822845 0.0904400870203972 0.0585104748606682 0.0603215396404266 0.0627602264285088 0.0666068643331528 0.0459278337657452 0.077308215200901 0.0812411680817604 0.0832045823335648 0.0839396640658379 0.0855056121945381 0.0828670486807823 0.130069822072983 0.125850990414619 0.120094306766987 0.185863360762596 0.185418739914894 0.194791033864021 0.201002985239029 0.192395955324173 0.195065066218376 0.281937837600708 0.287160068750381 0.279307097196579 0.278859585523605 0.251381874084473 0.239582434296608 0.237352192401886 0.23842442035675 0.233155652880669 0.232392132282257 0.225332975387573 0.226960480213165 0.323278099298477 0.31797793507576 0.321430504322052 0.331842690706253 0.324926257133484 0.395011961460114 0.415572792291641 0.471934467554092 0.479727983474731 0.446270734071732
0.0224177520722151 0.0157535746693611 0.0379249528050423 0.0699471458792686 0.0879662483930588 0.110341131687164 0.1245107203722 0.0927295163273811 0.0620408803224564 0.0645367279648781 0.0659445226192474 0.070305660367012 0.0753829404711723 0.0793604180216789 0.0883046761155128 0.0922435075044632 0.0951589941978455 0.0888245403766632 0.132937744259834 0.129015132784843 0.127069652080536 0.128982603549957 0.202866747975349 0.207663685083389 0.210515812039375 0.202957049012184 0.204815536737442 0.289320379495621 0.279341280460358 0.279143333435059 0.270565509796143 0.237774431705475 0.239398062229156 0.242952823638916 0.246141284704208 0.2464559674263 0.234074145555496 0.236213758587837 0.331382691860199 0.329581469297409 0.330390602350235 0.333381980657578 0.328734040260315 0.453381448984146 0.477589666843414 0.53041285276413 0.528169751167297 0.530204594135284 0.506978213787079
0.0206170063465834 0.011106981895864 0.0423271134495735 0.0823377072811127 0.107800766825676 0.140942171216011 0.109444044530392 0.142083734273911 0.10030634701252 0.0633965060114861 0.0686177685856819 0.0755085721611977 0.0777369886636734 0.0818911790847778 0.0861745327711105 0.0929200202226639 0.0938306003808975 0.0924064964056015 0.0932533890008926 0.140780121088028 0.133274540305138 0.137386187911034 0.140605583786964 0.14373716711998 0.206324905157089 0.205103144049644 0.207062900066376 0.290247440338135 0.296894192695618 0.282386690378189 0.247025340795517 0.241072729229927 0.238889396190643 0.232334539294243 0.241811394691467 0.251221925020218 0.32671070098877 0.329979509115219 0.339600712060928 0.341200947761536 0.335240244865417 0.391048103570938 0.393189311027527 0.486556112766266 0.498106420040131 0.55726546049118 0.560679316520691 0.553326487541199 0.556285202503204
0.021565267816186 0.0196643583476543 0.033200342208147 0.0678217262029648 0.0941310524940491 0.130807295441628 0.166612893342972 0.131546348333359 0.14462323486805 0.0647259205579758 0.0655933693051338 0.0709666311740875 0.0790774896740913 0.08485446870327 0.0911804512143135 0.0967028364539146 0.0949173718690872 0.0927945524454117 0.0966114401817322 0.153773039579391 0.155327901244164 0.147360473871231 0.14330019056797 0.142487734556198 0.143077000975609 0.205506294965744 0.205083653330803 0.297418713569641 0.293604075908661 0.269750386476517 0.271435052156448 0.235704571008682 0.234000593423843 0.237891212105751 0.233585804700851 0.239908427000046 0.326285123825073 0.351274937391281 0.341690868139267 0.34600242972374 0.348246663808823 0.484742283821106 0.479532420635223 0.485141962766647 0.571208477020264 0.575077712535858 0.572216868400574 0.573226690292358 0.60834527015686
0.0343648865818977 0.0589708425104618 0.0683574378490448 0.0784666985273361 0.112571649253368 0.162475317716599 0.155619129538536 0.135333955287933 0.146475985646248 0.0994696766138077 0.0695704817771912 0.0731331259012222 0.0803316235542297 0.0884018838405609 0.0935318395495415 0.0983361378312111 0.0963807478547096 0.0974041596055031 0.106123313307762 0.106640033423901 0.110129974782467 0.165212094783783 0.158634021878242 0.15621192753315 0.156167715787888 0.213530659675598 0.207572907209396 0.294079422950745 0.278750538825989 0.264427304267883 0.266046583652496 0.255612105131149 0.262455314397812 0.233944535255432 0.230759754776955 0.242889806628227 0.338150769472122 0.339178115129471 0.347888588905334 0.406520307064056 0.40672105550766 0.498520880937576 0.511617958545685 0.518178582191467 0.587628304958344 0.591227889060974 0.583601713180542 0.5977783203125 0.646777451038361
0.0306390877813101 0.0423652939498425 0.0623069852590561 0.0903460010886192 0.107817433774471 0.156717985868454 0.15428452193737 0.137051552534103 0.10030609369278 0.103571198880672 0.0704847350716591 0.0716524049639702 0.0808236449956894 0.0885510668158531 0.0907151252031326 0.0993558391928673 0.0994771718978882 0.108953684568405 0.11629369109869 0.117680363357067 0.122447937726974 0.183471247553825 0.181806966662407 0.176447182893753 0.172041267156601 0.151551783084869 0.217025637626648 0.208492904901505 0.285651355981827 0.291346281766891 0.270603150129318 0.265460848808289 0.272589057683945 0.234444171190262 0.238954454660416 0.324892461299896 0.340780645608902 0.378026992082596 0.379995852708817 0.417419970035553 0.434071719646454 0.520935416221619 0.526480615139008 0.543428897857666 0.604434788227081 0.606974005699158 0.61296820640564 0.630826950073242 0.617170691490173
0.0275266375392675 0.0478380806744099 0.0521679632365704 0.074261948466301 0.104931734502316 0.110239170491695 0.15617062151432 0.209074139595032 0.171762436628342 0.107576459646225 0.0736465826630592 0.078323557972908 0.0813125297427177 0.093984991312027 0.0963560417294502 0.101802036166191 0.105211570858955 0.110420003533363 0.116191804409027 0.120871253311634 0.125507205724716 0.132488012313843 0.198970898985863 0.182149276137352 0.176650807261467 0.163993373513222 0.232241198420525 0.219423219561577 0.311461836099625 0.302992731332779 0.287651747465134 0.279500484466553 0.327328771352768 0.320486575365067 0.333528518676758 0.376267224550247 0.377013295888901 0.289186209440231 0.405066609382629 0.416038036346436 0.432890802621841 0.522876262664795 0.550844192504883 0.560850381851196 0.617439329624176 0.629592597484589 0.62756073474884 0.64810973405838 0.65583473443985
0.026785334572196 0.0515165440738201 0.0609746910631657 0.05624058842659 0.0819578915834427 0.12038291990757 0.166059613227844 0.213814869523048 0.17925089597702 0.116489514708519 0.125229090452194 0.0847436562180519 0.0923480540513992 0.0959047973155975 0.103073872625828 0.109885312616825 0.120258383452892 0.131275579333305 0.1291543841362 0.132043093442917 0.136192932724953 0.143561080098152 0.143662631511688 0.198018103837967 0.179144456982613 0.171726152300835 0.247297912836075 0.237522169947624 0.322851568460464 0.310169786214828 0.310062140226364 0.294286698102951 0.389337718486786 0.372183412313461 0.368447214365005 0.368649393320084 0.376067250967026 0.287810385227203 0.303736001253128 0.421301603317261 0.44014248251915 0.453392922878265 0.563164353370667 0.572578072547913 0.632857859134674 0.58947879076004 0.609310686588287 0.613704323768616 0.678233921527863
0.0211206097155809 0.0347476862370968 0.0422195233404636 0.0609696246683598 0.0867869928479195 0.128824025392532 0.115948483347893 0.159995153546333 0.198309198021889 0.141283631324768 0.139231696724892 0.100242026150227 0.102823212742805 0.11695770919323 0.115112379193306 0.123414739966393 0.126248747110367 0.133287593722343 0.134360179305077 0.140718966722488 0.143897980451584 0.147761031985283 0.147539988160133 0.210166618227959 0.18914957344532 0.178516462445259 0.253735721111298 0.245539471507072 0.346190541982651 0.332256644964218 0.314673900604248 0.295768857002258 0.395431190729141 0.367927700281143 0.365265369415283 0.37849348783493 0.379517763853073 0.30647474527359 0.316703945398331 0.333264410495758 0.459313124418259 0.473601758480072 0.570549428462982 0.579764127731323 0.596755564212799 0.527793109416962 0.629919707775116 0.636126279830933 0.627509534358978
0.0170367043465376 0.0199906304478645 0.0281149372458458 0.0419474095106125 0.0641508251428604 0.0997359380125999 0.140400096774101 0.180050387978554 0.22388730943203 0.156261771917343 0.172928154468536 0.17515929043293 0.117115557193756 0.130318641662598 0.132160320878029 0.134863525629044 0.140540689229965 0.137322753667831 0.13792285323143 0.147995144128799 0.150625884532928 0.147468596696854 0.150623634457588 0.216054379940033 0.198965921998024 0.188826099038124 0.26004621386528 0.255047470331192 0.360108554363251 0.339480757713318 0.324036329984665 0.304437965154648 0.393617868423462 0.3727707862854 0.373505175113678 0.381300568580627 0.391086608171463 0.319858372211456 0.325291335582733 0.337597072124481 0.349605113267899 0.467754065990448 0.561582922935486 0.594403088092804 0.532961666584015 0.532669603824615 0.549112319946289 0.637209951877594 0.653538942337036
0.0165139697492123 0.018402649089694 0.0279050879180431 0.0444383732974529 0.045898649841547 0.0726113766431808 0.105981938540936 0.209968984127045 0.250400692224503 0.264197468757629 0.280627191066742 0.187262758612633 0.195039004087448 0.211097121238708 0.220650210976601 0.229387730360031 0.152751922607422 0.150502145290375 0.147179484367371 0.147358402609825 0.14810174703598 0.151043817400932 0.154331430792809 0.21844869852066 0.20405475795269 0.193608984351158 0.271228551864624 0.261216908693314 0.246125891804695 0.352688372135162 0.327042758464813 0.335059225559235 0.415279418230057 0.403131484985352 0.406558364629745 0.419401854276657 0.422429949045181 0.432083696126938 0.349391728639603 0.353191763162613 0.354343891143799 0.479850888252258 0.594059467315674 0.614678740501404 0.552417814731598 0.434675335884094 0.56319934129715 0.577413439750671 0.680030941963196
0.0144170792773366 0.0168556421995163 0.0270534977316856 0.0308388378471136 0.0529821142554283 0.0551554337143898 0.0796480923891068 0.219921112060547 0.269330233335495 0.268813401460648 0.281691700220108 0.206493526697159 0.220920011401176 0.214222818613052 0.228838965296745 0.234585627913475 0.161714017391205 0.162750422954559 0.154050126671791 0.154209077358246 0.153191477060318 0.153955057263374 0.158046081662178 0.217917829751968 0.211747914552689 0.208902969956398 0.285856455564499 0.27067431807518 0.259501367807388 0.357184141874313 0.362542629241943 0.475483775138855 0.462679117918015 0.448381215333939 0.454739689826965 0.470598518848419 0.465361386537552 0.455101609230042 0.49519020318985 0.485199391841888 0.485906213521957 0.48905023932457 0.606006264686584 0.626859962940216 0.581884205341339 0.585265338420868 0.595605492591858 0.671777009963989 0.69194483757019
