data/climate_estimation/maxent_output/Wurmbea_odorata.asc
NCOLS 60 
NROWS 105 
XLLCORNER 113 
YLLCORNER -30.3333333333333 
CELLSIZE 0.0833333333333333 
NODATA_value -3.4e+38 
[rows 80 to 99 of 105, columns 0 to 44 of 60]
-3.4e+38 -3.4e+38 -3.4e+38 -3.4e+38 -3.4e+38 -3.4e+38 -3.4e+38 0.0122942961752415 -3.4e+38 -3.4e+38 -3.4e+38 -3.4e+38 -3.4e+38 -3.4e+38 -3.4e+38 0.0237415116280317 0.0202852394431829 0.0190718583762646 0.0230978894978762 0.0283739883452654 0.0252001229673624 0.0312319733202457 0.0389311388134956 0.0505387857556343 0.055114209651947 0.0644242912530899 0.0833956822752953 0.0549908801913261 0.0646130591630936 0.0815760344266891 0.0881145521998405 0.102437421679497 0.102018535137177 0.112393505871296 0.115468449890614 0.120264329016209 0.121980398893356 0.122952215373516 0.120843186974525 0.117071099579334 0.114496931433678 0.103891164064407 0.0893919989466667 0.0633931532502174 0.0623381659388542
-339999999999999996123846586046231871488.000000000000000 -3.4e+38 -3.4e+38 -3.4e+38 -3.4e+38 -3.4e+38 -3.4e+38 -3.4e+38 -3.4e+38 -3.4e+38 -3.4e+38 -3.4e+38 -3.4e+38 -3.4e+38 -3.4e+38 -3.4e+38 0.0205796137452126 0.0228713620454073 0.0281102675944567 0.0213441532105207 0.0213548839092255 0.0266751367598772 0.0363365113735199 0.0411356128752232 0.0478984005749226 0.0604742541909218 0.0803140923380852 0.103198982775211 0.064216211438179 0.0729573145508766 0.0829257071018219 0.087842769920826 0.0984162762761116 0.108488880097866 0.111044660210609 0.113219223916531 0.114143468439579 0.114681780338287 0.115106046199799 0.112745195627213 0.117505490779877 0.116365373134613 0.089437410235405 0.076102040708065 0.0638352856040001
-3.4e+38 -3.4e+38 -3.4e+38 -3.4e+38 -3.4e+38 -3.4e+38 -3.4e+38 -3.4e+38 0.0106132021173835 -3.4e+38 -3.4e+38 -3.4e+38 -3.4e+38 -3.4e+38 -3.4e+38 -3.4e+38 -3.4e+38 0.0215204618871212 0.0162597559392452 0.0190672092139721 0.0172285903245211 0.036319300532341 0.0281831007450819 0.0353083349764347 0.0373320691287518 0.0563459396362305 0.0769249945878983 0.0931189432740211 0.0523927584290504 0.0627711266279221 0.0744251608848572 0.0814402624964714 0.0902290642261505 0.096670500934124 0.10458517074585 0.110707901418209 0.108046360313892 0.113385275006294 0.108473628759384 0.110497683286667 0.120048545300961 0.114450022578239 0.101361319422722 0.099516436457634 0.0726078227162361
-3.4e+38 -3.4e+38 -3.4e+38 -3.4e+38 -3.4e+38 -3.4e+38 -3.4e+38 -3.4e+38 -3.4e+38 -3.4e+38 -3.4e+38 -3.4e+38 -3.4e+38 -3.4e+38 -3.4e+38 -3.4e+38 -3.4e+38 -3.4e+38 0.0217206124216318 0.0169341750442982 0.0195779893547297 0.0269892998039722 0.0242003314197063 0.0268410537391901 0.0346481427550316 0.0499761812388897 0.0683098882436752 0.0832320675253868 0.0953497812151909 0.0573933869600296 0.0650543496012688 0.076635830104351 0.0890176296234131 0.0936656072735786 0.0964462012052536 0.104407019913197 0.10269246250391 0.103199154138565 0.108442701399326 0.107506543397903 0.11854550242424 0.121389210224152 0.115786544978619 0.102868907153606 0.0848486721515656
-3.4e+38 -3.4e+38 -3.4e+38 -3.4e+38 -3.4e+38 -3.4e+38 -3.4e+38 -3.4e+38 -3.4e+38 -3.4e+38 -3.4e+38 -3.4e+38 -3.4e+38 -3.4e+38 -3.4e+38 -3.4e+38 -3.4e+38 -3.4e+38 0.020673019811511 0.0147720696404576 0.0163872465491295 0.0208240039646626 0.0229664761573076 0.0238972753286362 0.0306546930223703 0.0425072647631168 0.0468444675207138 0.0745328813791275 0.0915216729044914 0.110744975507259 0.0630480796098709 0.0716877356171608 0.0859555676579475 0.0916371196508408 0.0993702262639999 0.101192630827427 0.0964749455451965 0.0998506769537926 0.103263229131699 0.108217857778072 0.115993410348892 0.123361222445965 0.123886816203594 0.119131043553352 0.103536702692509
-3.4e+38 -3.4e+38 -3.4e+38 -3.4e+38 -3.4e+38 -3.4e+38 -3.4e+38 -3.4e+38 -3.4e+38 -3.4e+38 -3.4e+38 -3.4e+38 -3.4e+38 -3.4e+38 -3.4e+38 -3.4e+38 -3.4e+38 -3.4e+38 -3.4e+38 0.0170831978321075 0.0138874761760235 0.0188285633921623 0.0175990052521229 0.0197634771466255 0.03200838342309 0.0328913331031799 0.0442672967910767 0.0582628324627876 0.0804365277290344 0.103045336902142 0.112114675343037 0.138120263814926 0.163406535983086 0.193737342953682 0.195156112313271 0.0960843041539192 0.0885053873062134 0.0897679030895233 0.10097724199295 0.104452639818192 0.113633826375008 0.11394339799881 0.116547837853432 0.11309427022934 0.114832982420921
-3.4e+38 -3.4e+38 -3.4e+38 -3.4e+38 -3.4e+38 -3.4e+38 -3.4e+38 -3.4e+38 -3.4e+38 -3.4e+38 -3.4e+38 -3.4e+38 -3.4e+38 -3.4e+38 -3.4e+38 -3.4e+38 -3.4e+38 -3.4e+38 0.0174455773085356 0.0192209035158157 0.0260306652635336 0.0180914476513863 0.0161425061523914 0.0165837332606316 0.0291874371469021 0.0332577638328075 0.0420585609972477 0.0493940226733685 0.0680017843842506 0.0883986428380013 0.0964280888438225 0.119481518864632 0.13861808180809 0.148269161581993 0.168167769908905 0.0803875774145126 0.0873623415827751 0.0946299061179161 0.0938932225108147 0.101909883320332 0.109932124614716 0.113120958209038 0.108266651630402 0.106556721031666 0.109625034034252
-3.4e+38 -3.4e+38 -3.4e+38 -3.4e+38 -3.4e+38 -3.4e+38 -3.4e+38 -3.4e+38 -3.4e+38 -3.4e+38 -3.4e+38 -3.4e+38 -3.4e+38 -3.4e+38 -3.4e+38 -3.4e+38 -3.4e+38 -3.4e+38 -3.4e+38 0.0192940663546324 0.020842656493187 0.0295297019183636 0.0250549651682377 0.0197704751044512 0.0225765109062195 0.0277947019785643 0.0361316427588463 0.0439619533717632 0.0591815896332264 0.078484371304512 0.0872511342167854 0.105054564774036 0.112629063427448 0.123985804617405 0.140556618571281 0.155394211411476 0.0805444121360779 0.084244392812252 0.0848375633358955 0.100179366767406 0.107897289097309 0.111595273017883 0.1080077663064 0.104880534112453 0.10898482054472
-3.4e+38 -3.4e+38 -3.4e+38 -3.4e+38 -3.4e+38 -3.4e+38 -3.4e+38 -3.4e+38 -3.4e+38 -3.4e+38 -3.4e+38 0.00529437279328704 -3.4e+38 -3.4e+38 -3.4e+38 -3.4e+38 -3.4e+38 -3.4e+38 -3.4e+38 -3.4e+38 0.0206076670438051 0.027839494869113 0.03486268222332 0.0264332164078951 0.0198391675949097 0.0244069304317236 0.033060610294342 0.0415608920156956 0.0500356033444405 0.0730660483241081 0.0765034407377243 0.0821170434355736 0.0891867578029633 0.103669792413712 0.123465321958065 0.14931058883667 0.0770951062440872 0.072660394012928 0.0766541808843613 0.090824767947197 0.103773675858974 0.107421450316906 0.105924479663372 0.108758710324764 0.109519697725773
-3.4e+38 -3.4e+38 -3.4e+38 -3.4e+38 -3.4e+38 -3.4e+38 -3.4e+38 -3.4e+38 -3.4e+38 -3.4e+38 -3.4e+38 -3.4e+38 -3.4e+38 -3.4e+38 -3.4e+38 -3.4e+38 -3.4e+38 -3.4e+38 -3.4e+38 -3.4e+38 -3.4e+38 0.0286224260926247 0.0328022576868534 0.0338528119027615 0.0232892576605082 0.0224895663559437 0.030552925541997 0.0375893153250217 0.0546171590685844 0.0723890513181686 0.0781191065907478 0.0748632028698921 0.0850023254752159 0.0955999866127968 0.110669419169426 0.137719288468361 0.0713475197553635 0.0706617087125778 0.0847655013203621 0.0940468013286591 0.101911976933479 0.102272167801857 0.10393038392067 0.104493334889412 0.0967435836791992
-3.4e+38 -3.4e+38 -3.4e+38 -3.4e+38 -3.4e+38 -3.4e+38 -3.4e+38 -3.4e+38 -3.4e+38 -3.4e+38 -3.4e+38 -3.4e+38 -3.4e+38 -3.4e+38 -3.4e+38 -3.4e+38 -3.4e+38 -3.4e+38 -3.4e+38 -3.4e+38 -3.4e+38 -3.4e+38 0.0345810651779175 0.0463260523974895 0.041625551879406 0.0263007897883654 0.0325756743550301 0.0371829196810722 0.0601294338703156 0.0769984126091003 0.0880903452634811 0.0766214802861214 0.0729860439896584 0.0902455151081085 0.109646759927273 0.134733721613884 0.0760492160916328 0.0811761990189552 0.0856472998857498 0.0955420807003975 0.10567756742239 0.104087442159653 0.106090344488621 0.102067872881889 0.101104825735092
-3.4e+38 -3.4e+38 -3.4e+38 -3.4e+38 -3.4e+38 -3.4e+38 -3.4e+38 -3.4e+38 -3.4e+38 -3.4e+38 -3.4e+38 -3.4e+38 -3.4e+38 -3.4e+38 -3.4e+38 -3.4e+38 -3.4e+38 -3.4e+38 -3.4e+38 -3.4e+38 -3.4e+38 -3.4e+38 0.0357258804142475 0.0421203821897507 0.0599665008485317 0.0300553683191538 0.0326792560517788 0.0515628643333912 0.0608085244894028 0.0706378966569901 0.0799691155552864 0.0854916721582413 0.0788579285144806 0.0875568091869354 0.103862062096596 0.129721313714981 0.0768476948142052 0.0788723006844521 0.0742745250463486 0.0880715325474739 0.0993424579501152 0.108799017965794 0.106211580336094 0.10591447353363 0.101975090801716
-3.4e+38 -3.4e+38 -3.4e+38 -3.4e+38 -3.4e+38 -3.4e+38 -3.4e+38 -3.4e+38 -3.4e+38 -3.4e+38 -3.4e+38 -3.4e+38 -3.4e+38 -3.4e+38 -3.4e+38 -3.4e+38 -3.4e+38 -3.4e+38 -3.4e+38 -3.4e+38 -3.4e+38 -3.4e+38 0.035419899970293 0.039089422672987 0.0398302003741264 0.0312709175050259 0.0337792411446571 0.0387196205556393 0.0436656214296818 0.0440853610634804 0.0638934150338173 0.074043333530426 0.0775450691580772 0.0894210115075111 0.106309749186039 0.135304808616638 0.0705448240041733 0.0714082270860672 0.0761426389217377 0.0821023359894753 0.0947311595082283 0.105981886386871 0.106191791594028 0.113711521029472 0.107633374631405
-3.4e+38 -3.4e+38 -3.4e+38 -3.4e+38 -3.4e+38 -3.4e+38 -3.4e+38 -3.4e+38 -3.4e+38 -3.4e+38 -3.4e+38 -3.4e+38 -3.4e+38 -3.4e+38 -3.4e+38 -3.4e+38 -3.4e+38 -3.4e+38 -3.4e+38 -3.4e+38 -3.4e+38 -3.4e+38 -3.4e+38 0.0342359766364098 0.0423641204833984 0.0497457087039948 0.0280533563345671 0.0341971814632416 0.042834896594286 0.041953906416893 0.0480686128139496 0.0597227998077869 0.0733771771192551 0.0862785130739212 0.105224013328552 0.121432475745678 0.0621300227940083 0.0674764811992645 0.0720419511198997 0.0816045552492142 0.0960866510868073 0.106315977871418 0.103884793817997 0.0993552207946777 0.10838832706213
-3.4e+38 -3.4e+38 -3.4e+38 -3.4e+38 -3.4e+38 -3.4e+38 -3.4e+38 -3.4e+38 -3.4e+38 -3.4e+38 -3.4e+38 -3.4e+38 -3.4e+38 -3.4e+38 -3.4e+38 -3.4e+38 -3.4e+38 -3.4e+38 -3.4e+38 -3.4e+38 -3.4e+38 -3.4e+38 -3.4e+38 0.033329114317894 0.0345685556530952 0.0422005616128445 0.0282258726656437 0.0287829618901014 0.0319361351430416 0.0412514545023441 0.0493733286857605 0.0569760613143444 0.0641985312104225 0.082589402794838 0.104025326669216 0.10959230363369 0.0544841960072517 0.0611795261502266 0.07010268419981 0.0779074281454086 0.0885145887732506 0.0945204049348831 0.0925997272133827 0.0986139550805092 0.106421753764153
-3.4e+38 -3.4e+38 -3.4e+38 -3.4e+38 -3.4e+38 -3.4e+38 -3.4e+38 -3.4e+38 -3.4e+38 -3.4e+38 -3.4e+38 -3.4e+38 -3.4e+38 -3.4e+38 -3.4e+38 -3.4e+38 -3.4e+38 -3.4e+38 -3.4e+38 -3.4e+38 -3.4e+38 -3.4e+38 -3.4e+38 0.0280970297753811 0.0309208258986473 0.0382174365222454 0.0254494473338127 0.025002121925354 0.0346450656652451 0.040089875459671 0.0376562960445881 0.0502891913056374 0.058843057602644 0.0787668824195862 0.0895597636699677 0.0993265882134438 0.05223124101758 0.060115672647953 0.0626417994499207 0.0678520798683167 0.0804209858179092 0.0774076730012894 0.0781548917293549 0.0914485603570938 0.100648701190948
-3.4e+38 -3.4e+38 -3.4e+38 -3.4e+38 -3.4e+38 -3.4e+38 -3.4e+38 -3.4e+38 -3.4e+38 -3.4e+38 -3.4e+38 -3.4e+38 -3.4e+38 -3.4e+38 -3.4e+38 -3.4e+38 -3.4e+38 -3.4e+38 -3.4e+38 -3.4e+38 -3.4e+38 -3.4e+38 -3.4e+38 0.0228299517184496 0.0325822420418262 0.0345611423254013 0.0390444472432137 0.0280796363949776 0.0280356947332621 0.0312647745013237 0.0333318896591663 0.0412747524678707 0.0544801168143749 0.0731220543384552 0.0836099162697792 0.0929771214723587 0.0995834991335869 0.0563524775207043 0.0576974637806416 0.0621376819908619 0.0695392116904259 0.0774018317461014 0.0753291621804237 0.0826226696372032 0.0927329659461975
-3.4e+38 -3.4e+38 -3.4e+38 -3.4e+38 -3.4e+38 -3.4e+38 -3.4e+38 -3.4e+38 -3.4e+38 -3.4e+38 -3.4e+38 -3.4e+38 -3.4e+38 -3.4e+38 -3.4e+38 -3.4e+38 -3.4e+38 -3.4e+38 -3.4e+38 -3.4e+38 -3.4e+38 -3.4e+38 -3.4e+38 0.02015152387321 0.0260546300560236 0.0368967279791832 0.0359293557703495 0.0363105721771717 0.0245268288999796 0.0254591945558786 0.029526874423027 0.0371475256979465 0.0452147014439106 0.0658528357744217 0.0734410732984543 0.0823468118906021 0.0941152051091194 0.0955661758780479 0.0515408255159855 0.0632858499884605 0.0688724890351295 0.0699800252914429 0.0691937133669853 0.0802421271800995 0.0900009050965309
-3.4e+38 -3.4e+38 -3.4e+38 -3.4e+38 -3.4e+38 -3.4e+38 -3.4e+38 -3.4e+38 -3.4e+38 -3.4e+38 -3.4e+38 -3.4e+38 -3.4e+38 -3.4e+38 -3.4e+38 -3.4e+38 -3.4e+38 -3.4e+38 -3.4e+38 -3.4e+38 -3.4e+38 -3.4e+38 -3.4e+38 0.0258003585040569 0.0240793190896511 0.0334014557301998 0.0360414199531078 0.0305566005408764 0.0212844759225845 0.0210767313838005 0.0245118644088507 0.0312014557421207 0.0390711985528469 0.0514448918402195 0.0672328174114227 0.0720573738217354 0.0804973766207695 0.0862439796328545 0.1067880615592 0.0608973503112793 0.0645824819803238 0.0692694187164307 0.0686643943190575 0.0692582949995995 0.079864963889122
-3.4e+38 -3.4e+38 -3.4e+38 -3.4e+38 -3.4e+38 -3.4e+38 -3.4e+38 -3.4e+38 -3.4e+38 -3.4e+38 -3.4e+38 -3.4e+38 -3.4e+38 -3.4e+38 -3.4e+38 -3.4e+38 -3.4e+38 -3.4e+38 -3.4e+38 -3.4e+38 -3.4e+38 -3.4e+38 -3.4e+38 0.0216712206602097 0.0272958930581808 0.026190023869276 0.035778246819973 0.0306239351630211 0.0160226244479418 0.0188704058527946 0.0216716174036264 0.0237078238278627 0.034151203930378 0.043913010507822 0.0563441105186939 0.0677499026060104 0.0736705586314201 0.0809678584337234 0.101930812001228 0.11505439132452 0.0580533184111118 0.0634932741522789 0.0617907345294952 0.0653552338480949 0.0766217261552811
