data/climate_estimation/maxent_output/Wurmbea_kraussii.asc
NCOLS 92 
NROWS 75 
XLLCORNER 24.9166666666667 
YLLCORNER -31.5 
CELLSIZE 0.0833333333333333 
NODATA_value -3.4e+38 
[rows 40 to 59 of 75, columns 45 to 89 of 92]
0.982588946819305 0.98655378818512 0.972847819328308 0.925324141979218 0.443653017282486 0.326658338308334 0.372628301382065 0.391084462404251 0.401582807302475 0.43310335278511 0.395141512155533 0.336429297924042 0.32509434223175 0.306227892637253 0.244685083627701 0.218734532594681 0.229266494512558 0.14589986205101 0.233527183532715 0.171243950724602 0.345684856176376 0.504733145236969 0.697760820388794 0.536389410495758 0.783322751522064 0.980628848075867 0.99584025144577 0.860386490821838 0.888165533542633 0.938042461872101 0.729641199111938 0.744453251361847 0.794270396232605 0.678441226482391 0.467746943235397 0.27481597661972 0.21970209479332 0.151225671172142 0.11234275251627 0.0850724428892136 0.069482259452343 0.0667479932308197 0.0557354912161827 0.0429744310677052 0.0396297872066498
0.971495866775513 0.983745515346527 0.992609560489655 0.842497050762177 0.579264581203461 0.376974016427994 0.342956721782684 0.385960102081299 0.411888927221298 0.397053718566895 0.384938985109329 0.36103031039238 0.34568327665329 0.242989093065262 0.225301429629326 0.231898725032806 0.118504531681538 0.146784439682961 0.249088764190674 0.142081961035728 0.175312772393227 0.413405537605286 0.78485631942749 0.484028190374374 0.662131786346436 0.582303404808044 0.800225257873535 0.825810849666595 0.72904098033905 0.968464076519012 0.779050290584564 0.571876108646393 0.597040235996246 0.574568390846252 0.311902105808258 0.183926075696945 0.14953701198101 0.152905657887459 0.124989815056324 0.0769753828644753 0.0704549178481102 0.0676294043660164 0.056812159717083 -3.4e+38 -3.4e+38
0.982349336147308 0.97891104221344 0.979178249835968 0.99383944272995 0.853508293628693 0.554820716381073 0.397459268569946 0.424927592277527 0.465332835912704 0.427519768476486 0.342873841524124 0.252609848976135 0.281492292881012 0.252582877874374 0.220857098698616 0.114649772644043 0.0929081216454506 0.0951450392603874 0.197016581892967 0.286249816417694 0.357954263687134 0.413311541080475 0.356215834617615 0.543496131896973 0.538938760757446 0.687066435813904 0.449661642313004 0.38596785068512 0.495628476142883 0.552886843681335 0.769602179527283 0.582664608955383 0.60417103767395 0.442872881889343 0.321511894464493 0.288143247365952 0.213300406932831 0.148649498820305 0.100566856563091 0.0680000111460686 0.071825198829174 0.0654693692922592 -3.4e+38 -3.4e+38 -3.4e+38
0.978545486927032 0.97881406545639 0.936895728111267 0.987579703330994 0.988180339336395 0.929501712322235 0.907339692115784 0.523847341537476 0.469927310943604 0.463858813047409 0.397383153438568 0.41591814160347 0.371517330408096 0.341880798339844 0.34552001953125 0.311905801296234 0.247688308358192 0.275193810462952 0.477215796709061 0.659092485904694 0.611943483352661 0.409602642059326 0.558524191379547 0.959613025188446 0.95614492893219 0.955028653144836 0.760505020618439 0.428015947341919 0.31408354640007 0.546777307987213 0.785392582416534 0.843431174755096 0.728084206581116 0.595659196376801 0.421027481555939 0.295093953609467 0.220890641212463 0.137402921915054 0.0970908477902412 0.0828158333897591 0.0737987831234932 -3.4e+38 -3.4e+38 -3.4e+38 -3.4e+38
0.877614676952362 0.834876596927643 0.892820179462433 0.909973978996277 0.882518351078033 0.972822666168213 0.933172762393951 0.867066502571106 0.746874451637268 0.50780576467514 0.498412907123566 0.535969853401184 0.582897484302521 0.464461356401443 0.485040128231049 0.460170775651932 0.584796249866486 0.414274990558624 0.882244050502777 0.73516047000885 0.481984674930573 0.837255895137787 0.958675146102905 0.98769474029541 0.995740115642548 0.997779846191406 0.992846310138702 0.876004099845886 0.31649050116539 0.329496771097183 0.731326341629028 0.742478847503662 0.555505335330963 0.427999943494797 0.266332119703293 0.184319213032722 0.151179030537605 0.11369925737381 0.100226998329163 -3.4e+38 -3.4e+38 -3.4e+38 -3.4e+38 -3.4e+38 -3.4e+38
0.880419313907623 0.832605004310608 0.733734250068665 0.854088306427002 0.815408945083618 0.793114840984344 0.872230231761932 0.978666424751282 0.930460751056671 0.651249587535858 0.622811496257782 0.770459830760956 0.777504324913025 0.726921141147614 0.70945942401886 0.793769001960754 0.880122125148773 0.879520237445831 0.914483249187469 0.800830781459808 0.749175429344177 0.961899220943451 0.990272223949432 0.982860088348389 0.99244236946106 0.997714400291443 0.996231913566589 0.987274169921875 0.702480912208557 0.396428406238556 0.473460882902145 0.673187792301178 0.520177006721497 0.31141185760498 0.214663773775101 0.180662363767624 0.148348107933998 -3.4e+38 -3.4e+38 -3.4e+38 -3.4e+38 -3.4e+38 -3.4e+38 -3.4e+38 -3.4e+38
0.85708487033844 0.720573127269745 0.801775217056274 0.757669508457184 0.739455044269562 0.67854380607605 0.77539199590683 0.795081853866577 0.940633416175842 0.819603025913239 0.797610640525818 0.79826694726944 0.823194026947021 0.820976495742798 0.896386981010437 0.914722383022308 0.941384553909302 0.928620338439941 0.880930244922638 0.936345398426056 0.966391921043396 0.977363288402557 0.982336521148682 0.984254956245422 0.987767457962036 0.993148505687714 0.92390513420105 0.869473814964294 0.895849704742432 0.612167596817017 0.394046872854233 0.304076701402664 0.242504611611366 0.253741681575775 0.213255077600479 0.181770637631416 -3.4e+38 -3.4e+38 -3.4e+38 -3.4e+38 -3.4e+38 -3.4e+38 -3.4e+38 -3.4e+38 -3.4e+38
0.824237883090973 0.776564478874207 0.746270954608917 0.70684152841568 0.616889417171478 0.616597652435303 0.601126670837402 0.902518212795258 0.938955008983612 0.707683086395264 0.743030250072479 0.784298956394196 0.838068962097168 0.876843810081482 0.879852890968323 0.916672348976135 0.930450975894928 0.956749081611633 0.97773540019989 0.977659642696381 0.980827569961548 0.980808794498444 0.988674700260162 0.996488392353058 0.983591854572296 0.916201174259186 0.851478397846222 0.767498433589935 0.502753019332886 0.768060505390167 0.641160368919373 0.327801942825317 0.245128765702248 0.204267129302025 0.199941352009773 -3.4e+38 -3.4e+38 -3.4e+38 -3.4e+38 -3.4e+38 -3.4e+38 -3.4e+38 -3.4e+38 -3.4e+38 -3.4e+38
0.815045654773712 0.74530816078186 0.526307761669159 0.616467654705048 0.636301815509796 0.646267533302307 0.534862458705902 0.604210376739502 0.75272274017334 0.831026673316956 0.575454294681549 0.745613038539886 0.814373195171356 0.843573153018951 0.891293287277222 0.915119528770447 0.951405346393585 0.959271252155304 0.974260926246643 0.978186786174774 0.966004192829132 0.943946063518524 0.971811532974243 0.990707159042358 0.992733895778656 0.985610842704773 0.929587006568909 0.737521231174469 0.34060800075531 0.359766453504562 0.355171382427216 0.243804752826691 0.188849106431007 0.198248893022537 -3.4e+38 -3.4e+38 -3.4e+38 -3.4e+38 -3.4e+38 -3.4e+38 -3.4e+38 -3.4e+38 -3.4e+38 -3.4e+38 -3.4e+38
0.765992760658264 0.607211768627167 0.624333202838898 0.710701107978821 0.637241840362549 0.481533169746399 0.545441269874573 0.636918842792511 0.80949991941452 0.859127759933472 0.739475846290588 0.688783705234528 0.788697004318237 0.846677720546722 0.894074499607086 0.9220871925354 0.935177505016327 0.927683472633362 0.892773807048798 0.890403211116791 0.847895085811615 0.850526511669159 0.924150705337524 0.983650088310242 0.992545545101166 0.986756980419159 0.978909850120544 0.836507439613342 0.741096138954163 0.46108490228653 0.199376910924911 0.173727482557297 0.186177715659142 -3.4e+38 -3.4e+38 -3.4e+38 -3.4e+38 -3.4e+38 -3.4e+38 -3.4e+38 -3.4e+38 -3.4e+38 -3.4e+38 -3.4e+38 -3.4e+38
0.725062847137451 0.546582400798798 0.747595548629761 0.695149540901184 0.546756327152252 0.604049742221832 0.89725661277771 0.942301094532013 0.917394876480103 0.734639763832092 0.718129575252533 0.740252017974854 0.78427129983902 0.800905704498291 0.888390481472015 0.926854372024536 0.938451707363129 0.833434343338013 0.82568222284317 0.862962901592255 0.847055375576019 0.831356346607208 0.943161308765411 0.975303530693054 0.974548697471619 0.96336966753006 0.902217149734497 0.783126533031464 0.524648129940033 0.262742817401886 0.170435771346092 0.169890940189362 -3.4e+38 -3.4e+38 -3.4e+38 -3.4e+38 -3.4e+38 -3.4e+38 -3.4e+38 -3.4e+38 -3.4e+38 -3.4e+38 -3.4e+38 -3.4e+38 -3.4e+38
0.458706885576248 0.408339887857437 0.68259471654892 0.710525929927826 0.753505766391754 0.878424823284149 0.889641225337982 0.940634071826935 0.725146770477295 0.675033807754517 0.682399272918701 0.793154954910278 0.76614511013031 0.834244668483734 0.872498691082001 0.922304928302765 0.940095067024231 0.871765553951263 0.849870562553406 0.897698998451233 0.893175601959229 0.860596776008606 0.845198452472687 0.901689410209656 0.892940938472748 0.87327915430069 0.673454821109772 0.683286726474762 0.273212850093842 0.16069707274437 0.168750509619713 -3.4e+38 -3.4e+38 -3.4e+38 -3.4e+38 -3.4e+38 -3.4e+38 -3.4e+38 -3.4e+38 -3.4e+38 -3.4e+38 -3.4e+38 -3.4e+38 -3.4e+38 -3.4e+38
0.458370596170425 0.350902199745178 0.714867472648621 0.770065724849701 0.838845610618591 0.842754125595093 0.88347464799881 0.964978396892548 0.745706021785736 0.622941315174103 0.72326922416687 0.755483388900757 0.846132040023804 0.893019616603851 0.911447763442993 0.94286185503006 0.957459449768066 0.962069749832153 0.953460097312927 0.88204288482666 0.836803674697876 0.757221460342407 0.781422317028046 0.789534091949463 0.739266812801361 0.708064913749695 0.717852234840393 0.49263197183609 0.174191817641258 0.17043437063694 0.160906925797462 -3.4e+38 -3.4e+38 -3.4e+38 -3.4e+38 -3.4e+38 -3.4e+38 -3.4e+38 -3.4e+38 -3.4e+38 -3.4e+38 -3.4e+38 -3.4e+38 -3.4e+38 -3.4e+38
0.468068420886993 0.351762026548386 0.882360279560089 0.938084661960602 0.966852903366089 0.978673160076141 0.904683828353882 0.672232329845428 0.639684915542603 0.61598938703537 0.680194556713104 0.757454812526703 0.813568532466888 0.882502019405365 0.93088436126709 0.95599353313446 0.972293794155121 0.968191266059875 0.958158254623413 0.929633915424347 0.875260651111603 0.84101402759552 0.809585452079773 0.853159844875336 0.769554615020752 0.747462928295135 0.520687282085419 0.383632153272629 0.189217761158943 0.170952022075653 -3.4e+38 -3.4e+38 -3.4e+38 -3.4e+38 -3.4e+38 -3.4e+38 -3.4e+38 -3.4e+38 -3.4e+38 -3.4e+38 -3.4e+38 -3.4e+38 -3.4e+38 -3.4e+38 -3.4e+38
0.779150187969208 0.53002667427063 0.899787962436676 0.982912003993988 0.979130804538727 0.991906404495239 0.849627196788788 0.616392433643341 0.56208723783493 0.623988628387451 0.677174925804138 0.772261321544647 0.840437054634094 0.922552049160004 0.942445755004883 0.857089221477509 0.923041224479675 0.970713138580322 0.975094377994537 0.938557147979736 0.876008331775665 0.852851927280426 0.829761207103729 0.856810033321381 0.838306188583374 0.798388361930847 0.665073215961456 0.312132209539413 0.215358197689056 -3.4e+38 -3.4e+38 -3.4e+38 -3.4e+38 -3.4e+38 -3.4e+38 -3.4e+38 -3.4e+38 -3.4e+38 -3.4e+38 -3.4e+38 -3.4e+38 -3.4e+38 -3.4e+38 -3.4e+38 -3.4e+38
0.642937183380127 0.835011303424835 0.981146633625031 0.990424394607544 0.993157505989075 0.988215208053589 0.815875887870789 0.609325051307678 0.582632958889008 0.632408201694489 0.760654091835022 0.819227516651154 0.882344841957092 0.91858959197998 0.970006823539734 0.97060614824295 0.764545381069183 0.938890695571899 0.901292622089386 0.879478752613068 0.92389965057373 0.906241536140442 0.876465857028961 0.821395695209503 0.74017071723938 0.64771169424057 0.652438879013062 0.38096821308136 0.244752615690231 -3.4e+38 -3.4e+38 -3.4e+38 -3.4e+38 -3.4e+38 -3.4e+38 -3.4e+38 -3.4e+38 -3.4e+38 -3.4e+38 -3.4e+38 -3.4e+38 -3.4e+38 -3.4e+38 -3.4e+38 -3.4e+38
0.779186010360718 0.985878884792328 0.996602356433868 0.983801960945129 0.982437133789062 0.962939381599426 0.808828055858612 0.667607307434082 0.668055236339569 0.717743158340454 0.770090579986572 0.8316410779953 0.922853887081146 0.96231210231781 0.970977425575256 0.973320066928864 0.935777127742767 0.74985271692276 0.761542797088623 0.80237078666687 0.895408272743225 0.904430568218231 0.873157858848572 0.886966168880463 0.777637124061584 0.639552652835846 0.512435138225555 0.320310175418854 0.277698159217834 -3.4e+38 -3.4e+38 -3.4e+38 -3.4e+38 -3.4e+38 -3.4e+38 -3.4e+38 -3.4e+38 -3.4e+38 -3.4e+38 -3.4e+38 -3.4e+38 -3.4e+38 -3.4e+38 -3.4e+38 -3.4e+38
0.91298496723175 0.964177131652832 0.950849115848541 0.953379034996033 0.914804697036743 0.82560795545578 0.774933815002441 0.737622916698456 0.735418677330017 0.771065413951874 0.846486806869507 0.927837133407593 0.929004371166229 0.792744576931 0.858582198619843 0.983521342277527 0.929416716098785 0.704190015792847 0.703258037567139 0.696340978145599 0.801395952701569 0.849148273468018 0.805033147335052 0.793646216392517 0.729638576507568 0.567035853862762 0.450769990682602 0.345854014158249 -3.4e+38 -3.4e+38 -3.4e+38 -3.4e+38 -3.4e+38 -3.4e+38 -3.4e+38 -3.4e+38 -3.4e+38 -3.4e+38 -3.4e+38 -3.4e+38 -3.4e+38 -3.4e+38 -3.4e+38 -3.4e+38 -3.4e+38
0.928754687309265 0.980464577674866 0.959559202194214 0.927888453006744 0.862489640712738 0.791937828063965 0.789693713188171 0.780766248703003 0.861277282238007 0.830422759056091 0.869255244731903 0.927396595478058 0.961744427680969 0.973720967769623 0.775654196739197 0.954773128032684 0.890303790569305 0.768023490905762 0.758048951625824 0.87337452173233 0.83066987991333 0.780411720275879 0.626532018184662 0.607830226421356 0.569193661212921 0.517484128475189 0.393760174512863 -3.4e+38 -3.4e+38 -3.4e+38 -3.4e+38 -3.4e+38 -3.4e+38 -3.4e+38 -3.4e+38 -3.4e+38 -3.4e+38 -3.4e+38 -3.4e+38 -3.4e+38 -3.4e+38 -3.4e+38 -3.4e+38 -3.4e+38 -3.4e+38
0.61640864610672 0.843926727771759 0.959966540336609 0.916055142879486 0.868280112743378 0.810592234134674 0.788443744182587 0.792057871818542 0.82042783498764 0.876351535320282 0.901396632194519 0.948853254318237 0.97347217798233 0.975044906139374 0.780259907245636 0.665805339813232 0.874480605125427 0.874145448207855 0.925080895423889 0.90456748008728 0.870635271072388 0.810922741889954 0.770690321922302 0.711986601352692 0.552763104438782 0.415205895900726 -3.4e+38 -3.4e+38 -3.4e+38 -3.4e+38 -3.4e+38 -3.4e+38 -3.4e+38 -3.4e+38 -3.4e+38 -3.4e+38 -3.4e+38 -3.4e+38 -3.4e+38 -3.4e+38 -3.4e+38 -3.4e+38 -3.4e+38 -3.4e+38 -3.4e+38
