data/climate_estimation/maxent_output/Wurmbea_dioica.asc
NCOLS 494 
NROWS 293 
XLLCORNER 113.166666666667 
YLLCORNER -43.5 
CELLSIZE 0.0833333333333333 
NODATA_value -3.4e+38 
[rows 20 to 39 of 293, columns 45 to 89 of 494]
0.0187211465090513 0.0178205613046885 0.0165649764239788 0.0194953810423613 0.0198914762586355 0.0211996398866177 0.0191326700150967 0.00123607343994081 0.0012568550882861 0.00122515170369297 0.00129376433324069 0.00131085247267038 0.00128387287259102 0.00131397368386388 0.0013512468431145 0.00133981194812804 0.00140408240258694 0.00135422521270812 0.00134314189199358 0.0013610600726679 0.0206587743014097 0.0196666307747364 0.0198988858610392 0.0190446209162474 0.017048729583621 0.0153357665985823 0.0149295683950186 0.0139934252947569 0.0133075164631009 0.0113088777288795 0.0111793363466859 0.00549712684005499 0.0056758034043014 0.00496886717155576 0.0053237471729517 0.0194249283522367 0.0203687027096748 0.0210880450904369 0.0221131052821875 0.0211134366691113 0.0239338427782059 0.0234346147626638 0.0235611572861671 0.026041679084301 0.0278319008648396
0.0158473048359156 0.0178604014217854 0.0163449663668871 0.017923217266798 0.018689788877964 0.0168270040303469 0.0176035929471254 0.0177904013544321 0.00119706825353205 0.00122512562666088 0.00130937132053077 0.00117262697312981 0.00127641449216753 0.00129439635202289 0.00128442991990596 0.00126543990336359 0.00124939589295536 0.00124024553224444 0.00125670956913382 0.00129492406267673 0.0196084808558226 0.0186638049781322 0.018250185996294 0.016248544678092 0.014947128482163 0.0150589039549232 0.0135114183649421 0.0130103975534439 0.0123004047200084 0.010634258389473 0.00499807065352798 0.00492663681507111 0.00501664634793997 0.0045755566097796 0.00470681395381689 0.0162884872406721 0.0179217420518398 0.0190298408269882 0.0196483321487904 0.0658673793077469 0.0206648204475641 0.0213127471506596 0.0242601223289967 0.0245727747678757 0.0254665073007345
0.0166894625872374 0.0153703354299068 0.0167676545679569 0.0155391935259104 0.016431886702776 0.0156480614095926 0.0167835652828217 0.0167920459061861 0.00114393653348088 0.00121266243513674 0.00119337521027774 0.00122520560398698 0.00120311591308564 0.00122393423225731 0.00121217698324472 0.0012317115906626 0.00119392643682659 0.00116669735871255 0.00116602797061205 0.00115539808757603 0.0173614639788866 0.0177467986941338 0.0148815140128136 0.0145501736551523 0.014360660687089 0.0135167380794883 0.0123671544715762 0.0116641698405147 0.0111705120652914 0.00481568230316043 0.00918389670550823 0.00451702577993274 0.00405708653852344 0.00435893936082721 0.00414629839360714 0.0148661956191063 0.0155787281692028 0.0166422370821238 0.0171361900866032 0.0583319440484047 0.0643078908324242 0.019238218665123 0.0193587057292461 0.020521005615592 0.0226139705628157
0.0147742284461856 0.014340054243803 0.0141008682549 0.014925348572433 0.0152858961373568 0.0151430508121848 0.015456847846508 0.0163428019732237 0.0163122843950987 0.00115572079084814 0.00119410851038992 0.00108030368573964 0.00106936669908464 0.00108576670754701 0.00115348084364086 0.00106752023566514 0.00120246747974306 0.00112053717020899 0.00110961881000549 0.0162867400795221 0.0165015067905188 0.0138601157814264 0.013995629735291 0.0139606799930334 0.013812405988574 0.0124749895185232 0.01185801345855 0.0110033070668578 0.0104320319369435 0.00925816781818867 0.00880566239356995 0.00388862635008991 0.00377343129366636 0.00379508989863098 0.00366820790804923 0.00380565132945776 0.0136465914547443 0.0148386675864458 0.0157874766737223 0.0551374703645706 0.0590480789542198 0.061122253537178 0.0613854043185711 0.0200425572693348 0.0193706918507814
0.0132874734699726 0.01298185903579 0.0137600488960743 0.0151007631793618 0.0133463013917208 0.0143065778538585 0.0154770985245705 0.0141236251220107 0.0140748778358102 0.000933879753574729 0.00104830099735409 0.0009725505951792 0.00100921117700636 0.00100066419690847 0.00101598410401493 0.00101727002765983 0.000998410047031939 0.000965755491051823 0.00104461249429733 0.0153482174500823 0.013778924010694 0.0136477947235107 0.0126715889200568 0.0125383287668228 0.012797437608242 0.0107232155278325 0.0101813012734056 0.0101924054324627 0.00885366648435593 0.00835050642490387 0.00402769679203629 0.00365327205508947 0.00347994337789714 0.00326816807501018 0.00354039273224771 0.0033829512540251 0.012184583581984 0.0127751510590315 0.0138748474419117 0.0150739960372448 0.0527348592877388 0.0583315826952457 0.0567026138305664 0.0176283624023199 0.0176934786140919
0.0122879398986697 0.0121897533535957 0.0125264516100287 0.0127370860427618 0.013673197478056 0.0123865157365799 0.013171867467463 0.0137566002085805 0.0152821587398648 0.0143335275352001 0.000895741453859955 0.000939770368859172 0.000981661025434732 0.00105343293398619 0.00102029263507575 0.00104539177846164 0.00102452794089913 0.000885771005414426 0.000995087437331676 0.01318652741611 0.0138452993705869 0.0123617043718696 0.0124933170154691 0.0120735475793481 0.0114095909520984 0.00995993707329035 0.00975838955491781 0.00941852107644081 0.00827373377978802 0.00818138942122459 0.00350284087471664 0.00342624727636576 0.0033535158727318 0.00302207679487765 0.00295699411071837 0.00340662570670247 0.0113277630880475 0.0128932129591703 0.0131159098818898 0.0133061623200774 0.0485827997326851 0.0523316785693169 0.0156827792525291 0.015869302675128 0.0553650222718716
0.0409914664924145 0.0410872288048267 0.040771909058094 0.0123268151655793 0.0121621349826455 0.0124036390334368 0.0138210076838732 0.0125720901414752 0.013147110119462 0.0131179643794894 0.0134043684229255 0.0142000345513225 0.0145355509594083 0.0139146586880088 0.0145471673458815 0.0143235987052321 0.0140204634517431 0.0132350195199251 0.0128172151744366 0.0131497774273157 0.0129512585699558 0.0118095902726054 0.0117670493200421 0.0112131917849183 0.0100634014233947 0.0105754416435957 0.00954365823417902 0.00845211278647184 0.00768339447677135 0.00365981226786971 0.00366419344209135 0.00324425613507628 0.00322487950325012 0.00306074391119182 0.00296659022569656 0.0104879895225167 0.0116790840402246 0.012283394113183 0.0132104679942131 0.0122561547905207 0.0455606430768967 0.0501266941428185 0.0155939282849431 0.055452823638916 0.0537126027047634
0.0385200381278992 0.0392038151621819 0.0409923493862152 0.0422845669090748 0.0117260152474046 0.0119751272723079 0.0113122463226318 0.012283131480217 0.0126504749059677 0.0120323924347758 0.0125692766159773 0.0128186428919435 0.0141647653654218 0.0131631214171648 0.0127619775012136 0.0135124828666449 0.0138386907055974 0.0130951264873147 0.0121788773685694 0.0126080550253391 0.01225346326828 0.0118252672255039 0.0113011971116066 0.0111382622271776 0.0103504927828908 0.00962966307997704 0.00947495643049479 0.00859652552753687 0.00771587155759335 0.00781677104532719 0.00318106170743704 0.00306105916388333 0.00292925164103508 0.0028834359254688 0.00298627372831106 0.0105649279430509 0.00962426513433456 0.0101438416168094 0.0117542883381248 0.0111482096835971 0.0125751104205847 0.0130402464419603 0.0488950684666634 0.045661311596632 0.049525048583746
0.0330915860831738 0.0369483828544617 0.0354549884796143 0.0362422578036785 0.0393303036689758 0.0113218370825052 0.0113906683400273 0.0112145440652966 0.012208110652864 0.0121598392724991 0.0131944147869945 0.0123049281537533 0.0129305934533477 0.0130010703578591 0.0128317745402455 0.0125036481767893 0.0117116030305624 0.0124986236914992 0.0117180151864886 0.0115507412701845 0.0115921851247549 0.0112151829525828 0.0111654214560986 0.00941248890012503 0.00946096796542406 0.00863955169916153 0.00896328128874302 0.00813854392617941 0.00782781280577183 0.00695979315787554 0.0033502159640193 0.00289546954445541 0.00275018531829119 0.00285007059574127 0.00264216982759535 0.00975974276661873 0.00994721986353397 0.00983273889869452 0.010471667163074 0.0368935130536556 0.0119156399741769 0.0119278859347105 0.0446780249476433 0.0461179129779339 0.0454014912247658
0.0339203290641308 0.0158337093889713 0.0170975495129824 0.0353776216506958 0.0363969169557095 0.0384846702218056 0.011085806414485 0.0113094206899405 0.011418929323554 0.0122105954214931 0.0118571706116199 0.0111891943961382 0.0127952741459012 0.0118121951818466 0.0127808367833495 0.0116516202688217 0.0110949762165546 0.0120312785729766 0.0120670087635517 0.0114924553781748 0.0106682796031237 0.0107667744159698 0.00975091196596622 0.0102621857076883 0.00871152989566326 0.00841991975903511 0.00869322009384632 0.00788574758917093 0.00698218308389187 0.00315350573509932 0.00318780215457082 0.00285183452069759 0.00274154497310519 0.00249364040791988 0.00244616088457406 0.00884265545755625 0.00944733526557684 0.00967945996671915 0.0351232811808586 0.0334492661058903 0.0373604148626328 0.0413437336683273 0.0398972891271114 0.0417829416692257 0.0419331230223179
0.0292420536279678 0.0159246735274792 0.0155549142509699 0.0164651311933994 0.0331043414771557 0.0352404527366161 0.0100365011021495 0.010510727763176 0.0102243553847075 0.0106691094115376 0.0105911763384938 0.0107359979301691 0.0120177855715156 0.0110488049685955 0.0114010879769921 0.0113604348152876 0.0110212527215481 0.0110172452405095 0.011082224547863 0.010310891084373 0.0102568715810776 0.00985549855977297 0.00927210878580809 0.00929968804121017 0.00873490888625383 0.00876135099679232 0.00769726512953639 0.00777002889662981 0.00679397350177169 0.00633784523233771 0.00631279638037086 0.0025746061000973 0.0024902040604502 0.00822416879236698 0.00869498029351234 0.00820822454988956 0.00830688513815403 0.00858475267887115 0.0292489249259233 0.0325540006160736 0.0351118594408035 0.036192387342453 0.0365859530866146 0.0391766577959061 0.0392884723842144
0.0145232072100043 0.0301998015493155 0.0287682712078094 0.0293577779084444 0.0318757556378841 0.0323250144720078 0.0095110610127449 0.0103014428168535 0.00963196344673634 0.0102820117026567 0.0100128473713994 0.010179603472352 0.0102360211312771 0.010196590796113 0.0114128030836582 0.0116026401519775 0.0103172240778804 0.0101239085197449 0.00989382341504097 0.00968362297862768 0.0101533541455865 0.00945392809808254 0.00919603835791349 0.00837252102792263 0.00866343267261982 0.00831613503396511 0.00745847867801785 0.00731565896421671 0.00640753470361233 0.00580231286585331 0.00565665261819959 0.00238894810900092 0.00249823182821274 0.00237032724544406 0.00764530850574374 0.00700074573978782 0.00776172336190939 0.00742208538576961 0.00796286202967167 0.00770754460245371 0.0289664398878813 0.0329561494290829 0.0339822098612785 0.0381094552576542 0.0351139307022095
0.028258441016078 0.0265832804143429 0.0140396719798446 0.0305430274456739 0.0288924872875214 0.0297682378441095 0.00897866487503052 0.00907928589731455 0.00909983739256859 0.00936288293451071 0.00934096425771713 0.0098240589722991 0.00961225666105747 0.0102010983973742 0.0110080102458596 0.00992075074464083 0.0110415108501911 0.0099270436912775 0.0101896291598678 0.0091186948120594 0.00901576317846775 0.00874162092804909 0.00925597175955772 0.00823179818689823 0.00832211226224899 0.00806920323520899 0.00729813566431403 0.00670759985223413 0.00600126478821039 0.00560003798455 0.00490489462390542 0.00239741103723645 0.00776640791445971 0.00767889060080051 0.00725441193208098 0.00658049015328288 0.00713374279439449 0.00678788870573044 0.00662794755771756 0.0274911168962717 0.0287909805774689 0.0306192059069872 0.0322148129343987 0.0336768217384815 0.0334729887545109
0.0261337049305439 0.0281785503029823 0.0285812225192785 0.0298334695398808 0.0282028261572123 0.029312064871192 0.0313208661973476 0.00867068767547607 0.00949200335890055 0.00946144200861454 0.00970895774662495 0.00892185792326927 0.00925637222826481 0.00950998067855835 0.0100644947960973 0.0104665076360106 0.0101298969238997 0.0348297506570816 0.0343643538653851 0.0334741398692131 0.00966822821646929 0.00851941481232643 0.00850359722971916 0.00824189092963934 0.00767333991825581 0.00748267862945795 0.00692820781841874 0.0063938470557332 0.00535856280475855 0.00565346889197826 0.00513467611745 0.00214251177385449 0.00764209590852261 0.00672064675018191 0.00659664580598474 0.00635532196611166 0.00665222434327006 0.0221540052443743 0.0064620990306139 0.0252600517123938 0.0273539870977402 0.0270319413393736 0.0286851171404123 0.0298620741814375 0.030759060755372
0.0244655832648277 0.025713512673974 0.0244963187724352 0.0274019856005907 0.0280585177242756 0.0279607865959406 0.0299082137644291 0.0304753053933382 0.0284091550856829 0.030542615801096 0.030928585678339 0.0320975109934807 0.00879456754773855 0.00906565878540277 0.00971718598157167 0.0324240326881409 0.0330576375126839 0.0340660996735096 0.0332771874964237 0.0298416633158922 0.0304830260574818 0.00833201967179775 0.0076818629167974 0.00757131678983569 0.0075061209499836 0.00692598335444927 0.00696849729865789 0.00603894190862775 0.00536753609776497 0.00526471203193069 0.00488792825490236 0.00701357843354344 0.00719631789252162 0.00679972395300865 0.0065032672137022 0.00608284585177898 0.00617843866348267 0.00617843866348267 0.0222281869500875 0.0237990189343691 0.0226652082055807 0.0259763672947884 0.0280845016241074 0.0279432777315378 0.0310581736266613
0.0226566754281521 0.0239507928490639 0.0232375431805849 0.0253663063049316 0.0259966794401407 0.0265246517956257 0.0278909858316183 0.0269187092781067 0.0280612222850323 0.0305285658687353 0.0290865674614906 0.0303141009062529 0.0285430271178484 0.0313006192445755 0.0307782422751188 0.0301707629114389 0.0307357236742973 0.032495055347681 0.0295176170766354 0.0302184522151947 0.0275617931038141 0.0266505647450686 0.0276462584733963 0.024294774979353 0.00716188922524452 0.00647521624341607 0.00614844355732203 0.00536748208105564 0.00544180488213897 0.00474895490333438 0.00445036683231592 0.00720400316640735 0.0066182310692966 0.00639119930565357 0.00609980104491115 0.00607441831380129 0.00583727285265923 0.02041395008564 0.0219350252300501 0.0227108467370272 0.0221689958125353 0.0251627545803785 0.025827182456851 0.028624951839447 0.0273951068520546
0.0212385654449463 0.0228271801024675 0.0223710425198078 0.0251524783670902 0.0234193615615368 0.0862541869282722 0.0259255860000849 0.0283616334199905 0.0266389138996601 0.027425229549408 0.028849333524704 0.0308438930660486 0.0290489364415407 0.0280566494911909 0.0280155651271343 0.028508834540844 0.028236722573638 0.029169512912631 0.0301255434751511 0.0275067910552025 0.0256285220384598 0.024354662746191 0.0259625408798456 0.0238296464085579 0.0208281707018614 0.0195310674607754 0.0188839416950941 0.0172632299363613 0.00449325097724795 0.0157986339181662 0.0149541180580854 0.00662426603958011 0.00627840356901288 0.00616213865578175 0.00561154913157225 0.00566868530586362 0.00622228207066655 0.0213038679212332 0.021204886958003 0.0211946424096823 0.0207507647573948 0.022491117939353 0.0226568393409252 0.0223803631961346 0.0249227825552225
0.021641843020916 0.0223415810614824 0.0229565799236298 0.0794188529253006 0.0817530825734138 0.0871505588293076 0.0829189345240593 0.0894058868288994 0.0928644314408302 0.0264196265488863 0.0989084988832474 0.0964252203702927 0.0271508283913136 0.0283023528754711 0.0278320219367743 0.0274298749864101 0.0281876008957624 0.0267310291528702 0.0257647596299648 0.025481391698122 0.0243294667452574 0.0242010653018951 0.0208002589643002 0.0216297581791878 0.0209655649960041 0.0192773845046759 0.0165564436465502 0.0177581403404474 0.0159792061895132 0.0139572555199265 0.0141880717128515 0.0065693105570972 0.00625062873587012 0.00584600819274783 0.00569151295349002 0.00534331658855081 0.0192192792892456 0.0200433954596519 0.0190418567508459 0.021497581154108 0.0199746377766132 0.0204430110752583 0.0198178384453058 0.022650595754385 0.0219327434897423
0.0201876647770405 0.0194461960345507 0.0196371674537659 0.0215777810662985 0.0219829622656107 0.07513078302145 0.0748081132769585 0.0806665271520615 0.0791822075843811 0.0798934325575829 0.0819240584969521 0.0858245864510536 0.0867306739091873 0.0935932397842407 0.0893126502633095 0.095837228000164 0.0905155539512634 0.081751860678196 0.0239885598421097 0.0226523242890835 0.0216621030122042 0.0215677116066217 0.0217923279851675 0.0193092785775661 0.0204821284860373 0.0175177045166492 0.016856724396348 0.0146247586235404 0.0147878061980009 0.0152656193822622 0.0147578762844205 0.00628515146672726 0.00606593722477555 0.00556959537789226 0.00551224313676357 0.00526748318225145 0.0185644831508398 0.0183415617793798 0.0182840321213007 0.0189763437956572 0.0211428143084049 0.0203874800354242 0.0202192943543196 0.0197431780397892 0.0231425650417805
0.0175911337137222 0.0181608460843563 0.0185106359422207 0.0200667753815651 0.0673109143972397 0.0699194222688675 0.0695660635828972 0.0701218619942665 0.0740053281188011 0.0773593783378601 0.0761274099349976 0.0784155055880547 0.0820373222231865 0.168064996600151 0.160259902477264 0.0799788311123848 0.076545923948288 0.0778593569993973 0.0750211328268051 0.0764599740505219 0.0211619641631842 0.0206896271556616 0.0201861504465342 0.0176768247038126 0.0180372335016727 0.0166910793632269 0.016487181186676 0.0150480177253485 0.0134541494771838 0.0124459406360984 0.0132986502721906 0.00605228636413813 0.00566314999014139 0.00558241689577699 0.00536015909165144 0.00516811106353998 0.0185412839055061 0.0179180148988962 0.0183835737407207 0.0183490160852671 0.0190329570323229 0.0197652634233236 0.0188688691705465 0.0197385847568512 0.0209488831460476
