data/climate_estimation/maxent_output/Wurmbea_tenella.asc
NCOLS 179 
NROWS 108 
XLLCORNER 114.333333333333 
YLLCORNER -34.6666666666667 
CELLSIZE 0.0833333333333334 
NODATA_value -3.4e+38 
[rows 20 to 39 of 108, columns 0 to 44 of 179]
0.0525815822184086 0.0523745529353619 0.0512315295636654 0.0531325712800026 0.0545032992959023 0.25860059261322 0.268573939800262 0.268473535776138 0.0369030945003033 0.225389868021011 0.229446992278099 0.0363787971436977 0.0311412122100592 0.0299087930470705 0.0265900548547506 0.171156287193298 0.158886834979057 0.423467606306076 0.498689830303192 0.466586649417877 0.548701882362366 0.516349673271179 0.408858299255371 0.404411822557449 0.380821943283081 0.341891258955002 0.355205863714218 0.383190482854843 0.313657522201538 0.321253478527069 0.405792444944382 0.391541212797165 0.387406796216965 0.372549533843994 0.46886146068573 0.479729354381561 0.469313830137253 0.458074629306793 0.46301206946373 0.48835688829422 0.478262931108475 0.498587310314178 0.446274638175964 0.458552539348602 0.452008754014969
0.0495735332369804 0.049290843307972 0.298419296741486 0.30994901061058 0.276281386613846 0.275174200534821 0.254268676042557 0.261370807886124 0.256829917430878 0.225379690527916 0.210876777768135 0.208989784121513 0.185350656509399 0.190764233469963 0.179787814617157 0.168114602565765 0.161182433366776 0.398031711578369 0.526514947414398 0.482426553964615 0.448292434215546 0.5245081782341 0.410738945007324 0.360818415880203 0.349144846200943 0.341782718896866 0.354360520839691 0.289986878633499 0.308314561843872 0.323763400316238 0.414242446422577 0.38664311170578 0.385766744613647 0.461337745189667 0.464973717927933 0.462589263916016 0.434954047203064 0.535418450832367 0.568795740604401 0.471998691558838 0.481243669986725 0.483968257904053 0.452519148588181 0.448180824518204 0.461604326963425
0.255887657403946 0.286215364933014 0.287550210952759 0.297146379947662 0.273078173398972 0.285075753927231 0.284273058176041 0.249752476811409 0.24086120724678 0.237800195813179 0.2048479616642 0.201331153512001 0.201360836625099 0.20322859287262 0.178455039858818 0.180038616061211 0.402330666780472 0.419428557157516 0.466817378997803 0.45068371295929 0.479852050542831 0.539916574954987 0.472633510828018 0.338051080703735 0.324655115604401 0.332734614610672 0.35076767206192 0.367869347333908 0.378928631544113 0.387264460325241 0.372414916753769 0.392158299684525 0.364430844783783 0.458871304988861 0.463058680295944 0.453091472387314 0.500050842761993 0.489796817302704 0.515785813331604 0.519937336444855 0.566895067691803 0.579371273517609 0.44212993979454 0.440819531679153 0.451806366443634
0.23018604516983 0.248855575919151 0.272271454334259 0.269425690174103 0.270144730806351 0.277959614992142 0.274354606866837 0.271217972040176 0.231590822339058 0.237257272005081 0.229111775755882 0.197457388043404 0.188809007406235 0.184803396463394 0.474085211753845 0.422583281993866 0.43608146905899 0.565308928489685 0.513273954391479 0.477432399988174 0.466623872518539 0.525197863578796 0.50539892911911 0.492817997932434 0.308215498924255 0.29888054728508 0.306105256080627 0.316500842571259 0.330184549093246 0.360249429941177 0.316269159317017 0.350748866796494 0.443160504102707 0.439225792884827 0.42498117685318 0.493659108877182 0.46910434961319 0.502949893474579 0.509465038776398 0.516922473907471 0.533575415611267 0.532825350761414 0.542829096317291 0.545189380645752 0.440941482782364
0.205025389790535 0.230805441737175 0.246297299861908 0.261573642492294 0.269283920526505 0.272708803415298 0.275126218795776 0.268436163663864 0.222548589110374 0.540225982666016 0.538536190986633 0.511553406715393 0.461604565382004 0.455079913139343 0.453566759824753 0.451764166355133 0.51642519235611 0.531607687473297 0.552115380764008 0.461567640304565 0.569151341915131 0.50598156452179 0.468548327684402 0.488662719726562 0.447341591119766 0.442605197429657 0.284963846206665 0.297244161367416 0.298143863677979 0.307871609926224 0.299382507801056 0.385626465082169 0.385059386491776 0.402963727712631 0.492251127958298 0.462192505598068 0.462380319833755 0.543815135955811 0.564113080501556 0.497251212596893 0.513826310634613 0.53305047750473 0.535402655601501 0.549255847930908 0.530487358570099
0.18353559076786 0.206230878829956 0.554779052734375 0.594712913036346 0.261912971735001 0.272535175085068 0.609602034091949 0.615378558635712 0.59185266494751 0.528714597225189 0.521434366703033 0.493156850337982 0.483727961778641 0.481768012046814 0.429199039936066 0.549749493598938 0.558077335357666 0.501828670501709 0.524979114532471 0.572034120559692 0.532110035419464 0.493005722761154 0.493594318628311 0.471004337072372 0.457671225070953 0.452512204647064 0.29196161031723 0.280705243349075 0.261931419372559 0.325196176767349 0.368116110563278 0.381132900714874 0.373986303806305 0.380943447351456 0.474876791238785 0.473477333784103 0.465311169624329 0.53119683265686 0.556971490383148 0.581472992897034 0.573971390724182 0.595048010349274 0.545064449310303 0.550768435001373 0.524182140827179
0.443568587303162 0.470030248165131 0.525827646255493 0.57370388507843 0.604690492153168 0.605802297592163 0.622672200202942 0.608209371566772 0.586466908454895 0.506282150745392 0.508081614971161 0.49515089392662 0.468366324901581 0.558405697345734 0.561645030975342 0.527799427509308 0.517310500144958 0.635821580886841 0.579710423946381 0.593622803688049 0.557825326919556 0.526015937328339 0.507743239402771 0.478345274925232 0.436292678117752 0.418587058782578 0.252343565225601 0.251132190227509 0.327562034130096 0.354040175676346 0.355409920215607 0.345674186944962 0.366350293159485 0.365678042173386 0.443762242794037 0.45678573846817 0.454835444688797 0.535866677761078 0.563905656337738 0.586894035339355 0.583661317825317 0.539720594882965 0.560084521770477 0.618463575839996 0.545064449310303
0.412045806646347 0.435568571090698 0.478850811719894 0.527097105979919 0.562892258167267 0.559521496295929 0.602050304412842 0.586733102798462 0.574556052684784 0.495766162872314 0.497367858886719 0.568868637084961 0.568245887756348 0.539168298244476 0.530202507972717 0.533861875534058 0.646319210529327 0.58028906583786 0.585010468959808 0.5434809923172 0.563792288303375 0.476911008358002 0.503032267093658 0.480373024940491 0.432299882173538 0.425965279340744 0.423209816217422 0.408779889345169 0.38619276881218 0.324697047472 0.350162714719772 0.343882948160172 0.419253617525101 0.430707186460495 0.436281502246857 0.478869915008545 0.453224122524261 0.531394720077515 0.519670307636261 0.578772902488708 0.524525940418243 0.549142122268677 0.578483760356903 0.584550499916077 0.602867841720581
0.393950551748276 0.421053677797318 0.443809926509857 0.492546498775482 0.532630860805511 0.544288635253906 0.654481828212738 0.583974540233612 0.690011441707611 0.671610951423645 0.57722008228302 0.606813371181488 0.544737875461578 0.638657927513123 0.627208113670349 0.623798489570618 0.60184234380722 0.603442668914795 0.56387847661972 0.631160974502563 0.62305736541748 0.502827167510986 0.472591429948807 0.463938325643539 0.440120577812195 0.438147604465485 0.429018318653107 0.41285914182663 0.388672411441803 0.474969178438187 0.311544805765152 0.327635705471039 0.410272151231766 0.404512614011765 0.395464837551117 0.450033783912659 0.484228104352951 0.505360662937164 0.538317918777466 0.546045541763306 0.535045504570007 0.628785967826843 0.631080627441406 0.566842555999756 0.592914640903473
0.381230711936951 0.402326047420502 0.428067147731781 0.459998518228531 0.621295213699341 0.647916316986084 0.665258944034576 0.660663783550262 0.66388612985611 0.67067152261734 0.625605762004852 0.590333104133606 0.67425674200058 0.655230700969696 0.629329264163971 0.63468325138092 0.630878329277039 0.562996208667755 0.677470743656158 0.637000620365143 0.621955156326294 0.465623766183853 0.435994833707809 0.427317798137665 0.420435607433319 0.410718709230423 0.404583156108856 0.399235874414444 0.510758936405182 0.316102206707001 0.298495471477509 0.370353281497955 0.392799884080887 0.407053112983704 0.402515709400177 0.437044501304626 0.465633481740952 0.498851805925369 0.527235567569733 0.556955695152283 0.582700669765472 0.632717609405518 0.620716571807861 0.606852412223816 0.58859920501709
0.145330712199211 0.390371948480606 0.40031886100769 0.537336885929108 0.583563029766083 0.62275642156601 0.653351724147797 0.631234407424927 0.659602403640747 0.758005976676941 0.729712307453156 0.682546734809875 0.656458079814911 0.611207187175751 0.599479258060455 0.70827454328537 0.681006610393524 0.683764696121216 0.646278202533722 0.60766988992691 0.622432708740234 0.486982077360153 0.459747135639191 0.442388087511063 0.428483575582504 0.422288656234741 0.396057426929474 0.38556581735611 0.51264500617981 0.313683897256851 0.304505676031113 0.377553969621658 0.392831325531006 0.415586024522781 0.438693106174469 0.447589546442032 0.476771652698517 0.491232633590698 0.502679765224457 0.484801948070526 0.576922416687012 0.572412669658661 0.578883767127991 0.608976066112518 0.528871417045593
0.140792548656464 0.381703794002533 0.406766712665558 0.417587578296661 0.543538153171539 0.58441835641861 0.630567371845245 0.628584682941437 0.736009776592255 0.759652018547058 0.786663770675659 0.668461918830872 0.630856215953827 0.755350470542908 0.698888838291168 0.673338115215302 0.657984673976898 0.657152950763702 0.648748099803925 0.615116059780121 0.586259365081787 0.572659969329834 0.444839626550674 0.422513335943222 0.4458387196064 0.407037526369095 0.414444863796234 0.496661752462387 0.479719251394272 0.456277966499329 0.47619241476059 0.487184971570969 0.433279067277908 0.44827800989151 0.450117319822311 0.44538551568985 0.479265481233597 0.460500538349152 0.445360034704208 0.470881193876266 0.544447958469391 0.5792036652565 0.53785365819931 0.644139111042023 0.599383234977722
0.141133531928062 0.138495743274689 0.150574758648872 0.412215828895569 0.530933022499084 0.562414526939392 0.610092878341675 0.6196209192276 0.712631523609161 0.747610986232758 0.759880423545837 0.707980394363403 0.756983995437622 0.72531670331955 0.699996829032898 0.67997932434082 0.745539903640747 0.61761337518692 0.624750137329102 0.62213546037674 0.603887319564819 0.573198974132538 0.551423132419586 0.53180056810379 0.411073297262192 0.42860147356987 0.515824317932129 0.529551684856415 0.49795401096344 0.505439221858978 0.477642953395844 0.460949122905731 0.583997368812561 0.552674472332001 0.580764651298523 0.437920302152634 0.454672366380692 0.456796765327454 0.518719136714935 0.505123257637024 0.55027163028717 0.537398636341095 0.625857770442963 0.601159334182739 0.607334852218628
-3.4e+38 0.135416224598885 0.373992055654526 0.386675417423248 0.500832200050354 0.438525795936584 0.579095005989075 0.594553291797638 0.746241629123688 0.732802450656891 0.753222405910492 0.753770351409912 0.748032569885254 0.804034829139709 0.765789091587067 0.751820743083954 0.743681311607361 0.75301867723465 0.746651887893677 0.704312205314636 0.674777686595917 0.534448564052582 0.521011888980865 0.539676129817963 0.515352368354797 0.489131838083267 0.48932734131813 0.472173005342484 0.492821097373962 0.468464374542236 0.483252704143524 0.573137938976288 0.548043966293335 0.587128400802612 0.554975271224976 0.401476413011551 0.40849182009697 0.430841028690338 0.448507755994797 0.532720446586609 0.504460513591766 0.505625367164612 0.631272315979004 0.569643616676331 0.589080035686493
-3.4e+38 -3.4e+38 0.136178970336914 0.361131817102432 0.373175293207169 0.406931102275848 0.562925815582275 0.710015773773193 0.731907248497009 0.760122239589691 0.755591154098511 0.851994872093201 0.789823353290558 0.792224228382111 0.743258476257324 0.740211844444275 0.762569785118103 0.779542803764343 0.788141667842865 0.684650123119354 0.687382876873016 0.67612212896347 0.64450991153717 0.515909254550934 0.531401336193085 0.507968842983246 0.498590707778931 0.488189905881882 0.609058380126953 0.58472204208374 0.597793936729431 0.584370315074921 0.563881933689117 0.388068467378616 0.402561366558075 0.403743326663971 0.576684057712555 0.569091618061066 0.568136751651764 0.568946540355682 0.637246489524841 0.643015682697296 0.668254375457764 0.591401100158691 0.594967007637024
-3.4e+38 -3.4e+38 0.137287482619286 0.353460758924484 0.361381500959396 0.395092874765396 0.544361770153046 0.694493651390076 0.729383111000061 0.71136337518692 0.838332772254944 0.843195378780365 0.818160355091095 0.836264133453369 0.764819502830505 0.829193413257599 0.734452784061432 0.795823872089386 0.793992638587952 0.756279051303864 0.738298356533051 0.643913269042969 0.669007241725922 0.636635303497314 0.53857547044754 0.535646736621857 0.504802823066711 0.48290941119194 0.594892263412476 0.606291711330414 0.595745503902435 0.597069144248962 0.595430135726929 0.568545460700989 0.667329847812653 0.558183610439301 0.59710830450058 0.572036802768707 0.529237151145935 0.638347566127777 0.660870254039764 0.663888096809387 0.677944540977478 0.678336083889008 0.643153250217438
-3.4e+38 -3.4e+38 -3.4e+38 0.128364890813828 0.348607897758484 0.371897757053375 0.497821301221848 0.665230751037598 0.607342302799225 0.723373293876648 0.810892164707184 0.823510885238647 0.824221134185791 0.759600400924683 0.798892319202423 0.77961403131485 0.774926722049713 0.746621787548065 0.785269558429718 0.756143987178802 0.774612724781036 0.731642603874207 0.638939082622528 0.603796422481537 0.619926512241364 0.594296634197235 0.624490976333618 0.60090959072113 0.592304646968842 0.600875020027161 0.597887754440308 0.584996223449707 0.583028852939606 0.574259579181671 0.635267794132233 0.589687526226044 0.555793941020966 0.57386440038681 0.636332094669342 0.662829160690308 0.649022340774536 0.642588675022125 0.65679669380188 0.652620196342468 0.666721940040588
-3.4e+38 -3.4e+38 0.391819834709167 0.396529972553253 0.409070998430252 0.364492028951645 0.510048449039459 0.654573321342468 0.596204698085785 0.723416924476624 0.802850425243378 0.786694884300232 0.8343785405159 0.775773108005524 0.831072568893433 0.776077330112457 0.789347529411316 0.819604933261871 0.767478346824646 0.767690479755402 0.748534202575684 0.711172819137573 0.648258209228516 0.62615567445755 0.625117838382721 0.626464664936066 0.609546005725861 0.607284069061279 0.611794292926788 0.599996745586395 0.59993851184845 0.602213799953461 0.594452440738678 0.592332303524017 0.648273706436157 0.59210193157196 0.584683060646057 0.668040812015533 0.634417593479156 0.655717134475708 0.620549023151398 0.646704018115997 0.636847794055939 0.669181883335114 0.633395314216614
-3.4e+38 -3.4e+38 -3.4e+38 0.39694008231163 0.416881948709488 0.431301325559616 0.551916480064392 0.54939079284668 0.700097143650055 0.69593745470047 0.713219046592712 0.809791624546051 0.782699286937714 0.798933386802673 0.835333824157715 0.792044639587402 0.806335687637329 0.848264932632446 0.805410981178284 0.765153467655182 0.76501476764679 0.74376392364502 0.729250252246857 0.657505035400391 0.659967839717865 0.639167606830597 0.631667196750641 0.617996275424957 0.589649379253387 0.642594933509827 0.595966279506683 0.649805843830109 0.605705916881561 0.581964671611786 0.654438972473145 0.650225400924683 0.681115210056305 0.642177581787109 0.650566101074219 0.637492477893829 0.653718233108521 0.669330179691315 0.660211443901062 0.64429634809494 0.63939356803894
-3.4e+38 -3.4e+38 -3.4e+38 -3.4e+38 0.412908315658569 0.433824747800827 0.4525126516819 0.675945162773132 0.673848271369934 0.69773656129837 0.69834691286087 0.80077987909317 0.821976542472839 0.815226912498474 0.796106934547424 0.815241634845734 0.836135447025299 0.821226298809052 0.82189953327179 0.765988826751709 0.762980222702026 0.741258502006531 0.709276914596558 0.705736875534058 0.652417302131653 0.647340834140778 0.73263031244278 0.704579651355743 0.703002214431763 0.665656387805939 0.677200555801392 0.682423412799835 0.651510834693909 0.607542812824249 0.66258841753006 0.657306849956512 0.655359148979187 0.674259424209595 0.628020942211151 0.629437327384949 0.715941786766052 0.713758170604706 0.650320708751678 0.636167109012604 0.626632034778595
