data/climate_estimation/maxent_output/Wurmbea_tubulosa.asc
NCOLS 17 
NROWS 16 
XLLCORNER 114.333333333333 
YLLCORNER -29.5 
CELLSIZE 0.0833333333333336 
NODATA_value -3.4e+38 
0.969833552837372 0.970903694629669 0.973867356777191 0.981412529945374 0.982243001461029 0.985949337482452 0.989068508148193 0.990640878677368 0.991609215736389 0.991796374320984 0.991734623908997 0.888286709785461 0.880433440208435 0.864101409912109 0.846559882164001 0.828041970729828 0.794781446456909
0.961502969264984 0.970056891441345 0.976593554019928 0.979093432426453 0.981666386127472 0.98436963558197 0.988971590995789 0.991618394851685 0.992678999900818 0.992419719696045 0.993341207504272 0.887957751750946 0.880179524421692 0.878164529800415 0.84451150894165 0.808166444301605 0.779017686843872
0.962875485420227 0.967175126075745 0.974173843860626 0.973879456520081 0.979187488555908 0.983362793922424 0.988324165344238 0.991644263267517 0.99292379617691 0.993910133838654 0.994283854961395 0.9931640625 0.896900296211243 0.877825140953064 0.852261364459991 0.819215178489685 0.777184307575226
-3.4e+38 0.966444492340088 0.967885613441467 0.972914576530457 0.974651694297791 0.985898613929749 0.987784504890442 0.990391790866852 0.992414891719818 0.994875073432922 0.995040416717529 0.994158625602722 0.892798483371735 0.880557358264923 0.862288773059845 0.813307702541351 0.77796071767807
-339999999999999996123846586046231871488.000000000000000 -3.4e+38 0.967100322246552 0.970177888870239 0.972316324710846 0.981651246547699 0.987775504589081 0.991383016109467 0.993223965167999 0.995135247707367 0.995357811450958 0.995312035083771 0.992851793766022 0.882461607456207 0.855011820793152 0.820408463478088 0.796378195285797
-3.4e+38 -3.4e+38 0.965403437614441 0.966175973415375 0.969503223896027 0.977508068084717 0.986757338047028 0.990829527378082 0.99355149269104 0.995120167732239 0.994513511657715 0.995471000671387 0.994646310806274 0.992076337337494 0.858833014965057 0.828605234622955 0.787652969360352
-3.4e+38 -3.4e+38 -3.4e+38 0.957306206226349 0.964812695980072 0.975257277488708 0.983924925327301 0.990530848503113 0.993051528930664 0.994095146656036 0.994633615016937 0.99495130777359 0.994515299797058 0.992549657821655 0.989173233509064 0.982580244541168 0.971447050571442
-3.4e+38 -3.4e+38 0.991486787796021 0.992406010627747 0.995019614696503 0.974231541156769 0.981254696846008 0.98823082447052 0.992514252662659 0.994294583797455 0.995236694812775 0.994209945201874 0.994672536849976 0.993752121925354 0.990816473960876 0.985812485218048 0.976806581020355
-339999999999999996123846586046231871488.000000000000000 -3.4e+38 -3.4e+38 0.992063820362091 0.993043422698975 0.996690511703491 0.998023927211761 0.988146901130676 0.991539835929871 0.99421364068985 0.994474351406097 0.994752705097198 0.994665026664734 0.993640303611755 0.991635382175446 0.98892617225647 0.983598649501801
-3.4e+38 -3.4e+38 -3.4e+38 -3.4e+38 0.993661880493164 0.996717691421509 0.997815847396851 0.998984634876251 0.990401864051819 0.992564558982849 0.994213104248047 0.994725048542023 0.994167268276215 0.994653284549713 0.993262529373169 0.99078357219696 0.985522985458374
-3.4e+38 -3.4e+38 -3.4e+38 -3.4e+38 -3.4e+38 0.99691104888916 0.997469186782837 0.998770177364349 0.989783823490143 0.991727292537689 0.9934401512146 0.993719577789307 0.99490088224411 0.995032787322998 0.993946611881256 0.991746544837952 0.988108575344086
-3.4e+38 -3.4e+38 -3.4e+38 -3.4e+38 -3.4e+38 -3.4e+38 0.997785925865173 0.998538434505463 0.999157726764679 0.991835474967957 0.993287861347198 0.994361162185669 0.995525598526001 0.994803071022034 0.995157420635223 0.992767810821533 0.988238930702209
-339999999999999996123846586046231871488.000000000000000 -3.4e+38 -3.4e+38 -3.4e+38 -3.4e+38 -3.4e+38 0.997941493988037 0.998389363288879 0.999210059642792 0.993783354759216 0.994442224502563 0.996166884899139 0.995900690555573 0.994736015796661 0.995028674602509 0.993342697620392 0.989668726921082
-3.4e+38 -3.4e+38 -3.4e+38 -3.4e+38 -3.4e+38 -3.4e+38 0.998143970966339 0.998284578323364 0.999123454093933 0.994460642337799 0.995244026184082 0.99612420797348 0.995107352733612 0.993728697299957 0.994456768035889 0.993465006351471 0.989126920700073
-3.4e+38 -3.4e+38 -3.4e+38 -3.4e+38 -3.4e+38 -3.4e+38 -3.4e+38 0.998893201351166 0.999307334423065 0.999528169631958 0.995313882827759 0.995863914489746 0.996045053005219 0.994961678981781 0.993919312953949 0.992672383785248 0.991090834140778
-3.4e+38 -3.4e+38 -3.4e+38 -3.4e+38 -3.4e+38 -3.4e+38 -3.4e+38 0.998915314674377 0.99935394525528 0.999653518199921 0.996421694755554 0.995867908000946 0.995480298995972 0.995947301387787 0.995003581047058 0.994172692298889 0.992094159126282
