data/climate_estimation/maxent_output/Wurmbea_latifolia.asc
NCOLS 454 
NROWS 190 
XLLCORNER 116 
YLLCORNER -41.1666666666667 
CELLSIZE 0.0833333333333333 
NODATA_value -3.4e+38 
[rows 22 to 43 of 190, columns 245 to 293 of 454]
4.59731127193663e-05 4.61579620605335e-05 4.52410858997609e-05 4.51957239420153e-05 2.90430925815599e-05 2.99593248200836e-05 3.04361583403079e-05 2.90064126602374e-05 3.15223878715187e-05 3.20240978908259e-05 3.35695112880785e-05 3.56053642462939e-05 3.87733962270431e-05 4.1955634515034e-05 4.11669061577413e-05 4.29696628998499e-05 4.2453502828721e-05 4.90867423650343e-05 5.35969229531474e-05 5.60731095902156e-05 6.11627328908071e-05 4.21505901613273e-05 4.64424701931421e-05 5.04205236211419e-05 5.88735128985718e-05 6.73451140755787e-05 6.80161974742077e-05 0.000188370060641319 0.00024169850803446 0.000238110995269381 0.000261387962382287 0.000256634608376771 0.000230096135055646 0.000245075701968744 0.00036352762253955 0.000127331572002731 0.000130700165755115 0.000121996359666809 0.000124755941214971 0.000112079949758481 0.000118822739750613 0.000116433169750962 0.000103023761766963 0.000106809384305961 0.000107461717561819 9.77261661319062e-05 9.6056261099875e-05 9.86794257187285e-05 9.83797435765155e-05
4.65869161416776e-05 4.53437605756335e-05 4.54804285254795e-05 4.52982931165025e-05 4.64935292256996e-05 4.48461360065266e-05 4.60756418760866e-05 2.93577140837442e-05 3.28121350321453e-05 3.15223878715187e-05 3.20240978908259e-05 3.66178246622439e-05 3.68393302778713e-05 4.2808420403162e-05 4.12491135648452e-05 4.67426580144092e-05 4.53954962722491e-05 4.72026658826508e-05 4.9119636969408e-05 5.3974745242158e-05 5.9591209719656e-05 6.37867269688286e-05 6.4801934058778e-05 7.08520092302933e-05 5.34512255399022e-05 5.9615613281494e-05 6.93255860824138e-05 7.07841682014987e-05 7.69169346312992e-05 0.000207896242500283 0.000241966656176373 0.000127998311654665 0.000332857423927635 0.000338326470227912 0.000351437163772061 0.000127214487292804 0.000117900570330676 0.000122742858366109 0.000112942208943423 0.000112079949758481 0.000117502473585773 0.000103539387055207 0.000104133709101006 0.000101975238067098 9.38740340643562e-05 9.72228881437331e-05 9.86701488727704e-05 0.000100148288765922 9.24878477235325e-05
7.13789704605006e-05 4.73407199024223e-05 4.7483408707194e-05 4.71634193672799e-05 4.58009344583843e-05 4.52982931165025e-05 4.58469039585907e-05 4.4801170588471e-05 4.92154540552292e-05 4.92154540552292e-05 3.43191786669195e-05 3.71367532352451e-05 3.62257524102461e-05 3.9047168684192e-05 4.0754097426543e-05 4.14929927501362e-05 4.47136990260333e-05 4.29558022005949e-05 4.74714215670247e-05 5.2165018132655e-05 5.41383778909221e-05 6.02926702413242e-05 6.66332198306918e-05 7.08911247784272e-05 8.17524996818975e-05 8.51153818075545e-05 9.66385050560348e-05 0.000100009703601245 0.000109633539977949 0.000112783083750401 0.000123634818010032 0.000123998775961809 0.000297026912448928 0.000123235222417861 0.000117164068797138 0.000119821335829329 0.00012260492076166 0.00011167590128025 0.00010624724382069 9.85062288236804e-05 0.000105662300484255 0.00010322465095669 0.000105399041785859 9.61446567089297e-05 9.73215064732358e-05 9.71243716776371e-05 0.000136199421831407 0.000143025506986305 0.000145154685014859
7.17379007255659e-05 4.83486255689058e-05 5.03262162965257e-05 4.95377826155163e-05 4.64124386780895e-05 4.64124386780895e-05 4.71511339128483e-05 4.73407199024223e-05 4.61218987766188e-05 5.14866696903482e-05 5.11773978359997e-05 5.12802798766643e-05 5.68446812394541e-05 3.72597642126493e-05 6.08691407251172e-05 4.24643512815237e-05 4.43995995738078e-05 4.30412510468159e-05 4.77771209261846e-05 4.78075780847576e-05 5.41907393198926e-05 6.10278475505766e-05 6.07817964919377e-05 6.74464972689748e-05 7.32242333469912e-05 8.32566656754352e-05 8.9322667918168e-05 9.09114387468435e-05 9.41978432820179e-05 0.000104000508144964 0.000112783083750401 0.000111343368189409 0.000115433023893274 0.000116569950478151 0.000117087889520917 0.000104516468127258 0.000114781090815086 0.000111954752355814 0.000101917328720447 9.98614996206015e-05 0.000104372964415234 9.2354865046218e-05 0.000141608557896689 0.000142328208312392 0.000139635929372162 0.00013215585204307 0.000135763330035843 0.000136314483825117 0.000133837762405165
7.17379007255659e-05 6.83858743286692e-05 4.81192510051187e-05 4.73530526505783e-05 4.8409761802759e-05 4.80228045489639e-05 4.55836561741307e-05 4.82517170894425e-05 4.77221801702399e-05 5.10375430167187e-05 5.18498491146602e-05 5.18498491146602e-05 5.72460412513465e-05 5.75176927668508e-05 5.78647341171745e-05 6.36296317679808e-05 6.32466835668311e-05 6.73386821290478e-05 6.66639461996965e-05 7.70772676332854e-05 7.62917625252157e-05 8.52399389259517e-05 5.5387536121998e-05 6.11512441537343e-05 6.68356151436456e-05 7.86552191129886e-05 7.74779909988865e-05 8.22535657789558e-05 9.41891557886265e-05 9.02919346117415e-05 0.000102246842288878 9.9526732810773e-05 0.000106975705421064 0.000104516468127258 0.000104990518593695 0.000107977117295377 9.86968807410449e-05 9.88532265182585e-05 9.88532265182585e-05 0.000158902883413248 0.000144070319947787 0.000136710150400177 0.000135881084133871 0.000136601331178099 0.000135407724883407 0.000132961431518197 0.00013014956493862 0.00012746405263897 0.00012746405263897
7.03312471159734e-05 7.22434342605993e-05 6.95442577125505e-05 7.04571502865292e-05 4.61357230960857e-05 4.54011060355697e-05 4.57210517197382e-05 4.73054060421418e-05 4.72456631541718e-05 4.5663309720112e-05 5.04295821883716e-05 5.25306459167041e-05 4.96619759360328e-05 5.76325583097059e-05 5.79229272261728e-05 6.10531424172223e-05 6.10516290180385e-05 6.7336623033043e-05 6.76084164297208e-05 6.86844505253248e-05 7.46184960007668e-05 7.96272797742859e-05 8.63614113768563e-05 8.6448599176947e-05 9.7596763225738e-05 0.000105957471532747 7.46744990465231e-05 8.01738424343057e-05 8.38461273815483e-05 0.00013180599489715 0.000137095907120965 0.000140852731419727 0.000149170882650651 9.50944522628561e-05 0.000146188467624597 0.000145957266795449 0.000160686584422365 0.000153585249790922 0.0001439243205823 0.0001439243205823 0.000147256228956394 0.000146043981658295 0.000138692528707907 0.000134983973111957 0.00013267966278363 0.000128488230984658 0.000116802482807543 0.000118109848699532 0.000122074314276688
6.83346079313196e-05 6.79245276842266e-05 7.01043827575631e-05 6.58933495287783e-05 6.38782366877422e-05 4.16185685025994e-05 7.03862533555366e-05 4.57210517197382e-05 4.5812877942808e-05 4.5128650526749e-05 4.67760692117736e-05 5.07203330926131e-05 5.09239907842129e-05 5.25306459167041e-05 5.83905639359728e-05 5.56058366782963e-05 6.08064256084617e-05 5.93032309552655e-05 6.42331942799501e-05 6.63939135847613e-05 7.06358841853216e-05 7.82219576649368e-05 7.94669103925116e-05 8.78644714248367e-05 9.54874121816829e-05 0.000101702571555506 0.000108753192762379 0.000105864521174226 0.000113888963824138 0.000119153315608855 0.000131862849229947 0.00014213084068615 0.0001475150056649 0.000154978901264258 0.000133760258904658 0.000140654694405384 0.000142376331496052 0.000135613707243465 0.000142603137646802 0.000146200589369982 0.000131751163280569 0.000137991926749237 0.000140791482408531 0.000130875952891074 0.000118541422125418 0.000119142692710739 0.000125532227684744 0.000122817713418044 0.000114274909719825
0.000100407662102953 0.000107222047518007 6.61078593111597e-05 6.64237886667252e-05 6.31147486274131e-05 6.32413866696879e-05 6.25480170128867e-05 4.38363749708515e-05 4.55379522463772e-05 4.57210517197382e-05 4.54009459645022e-05 5.09239907842129e-05 4.86777826154139e-05 5.09239907842129e-05 5.62240493309218e-05 5.59973923373036e-05 5.58686442673206e-05 5.94824959989637e-05 6.17292753304355e-05 6.4362699049525e-05 6.96694623911753e-05 7.04228004906327e-05 7.74602012825198e-05 8.56067272252403e-05 8.57610939419828e-05 9.13862822926603e-05 0.000102229525509756 0.000102416859590448 0.000103777347248979 0.00011567359615583 0.000117623290861957 0.000129916545120068 0.000130974527564831 0.00013213038619142 0.00013429117097985 0.000138531904667616 0.000139518524520099 0.000135064881760627 0.000133983645355329 0.000126549726701342 0.000133757872390561 0.000136979069793597 0.000211007121833973 0.000189190730452538 0.000186135017429478 0.000191700179129839 0.000192867548321374 0.000176639965502545 0.000174863336724229
0.000108847663796041 0.000109504784632009 6.25633474555798e-05 6.64400649839081e-05 6.88111322233453e-05 6.58434728393331e-05 6.41991864540614e-05 6.61783778923564e-05 6.08177906542551e-05 6.72148671583273e-05 4.38803726865444e-05 4.38803726865444e-05 7.84753428888507e-05 7.50132094253786e-05 7.84743097028695e-05 8.56889673741534e-05 8.66163609316573e-05 9.30736132431775e-05 9.34202325879596e-05 9.34202325879596e-05 0.000102932848676573 0.00011084017023677 0.000117816300189588 0.00012972041440662 0.000119709657155909 0.000131131513626315 0.000148798164445907 9.28884983295575e-05 0.000102765574411023 0.000109490043541882 0.000180883667781018 0.000120506498205941 0.000124563666759059 0.000123234785860404 0.000125588645460084 0.000132729852339253 0.0001296735717915 0.0001268917840207 0.000135471767862327 0.000137535156682134 0.000208544792258181 0.00020621377916541 0.000186626202776097 0.00018890606588684 0.00019964094099123 0.000197510220459662 0.000175623295945115 0.00018107466166839 0.000177339417859912
9.95523660094477e-05 9.84609141596593e-05 6.46828484605066e-05 6.25159882474691e-05 6.98533913237043e-05 7.01535755069926e-05 6.6725471697282e-05 6.20015634922311e-05 6.45857217023149e-05 6.46504777250811e-05 7.01747412676923e-05 7.0650850830134e-05 6.95259004714899e-05 7.4583207606338e-05 7.60901530156843e-05 8.48567506182007e-05 8.7973203335423e-05 8.73818935360759e-05 9.40147292567417e-05 9.6768417279236e-05 0.000103974663943518 0.000104318933153991 0.000117534407763742 0.000115188624477014 0.00012691029405687 0.00012572281411849 0.000143216355354525 0.000149075916851871 0.000161253614351153 0.000165471123182215 0.000166615034686401 0.000186653065611608 0.000185710232472047 0.000123110032291152 0.000120530217827763 0.000130596206872724 0.000196542925550602 0.000206668279133737 0.000209195408388041 0.000214020372368395 0.000195200904272497 0.000190827224287204 0.000183867159648798 0.000199839239940047 0.000201344097149558 0.000184142467333004 0.000191399871255271 0.000176870453287847 0.000173505730344914
9.87573876045644e-05 9.87568710115738e-05 0.000100152268714737 6.22923980699852e-05 6.2542108935304e-05 6.31569564575329e-05 6.44233805360273e-05 6.47470224066637e-05 6.60917648929171e-05 6.72274545649998e-05 6.914469122421e-05 6.94227055646479e-05 7.27519945940003e-05 7.59584581828676e-05 7.64731375966221e-05 8.54539466672577e-05 8.23823793325573e-05 8.1804784713313e-05 8.98917132872157e-05 9.34459021664225e-05 9.34459021664225e-05 0.000103273669083137 0.000103377722552978 0.000116349605377764 0.000122407989692874 0.000120830081868917 0.000131303197122179 0.000147782600834034 0.000150788197061047 0.000161239106091671 0.000168702797964215 0.000170606363099068 0.000169917242601514 0.00017563697474543 0.000180998948053457 0.000184049102244899 0.00018054450629279 0.000184908596565947 0.000193823187146336 0.000198307461687364 0.00018649036064744 0.000196411972865462 0.000192282474017702 0.000211218604817986 0.000188646619790234 0.000184311124030501 0.000279190979199484 0.000180144546902739 0.000177613022970036
9.37778459046967e-05 8.89298535184935e-05 8.69910873007029e-05 6.10564820817672e-05 6.12398871453479e-05 6.31717193755321e-05 6.14865784882568e-05 6.47470224066637e-05 6.57775162835605e-05 6.332021439448e-05 6.72273527015932e-05 7.30635510990396e-05 7.24068522686139e-05 6.98231233400293e-05 8.12745638540946e-05 7.80799819040112e-05 8.92198731889948e-05 8.56905389809981e-05 9.41352263907902e-05 9.46099535212852e-05 9.39460005611181e-05 0.000104138256574515 0.00010613431368256 0.000114931965072174 0.00011595700198086 0.000116074057586957 0.000128725150716491 0.000232752878218889 0.000226173753617331 0.000151093365275301 0.000170591025380418 0.000160764844622463 0.00017975628725253 0.000170903484104201 0.000178612841409631 0.000183120297151618 0.00018091025413014 0.000180255752638914 0.000185623503057286 0.000188844132935628 0.000195025713765062 0.000195025713765062 0.000193039799341932 0.000186560544534586 0.000121059689263348 0.000118710959213786 0.000178986359969713 0.000271504104603082 0.000155634304974228
9.54832357820123e-05 9.22649051062763e-05 9.02548054000363e-05 6.08733607805334e-05 5.97861035203096e-05 6.01463470957242e-05 6.26050241407938e-05 6.26050241407938e-05 6.73112517688423e-05 6.40859943814576e-05 0.000101314326457214 6.58433782518841e-05 6.9144181907177e-05 7.03334881109186e-05 8.00816706032492e-05 0.000118794967420399 0.000129813997773454 0.000130599219119176 0.000147117447340861 0.000147265527630225 8.94756813067943e-05 9.83893478405662e-05 0.00010439215839142 0.000116437644464895 0.000166600555530749 0.00018413744692225 0.0002023296256084 0.00020975642837584 0.000227721422561444 0.00022980262292549 0.000155765723320656 0.000147932063555345 0.000165399804245681 0.000184982622158714 0.000176262881723233 0.000184965290827677 0.000185527620487846 0.000184686767170206 0.000199495611013845 0.000193117070011795 0.000294009892968461 0.000302648055367172 0.000185078883077949 0.000205678035854362 0.000129366351757199 0.000120437383884564 0.000183363707037643 0.000280861539067701 0.000247886113356799
9.96380840661004e-05 9.93392532109283e-05 9.82511846814305e-05 9.37333461479284e-05 5.73938159504905e-05 5.92497817706317e-05 6.1117643781472e-05 6.04482083872426e-05 6.61903613945469e-05 9.84388752840459e-05 9.94268557406031e-05 6.71091765980236e-05 7.38926901249215e-05 0.000116233080916572 0.000113354326458648 0.00012169258116046 0.000122663390357047 0.000127370411064476 8.54294339660555e-05 9.28691733861342e-05 9.47415610426106e-05 0.000102549995062873 0.000102549995062873 0.000112534369691275 0.000176114714122377 0.000185442549991421 0.000193876476259902 0.000213173290831037 0.000223710114369169 0.00020711324759759 0.000243370042880997 0.000157301052240655 0.000162910699145868 0.000164336408488452 0.000166517012985423 0.000166685422300361 0.000187149955308996 0.00019441194308456 0.000291461357846856 0.000273282901616767 0.000270508549874648 0.00027961254818365 0.000181627881829627 0.000196657550986856 0.000189510799827985 0.000188437319593504 0.000169912804267369 0.000239485671045259 0.000238126827753149
9.95380542008206e-05 0.00010084209498018 9.59169556153938e-05 9.32375696720555e-05 9.815286466619e-05 5.76241400267463e-05 6.05694076512009e-05 5.80161140533164e-05 9.84850412351079e-05 9.99272233457305e-05 0.00010083764209412 0.000100959005067125 0.000106658982986119 0.000112110370537266 0.000109777625766583 0.000124275087728165 0.000124150363262743 8.46601251396351e-05 0.000133610432385467 0.000146085032611154 9.32573238969781e-05 0.000161445757839829 9.76269002421759e-05 0.00011155577522004 0.000112301087938249 0.000179288603249006 0.000181240407982841 0.000209833873668686 0.000211902079172432 0.000218875386053696 0.00014224331243895 0.00015179997717496 0.000253227452049032 0.000255283550359309 0.000261221255641431 0.000265354057773948 0.000266968330834061 0.000268592440988868 0.00026789095136337 0.000272154196863994 0.00028299682890065 0.00028299682890065 0.000182899530045688 0.00019765405158978 0.000204905780265108 0.000179381328052841 0.000252825790084898 0.000253336969763041 0.00024770328309387
8.9736313384492e-05 8.92784155439585e-05 9.45302672334947e-05 0.000100943114375696 9.94387592072599e-05 9.98378018266521e-05 9.41092439461499e-05 9.07555950107053e-05 9.93768408079632e-05 0.000160769079229794 0.000100051940535195 9.91535562206991e-05 0.000107761203253176 0.000118230513180606 0.000117875242722221 0.000121601493447088 0.000119696487672627 0.000132312823552638 0.000129431355162524 0.000126002880278975 9.17792276595719e-05 9.37523218453862e-05 0.000103270343970507 9.82137134997174e-05 0.000114703638246283 0.000112074914795812 0.000122036071843468 0.000127779305330478 0.000122387646115385 0.000132739733089693 0.000141526834340766 0.000142179138492793 0.000246472802245989 0.000257072766544297 0.000262520828982815 0.000276764883892611 0.000280142499832436 0.000278730178251863 0.000285753718344495 0.000286450464045629 0.000281285640085116 0.000284430745523423 0.000290239520836622 0.000298464263323694 0.000303330627502874 0.000261956418398768 0.000259062537224963 0.000253976351814345 0.000277807761449367
8.7051885202527e-05 8.65310066728853e-05 9.24628620850854e-05 9.29065863601863e-05 9.80011609499343e-05 0.000100037599622738 0.000152901178807952 0.00010968635615427 9.96995950117707e-05 0.000160930430865847 9.38831581152044e-05 0.000106049541500397 0.000110830958874431 0.000115077418740839 0.000113129884994123 0.000122582248877734 7.56697336328216e-05 7.56697336328216e-05 8.14163504401222e-05 7.86884047556669e-05 9.23349289223552e-05 9.61107580224052e-05 0.000153086119098589 0.000102160192909651 0.000111774301331025 0.000110646309622098 0.000127936771605164 0.000134791349410079 0.000130554995848797 0.000138588628033176 0.000146257079904899 0.000143043303978629 0.000247949501499534 0.000252765952609479 0.000269654905423522 0.000269382464466617 0.000266134564299136 0.000282674678601325 0.000272507226327434 0.000272231904091313 0.000283362838672474 0.000290834199404344 0.000294681201921776 0.000303330627502874 0.000302379892673343 0.000272940174909309 0.000263026973698288 0.000257177802268416 0.000263124064076692
9.15863565751351e-05 8.96132478374057e-05 8.7051885202527e-05 9.12458344828337e-05 9.84923099167645e-05 9.86677769105881e-05 0.000155989793711342 0.000153358443640172 9.97982861008495e-05 0.000103050791949499 9.90035114227794e-05 0.000109064640128054 0.000107867752376478 0.000109145665192045 0.000124442536616698 7.6951298979111e-05 7.54421271267347e-05 0.000115556147648022 0.000126309343613684 0.000126945698866621 9.24278720049188e-05 9.62074991548434e-05 0.000103924205177464 0.000102263125882018 0.000116815543151461 0.000111992827442009 0.000112445297418162 0.000134791349410079 0.000131878929096274 0.000147592538269237 0.000148927385453135 0.000143900368129835 0.000258873536949977 0.00025533398729749 0.000263525522314012 0.000270994380116463 0.000278984400210902 0.000271817407337949 0.000290321273496374 0.00027385979774408 0.00028422343893908 0.000288280454697087 0.000300971238175407 0.000292389100650325 0.000270124350208789 0.0002671122783795 0.000261507171671838 0.000267419556621462 0.000278443039860576
9.08067740965635e-05 9.40975078265183e-05 8.99532606126741e-05 9.56426956690848e-05 9.26482025533915e-05 0.000103136138932314 9.77296658675186e-05 0.00015443806478288 0.000104426413599867 0.000100300916528795 0.000110192944703158 0.000110718188807368 0.000106474348285701 7.74395884945989e-05 7.86720847827382e-05 7.78841495048255e-05 7.95004598330706e-05 0.000126982718938962 0.000128357001813129 0.000133604989969172 0.000142571225296706 9.25452841329388e-05 0.000105187697045039 0.000102986552519724 0.000113241520011798 0.000114158399810549 0.00011870692105731 0.000129456500872038 0.00012854540545959 0.000146446356666274 0.000140113319503143 0.000145254904055037 0.000143505152664147 0.000256210594670847 0.000270004704361781 0.000282183260424063 0.000277936924248934 0.00028929382096976 0.000286094931652769 0.00027385979774408 0.000284480542177334 0.000287952279904857 0.000296856189379469 0.000288937939330935 0.000273389101494104 0.0002671122783795 0.000271463330136612 0.000269106531050056 0.000266941176960245
9.46623986237682e-05 8.93627366167493e-05 9.4948431069497e-05 9.64325736276805e-05 9.67018786468543e-05 0.000100685858342331 9.46898726397194e-05 0.000107398256659508 0.000104635932075325 0.000104925289633684 0.000114467962703202 7.35173889552243e-05 7.02751422068104e-05 8.01195565145463e-05 7.66428347560577e-05 7.86701639299281e-05 0.000126346174511127 0.000128394429339096 0.000129779073176906 0.000129909589304589 0.000144302874105051 0.000146767401020043 0.000168302620295435 0.000105253711808473 0.000115392220322974 0.000116201568744145 0.000126640166854486 0.000195142230950296 0.000130267319036648 0.000130232176161371 0.000144961799378507 0.00014658119471278 0.000145094731124118 0.000178857721039094 0.000270656892098486 0.000273130455752835 0.000265508278971538 0.000284009845927358 0.000302341155475006 0.000287952279904857 0.000297724851407111 0.000296523503493518 0.000295625650323927 0.000270915596047416 0.000284275272861123 0.000280284439213574 0.000282272812910378 0.000269077339908108 0.000269349227892235
9.16961362236179e-05 9.33859701035544e-05 8.82082458701916e-05 0.000100876393844374 9.74029317148961e-05 9.67018786468543e-05 0.000157761372975074 0.000107613741420209 0.000107613741420209 0.000117454568680841 7.17180373612791e-05 7.20598982297815e-05 0.000121383949590381 0.000120375902042724 0.000130104745039716 8.33848607726395e-05 0.000126341401482932 0.000123470468679443 0.000128352141473442 0.000139493160531856 0.000152593565871939 9.84247744781896e-05 0.000165612626005895 0.00016829239029903 0.000115617382107303 0.00017060233221855 0.000192793842870742 0.000193235406186432 0.000223874551011249 0.000135556911118329 0.000156590846017934 0.00014891404134687 0.00015426411118824 0.00018214198644273 0.000177955982508138 0.000181410869117826 0.000183439362444915 0.000287185423076153 0.000287766597466543 0.000287591537926346 0.000289341085590422 0.000300411425996572 0.000299501814879477 0.000278092949884012 0.000278092949884012 0.00026897803763859 0.000269893789663911 0.000284923211438581 0.000274083664407954
9.38523080549203e-05 9.19407975743525e-05 8.93612814252265e-05 9.28287045098841e-05 0.000101891462691128 0.000100272212876007 0.00010543197277002 0.00011577856639633 0.000107315187051427 0.000116981143946759 0.00011160097346874 0.000121872464660555 0.000125966093037277 0.000193618398043327 0.000188208345207386 0.000202101029572077 0.000129426087369211 0.000138278279337101 0.000137144263135269 0.000141892684041522 0.000144150923006237 0.000149441766552627 0.000152245367644355 0.000158151175128296 0.000173550914041698 0.000170819461345673 0.000195374843315221 0.00020235640113242 0.000131046850583516 0.000137890019686893 0.000149874467751943 0.000153192260768265 0.000159455405082554 0.000163951743161306 0.000188061967492104 0.000182145900907926 0.000177039881236851 0.000194248321349733 0.000302267755614594 0.000282977620372549 0.000297236372716725 0.000303306616842747 0.000297050341032445 0.000273083540378138 0.000284061301499605 0.000273705954896286 0.000271777942543849 0.000285466114291921 0.000286621594568714
