data/climate_estimation/maxent_output/Wurmbea_variabilis.asc
NCOLS 70 
NROWS 51 
XLLCORNER 18 
YLLCORNER -34.5 
CELLSIZE 0.0833333333333333 
NODATA_value -3.4e+38 
[rows 20 to 39 of 51, columns 0 to 45 of 70]
-3.4e+38 -3.4e+38 -3.4e+38 0.264050930738449 0.608181297779083 0.543379008769989 0.798368215560913 0.821032762527466 0.655507326126099 0.665737569332123 0.640997588634491 0.357041090726852 0.304931938648224 0.260402590036392 0.0869871526956558 0.26388743519783 0.283797979354858 0.249618321657181 0.0828404426574707 0.229068666696548 0.231621354818344 0.0831854939460754 0.249503627419472 0.871961832046509 0.866907775402069 0.767515122890472 0.744274497032166 0.750393509864807 0.381318807601929 0.554128527641296 0.349505662918091 0.339299589395523 0.29620948433876 0.23143944144249 0.200709640979767 0.190744668245316 0.179848626255989 0.135168388485909 0.141746088862419 0.137982502579689 0.143416717648506 0.140834122896194 0.122810952365398 0.129284515976906 0.158319756388664 0.166262745857239
-3.4e+38 -3.4e+38 -3.4e+38 0.631607592105865 0.589353621006012 0.835569262504578 0.772509038448334 0.816648840904236 0.783714830875397 0.474390208721161 0.639122068881989 0.584263145923615 0.37374621629715 0.375504583120346 0.216469094157219 0.191090449690819 0.175632238388062 0.188844799995422 0.066094771027565 0.0638682991266251 0.0711402520537376 0.197090297937393 0.179382398724556 0.375369012355804 0.70265120267868 0.78514701128006 0.769798517227173 0.829226851463318 0.621654868125916 0.705717623233795 0.597561955451965 0.507886826992035 0.522601962089539 0.412507176399231 0.269488632678986 0.242076769471169 0.265103340148926 0.186039626598358 0.154653400182724 0.165559768676758 0.192407101392746 0.21197484433651 0.191086143255234 0.197986289858818 0.206470727920532 0.188636019825935
-3.4e+38 -3.4e+38 -3.4e+38 0.615191459655762 0.877789497375488 0.808611273765564 0.84440666437149 0.797522664070129 0.778433620929718 0.584511041641235 0.40814346075058 0.676721751689911 0.659131050109863 0.449672281742096 0.323152452707291 0.329560846090317 0.227928459644318 0.166676446795464 0.0621455237269402 0.0620472840964794 0.0616875253617764 0.062770888209343 0.0518082678318024 0.148779034614563 0.258436858654022 0.617601275444031 0.641351044178009 0.836205720901489 0.699906527996063 0.763550162315369 0.860111355781555 0.682927906513214 0.576432228088379 0.625520706176758 0.374886870384216 0.279842138290405 0.298483669757843 0.224036782979965 0.223012268543243 0.243821293115616 0.280118525028229 0.277184367179871 0.267587721347809 0.291064977645874 0.305108845233917 0.275927782058716
-3.4e+38 -3.4e+38 -3.4e+38 0.623062968254089 0.87607616186142 0.821015179157257 0.842722475528717 0.767659544944763 0.737859606742859 0.691048860549927 0.263962239027023 0.368915855884552 0.845760107040405 0.755054116249084 0.588888466358185 0.587836146354675 0.474183976650238 0.195831313729286 0.0606489069759846 0.0630762353539467 0.061915498226881 0.0572269558906555 0.0508472621440887 0.0582360960543156 0.0501611866056919 0.140275239944458 0.701591014862061 0.878825664520264 0.744909048080444 0.772018671035767 0.885796070098877 0.739656448364258 0.613768875598907 0.613713324069977 0.476471960544586 0.375730216503143 0.347517311573029 0.3725226521492 0.314909517765045 0.303248465061188 0.337974935770035 0.345399618148804 0.314338654279709 0.230705231428146 0.379658669233322 0.303429782390594
-3.4e+38 -3.4e+38 -3.4e+38 0.896656811237335 0.870499193668365 0.895704329013824 0.847167789936066 0.772627770900726 0.711653172969818 0.736871898174286 0.53497976064682 0.329948961734772 0.58482813835144 0.833417236804962 0.618482887744904 0.619724154472351 0.399813115596771 0.185517132282257 0.0529300160706043 0.0561159178614616 0.0567834340035915 0.0450385883450508 0.0531180799007416 0.0418056473135948 0.0343090370297432 0.0404882207512856 0.562212526798248 0.888622462749481 0.861426949501038 0.89570677280426 0.90118145942688 0.903186023235321 0.887145936489105 0.711388528347015 0.49094745516777 0.435895979404449 0.471119731664658 0.528810977935791 0.430524796247482 0.38202103972435 0.354423552751541 0.407073855400085 0.3747898042202 0.184680908918381 0.171663776040077 0.152429446578026
-3.4e+38 -3.4e+38 -3.4e+38 0.898859441280365 0.936392724514008 0.892970442771912 0.840437352657318 0.789240658283234 0.68403548002243 0.727679193019867 0.665327668190002 0.3515365421772 0.709595263004303 0.746475636959076 0.826704680919647 0.719067275524139 0.521108150482178 0.261792600154877 0.136861473321915 0.132418438792229 0.052544578909874 0.0436566770076752 0.0410460382699966 0.0382881201803684 0.0332352593541145 0.0305534657090902 0.0976170152425766 0.119179055094719 0.828118622303009 0.902060866355896 0.886148571968079 0.884335815906525 0.899748623371124 0.721137583255768 0.698257327079773 0.532132208347321 0.52146178483963 0.568299770355225 0.540362656116486 0.472313702106476 0.407879561185837 0.253391593694687 0.19241127371788 0.174389824271202 0.133599475026131 0.132173731923103
-339999999999999996123846586046231871488.000000000000000 -3.4e+38 -3.4e+38 -3.4e+38 0.940358877182007 0.900688052177429 0.849536955356598 0.788527309894562 0.693461060523987 0.634612083435059 0.636224031448364 0.397232055664062 0.57038277387619 0.791174948215485 0.852042138576508 0.841484308242798 0.771484851837158 0.366990387439728 0.158458426594734 0.129192039370537 0.118982620537281 0.0453963465988636 0.0403688438236713 0.0377722941339016 0.0364770814776421 0.041096493601799 0.030405530706048 0.110364221036434 0.69701486825943 0.911329627037048 0.898905098438263 0.892128109931946 0.890650749206543 0.746308624744415 0.736915707588196 0.613153994083405 0.583498895168304 0.573550939559937 0.576295077800751 0.441405266523361 0.181128203868866 0.141060307621956 0.129204779863358 0.130323275923729 0.126876726746559 0.132756695151329
-3.4e+38 -3.4e+38 -3.4e+38 0.958787262439728 0.93989771604538 0.910722136497498 0.860323131084442 0.802188754081726 0.719795644283295 0.646231830120087 0.609373033046722 0.495478063821793 0.484127789735794 0.780453383922577 0.757222890853882 0.717880249023438 0.514559149742126 0.423263400793076 0.1509690284729 0.13889117538929 0.126639530062675 0.115426145493984 0.0456688404083252 0.0512356050312519 0.123848304152489 0.180723890662193 0.0401419177651405 0.0383381135761738 0.306770473718643 0.782533884048462 0.880165338516235 0.915219724178314 0.904116034507751 0.776629149913788 0.765921235084534 0.745023131370544 0.646291792392731 0.644419252872467 0.301913917064667 0.164707958698273 0.148663356900215 0.133285701274872 0.13124805688858 0.126707017421722 0.132348418235779 0.14997798204422
-3.4e+38 -3.4e+38 -3.4e+38 0.966024458408356 0.946983873844147 0.908557534217834 0.849710464477539 0.802766382694244 0.7299644947052 0.637176752090454 0.531590104103088 0.527179181575775 0.376074999570847 0.731676638126373 0.817187368869781 0.846582770347595 0.601817905902863 0.370497137308121 0.278545081615448 0.15527868270874 0.13550977408886 0.122350230813026 0.109739750623703 0.14986364543438 0.169169709086418 0.189752951264381 0.132632926106453 0.0518173798918724 0.0506283715367317 0.0919750705361366 0.206245765089989 0.851832985877991 0.921055555343628 0.737983345985413 0.74265068769455 0.751816987991333 0.733297407627106 0.631068766117096 0.238033473491669 0.125368162989616 0.120269559323788 0.144068852066994 0.134982749819756 0.163174539804459 0.190157681703568 0.206694811582565
0.698427677154541 -3.4e+38 0.979066431522369 0.968422472476959 0.951306402683258 0.91238933801651 0.815510869026184 0.802324950695038 0.737919569015503 0.696950554847717 0.555578172206879 0.472880065441132 0.393593341112137 0.726123631000519 0.777172148227692 0.700046837329865 0.77344810962677 0.752512872219086 0.600922763347626 0.450825989246368 0.153783798217773 0.135798826813698 0.121642768383026 0.113933153450489 0.129107251763344 0.173588931560516 0.23487800359726 0.195000529289246 0.0573895312845707 0.0635650828480721 0.117598243057728 0.250528216362 0.675524115562439 0.791890740394592 0.626465380191803 0.524471163749695 0.633505403995514 0.622374951839447 0.277954757213593 0.143640860915184 0.13721539080143 0.144007712602615 0.162371292710304 0.210108697414398 0.229199662804604 0.23988650739193
0.794144809246063 0.977485358715057 0.980262637138367 0.969392836093903 0.950316965579987 0.916276931762695 0.875753104686737 0.749231040477753 0.580235123634338 0.694200694561005 0.571223616600037 0.471805810928345 0.380163252353668 0.615696728229523 0.756512761116028 0.650557100772858 0.725258469581604 0.754120647907257 0.677913963794708 0.766036033630371 0.227760568261147 0.152814701199532 0.154233738780022 0.172481343150139 0.196349307894707 0.195075199007988 0.370886325836182 0.474288314580917 0.151966601610184 0.127734839916229 0.151327937841415 0.487033039331436 0.57252037525177 0.493785619735718 0.484756201505661 0.3675197660923 0.44265803694725 0.551014482975006 0.497873038053513 0.197337910532951 0.157673254609108 0.179238677024841 0.199414804577827 0.283278673887253 0.308790147304535 0.339758992195129
0.950397253036499 0.980826556682587 0.981902539730072 0.971420526504517 0.955664813518524 0.928962230682373 0.880438089370728 0.830604553222656 0.70047265291214 0.676095187664032 0.577888131141663 0.489311516284943 0.411473572254181 0.483602732419968 0.719713449478149 0.64841490983963 0.806804001331329 0.744671583175659 0.759215772151947 0.886840045452118 0.407438397407532 0.209654480218887 0.149265870451927 0.147482067346573 0.186197653412819 0.241172939538956 0.37066325545311 0.671761572360992 0.674130082130432 0.51018625497818 0.63851535320282 0.664417207241058 0.365022897720337 0.362407982349396 0.366881668567657 0.296805143356323 0.42669802904129 0.536056697368622 0.498686015605927 0.261401027441025 0.243950918316841 0.239466294646263 0.278399556875229 0.349714279174805 0.417009621858597 0.453266441822052
0.98346620798111 0.983096599578857 0.98114812374115 0.967662632465363 0.953141450881958 0.927078127861023 0.885414779186249 0.844437956809998 0.768718838691711 0.684626579284668 0.582212448120117 0.472507774829865 0.529717862606049 0.63652765750885 0.505864977836609 0.694391846656799 0.792874753475189 0.627389848232269 0.760425746440887 0.871424853801727 0.306690067052841 0.249660328030586 0.212612897157669 0.167416423559189 0.213641196489334 0.312337249517441 0.335862338542938 0.48850291967392 0.688495755195618 0.940722703933716 0.889238655567169 0.763941407203674 0.645129024982452 0.289075344800949 0.316303431987762 0.299862146377563 0.500780344009399 0.678653359413147 0.487318366765976 0.366312175989151 0.310360670089722 0.278363347053528 0.353323251008987 0.443654477596283 0.523939788341522 0.584413170814514
0.953451931476593 0.970895648002625 0.97458690404892 0.96407824754715 0.95444118976593 0.92881852388382 0.889526963233948 0.830255568027496 0.748583614826202 0.684230625629425 0.585310459136963 0.46243080496788 0.464436322450638 0.508908331394196 0.627428233623505 0.652062892913818 0.758618354797363 0.790766835212708 0.872237622737885 0.879661023616791 0.45234876871109 0.283164888620377 0.259884506464005 0.249362543225288 0.204318344593048 0.234627515077591 0.28744250535965 0.545910894870758 0.809819221496582 0.811428189277649 0.860997974872589 0.744643926620483 0.612659513950348 0.275129169225693 0.23877626657486 0.264061838388443 0.401516050100327 0.542856335639954 0.455132663249969 0.419254988431931 0.435851663351059 0.419002681970596 0.431749284267426 0.492796033620834 0.552011966705322 0.59953910112381
0.963128209114075 0.973160147666931 0.970050930976868 0.961775779724121 0.953033864498138 0.93393486738205 0.899193704128265 0.825238764286041 0.734094262123108 0.668188869953156 0.573046743869781 0.446301966905594 0.359276980161667 0.433596819639206 0.539347350597382 0.575263321399689 0.734687805175781 0.65314120054245 0.85832279920578 0.894204914569855 0.701281189918518 0.379302740097046 0.340356320142746 0.346107959747314 0.342983096837997 0.368126839399338 0.417782187461853 0.432392507791519 0.518576085567474 0.55889630317688 0.640939116477966 0.547210216522217 0.24405600130558 0.232976421713829 0.175210297107697 0.262363731861115 0.309400171041489 0.465860337018967 0.507584750652313 0.55427759885788 0.562619090080261 0.552482068538666 0.515231907367706 0.530302226543427 0.594457507133484 0.603008925914764
0.978263914585114 0.979589760303497 0.950671136379242 0.960106730461121 0.956996262073517 0.935262799263 0.894460201263428 0.827963352203369 0.692059993743896 0.631106853485107 0.580860316753387 0.447592794895172 0.36372247338295 0.241194680333138 0.44176921248436 0.59695953130722 0.640143990516663 0.759810030460358 0.848605930805206 0.899540305137634 0.804229855537415 0.607808589935303 0.638999342918396 0.692237138748169 0.900874197483063 0.875260174274445 0.838213801383972 0.779833018779755 0.768172264099121 0.823519051074982 0.815345644950867 0.717924833297729 0.598763287067413 0.198466822504997 0.184644818305969 0.265281111001968 0.41294851899147 0.549229383468628 0.777228355407715 0.738046169281006 0.709802985191345 0.686624825000763 0.658952176570892 0.585773229598999 0.617286086082458 0.590742588043213
-3.4e+38 0.862150847911835 0.858081579208374 0.905520260334015 0.951675832271576 0.936606287956238 0.899678528308868 0.827715396881104 0.713770806789398 0.627885162830353 0.55567330121994 0.454867720603943 0.303851068019867 0.210491299629211 0.353035897016525 0.299492210149765 0.242122814059258 0.713355541229248 0.874949336051941 0.930203437805176 0.960912048816681 0.942671298980713 0.968743205070496 0.916422486305237 0.839689910411835 0.862774610519409 0.886986553668976 0.929725170135498 0.960535049438477 0.987991154193878 0.985952138900757 0.988314986228943 0.97721004486084 0.921586573123932 0.856521427631378 0.468451887369156 0.596146047115326 0.852739751338959 0.929945528507233 0.917556703090668 0.936901688575745 0.949221789836884 0.921663820743561 0.81354147195816 0.886661350727081 0.903446912765503
0.0932934433221817 0.379764676094055 0.575076937675476 0.720010936260223 0.840110778808594 0.921345055103302 0.896974861621857 0.821124970912933 0.67951226234436 0.563212454319 0.452847838401794 0.454924136400223 0.340510964393616 0.222646400332451 0.219152212142944 0.261841386556625 0.208010077476501 0.535747587680817 0.859323680400848 0.550957083702087 0.823452472686768 0.960006415843964 0.962458312511444 0.900259673595428 0.865332245826721 0.891629219055176 0.970276713371277 0.957961559295654 0.972927749156952 0.967866539955139 0.962277948856354 0.967802405357361 0.940976440906525 0.853328108787537 0.868706226348877 0.896313548088074 0.982226431369781 0.996309518814087 0.997971475124359 0.825826406478882 0.845202624797821 0.824565708637238 0.926580190658569 0.944441020488739 0.912614762783051 0.809378266334534
0.0892023518681526 0.100133866071701 -3.4e+38 0.625973582267761 0.737597584724426 0.787136137485504 0.857663214206696 0.780224621295929 0.702593564987183 0.579307079315186 0.39954286813736 0.401365846395493 0.318014800548553 0.232399478554726 0.194684818387032 0.373361766338348 0.455858081579208 0.498058408498764 0.790053248405457 0.846542060375214 0.797327816486359 0.975504755973816 0.982033312320709 0.976243138313293 0.935237050056458 0.929940819740295 0.915782570838928 0.910547196865082 0.957441329956055 0.942393362522125 0.946127831935883 0.952784836292267 0.945912003517151 0.965713441371918 0.976457595825195 0.988355755805969 0.99750542640686 0.99961930513382 0.998309314250946 0.998148083686829 0.952814280986786 0.965717732906342 0.965717732906342 0.846444666385651 0.883813858032227 0.904335558414459
-339999999999999996123846586046231871488.000000000000000 -3.4e+38 -3.4e+38 0.537404417991638 0.64853447675705 0.733340501785278 0.740074455738068 0.769738733768463 0.63683158159256 0.396506667137146 0.401771873235703 0.327581167221069 0.244008406996727 0.270885944366455 0.246566936373711 0.415906667709351 0.337855160236359 0.64127653837204 0.752387166023254 0.605311870574951 0.857328295707703 0.872488975524902 0.948964655399323 0.977091014385223 0.984316468238831 0.981660962104797 0.982419908046722 0.934901118278503 0.871607661247253 0.864984929561615 0.971989154815674 0.981720566749573 0.937396883964539 0.91088742017746 0.941583216190338 0.996078014373779 0.985030770301819 0.971799850463867 0.981768310070038 0.88039767742157 0.920507252216339 0.962114810943604 0.951174378395081 0.933313071727753 0.773910760879517 0.846501350402832
