data/climate_estimation/maxent_output/Wurmbea_densiflora.asc
NCOLS 103 
NROWS 79 
XLLCORNER 114.25 
YLLCORNER -32.4166666666667 
CELLSIZE 0.0833333333333333 
NODATA_value -3.4e+38 
[rows 40 to 59 of 79, columns 0 to 44 of 103]
-339999999999999996123846586046231871488.000000000000000 -3.4e+38 -3.4e+38 -3.4e+38 -3.4e+38 -3.4e+38 -3.4e+38 0.645172953605652 0.636559545993805 0.637932360172272 0.828498423099518 0.830062985420227 0.859584927558899 0.878334820270538 0.89943128824234 0.897134780883789 0.887301206588745 0.893499612808228 0.895696103572845 0.870813190937042 0.803945124149323 0.887030720710754 0.89157247543335 0.88304328918457 0.911709785461426 0.924256026744843 0.936718761920929 0.932646453380585 0.934871435165405 0.940671443939209 0.936740219593048 0.930922508239746 0.940662086009979 0.941980123519897 0.952878773212433 0.951874136924744 0.953590631484985 0.953162312507629 0.954556345939636 0.960267305374146 0.960086226463318 0.958818554878235 0.963918030261993 0.944880485534668 0.949689865112305
-3.4e+38 -3.4e+38 -3.4e+38 -3.4e+38 -3.4e+38 -3.4e+38 -3.4e+38 0.646427154541016 0.647505819797516 0.645553708076477 0.839077949523926 0.836864233016968 0.859118521213531 0.840807914733887 0.831376492977142 0.880745947360992 0.902375280857086 0.897441565990448 0.888761103153229 0.865815937519073 0.829621970653534 0.88388580083847 0.89032769203186 0.889870584011078 0.904078602790833 0.917904198169708 0.92911034822464 0.938722550868988 0.949494183063507 0.945055305957794 0.942732214927673 0.94191986322403 0.952466070652008 0.946394205093384 0.960658729076385 0.955328226089478 0.960051774978638 0.962295830249786 0.949642598628998 0.958902776241302 0.398732483386993 0.959172129631042 0.955298185348511 0.945417046546936 0.948944687843323
-3.4e+38 -3.4e+38 -3.4e+38 -3.4e+38 -3.4e+38 -3.4e+38 -3.4e+38 -3.4e+38 0.654314756393433 0.645788431167603 0.659952402114868 0.805523216724396 0.832053780555725 0.839236378669739 0.837648153305054 0.854423761367798 0.87375545501709 0.894856989383698 0.901319921016693 0.869195818901062 0.86012464761734 0.883947253227234 0.893888890743256 0.904059171676636 0.908445239067078 0.932300984859467 0.941698729991913 0.937305986881256 0.940094649791718 0.942108929157257 0.941173672676086 0.951147198677063 0.954231202602386 0.95274430513382 0.954756438732147 0.959035336971283 0.956977665424347 0.952798783779144 0.955630302429199 0.961057066917419 0.95642077922821 0.961929857730865 0.958927690982819 0.96375972032547 0.970506548881531
-3.4e+38 -3.4e+38 -3.4e+38 -3.4e+38 -3.4e+38 -3.4e+38 -3.4e+38 -3.4e+38 0.662580072879791 0.640758514404297 0.639225900173187 0.825311601161957 0.790690004825592 0.816306054592133 0.843859612941742 0.866167306900024 0.869601190090179 0.874513447284698 0.889950931072235 0.877579212188721 0.887244641780853 0.878550887107849 0.889687180519104 0.898968875408173 0.91092711687088 0.929700314998627 0.932673215866089 0.928110122680664 0.942392945289612 0.950162768363953 0.954781651496887 0.952309250831604 0.955339372158051 0.950118482112885 0.955553233623505 0.962299704551697 0.944145739078522 0.953560411930084 0.959893703460693 0.967194497585297 0.959298312664032 0.963915765285492 0.970774531364441 0.9708331823349 0.970279514789581
-3.4e+38 -3.4e+38 -3.4e+38 -3.4e+38 -3.4e+38 -3.4e+38 -3.4e+38 -3.4e+38 0.640149772167206 0.6251380443573 0.640540838241577 0.849124014377594 0.809067130088806 0.843114852905273 0.853455066680908 0.825664877891541 0.850905299186707 0.867530703544617 0.896713435649872 0.900168657302856 0.901396751403809 0.863446891307831 0.885718703269958 0.903497934341431 0.9081751704216 0.92245090007782 0.917244255542755 0.922164499759674 0.93852823972702 0.958129584789276 0.949700474739075 0.951863467693329 0.952757358551025 0.953799784183502 0.947944402694702 0.961021661758423 0.945424199104309 0.942627608776093 0.960318148136139 0.959681689739227 0.962917387485504 0.961548686027527 0.962989330291748 0.959196150302887 0.9737908244133
-3.4e+38 -3.4e+38 -3.4e+38 -3.4e+38 -3.4e+38 -3.4e+38 -3.4e+38 -3.4e+38 0.599457263946533 0.605321049690247 0.636887729167938 0.627360582351685 0.831097900867462 0.822636783123016 0.815686583518982 0.812560856342316 0.825187206268311 0.856330573558807 0.89274799823761 0.886220037937164 0.892411351203918 0.91225677728653 0.893697738647461 0.878012835979462 0.899557948112488 0.911047160625458 0.929694056510925 0.922499239444733 0.935497879981995 0.945745766162872 0.948463380336761 0.948242485523224 0.949097394943237 0.949798226356506 0.949240267276764 0.957786679267883 0.95375794172287 0.944517135620117 0.959092140197754 0.968542218208313 0.965444386005402 0.970018029212952 0.961524069309235 0.968889534473419 0.973794877529144
-3.4e+38 -3.4e+38 -3.4e+38 -3.4e+38 -3.4e+38 -3.4e+38 -3.4e+38 -3.4e+38 0.562386572360992 0.576876223087311 0.624456703662872 0.617684125900269 0.593330919742584 0.777010202407837 0.773663640022278 0.796601057052612 0.812111616134644 0.83404129743576 0.88021582365036 0.873680174350739 0.880804598331451 0.905644059181213 0.897245943546295 0.821737825870514 0.901139199733734 0.918239891529083 0.923759043216705 0.905339121818542 0.936467051506042 0.955392718315125 0.947435557842255 0.944731533527374 0.936194777488708 0.915642917156219 0.93092554807663 0.955082356929779 0.949812054634094 0.924327909946442 0.961136758327484 0.967802941799164 0.962747514247894 0.968175411224365 0.966477870941162 0.972419261932373 0.974576234817505
-3.4e+38 -3.4e+38 -3.4e+38 -3.4e+38 -3.4e+38 -3.4e+38 -3.4e+38 -3.4e+38 0.512006998062134 0.582120537757874 0.604390442371368 0.590429425239563 0.596196591854095 0.767202615737915 0.759230732917786 0.744815528392792 0.790647923946381 0.819542765617371 0.842761516571045 0.866649389266968 0.886899173259735 0.874646723270416 0.885626673698425 0.907285869121552 0.895326852798462 0.904043078422546 0.907109320163727 0.885333478450775 0.887418448925018 0.932619094848633 0.959216594696045 0.947090446949005 0.94264030456543 0.930003881454468 0.903604626655579 0.930525720119476 0.946081161499023 0.94081050157547 0.966086030006409 0.95905065536499 0.954214990139008 0.950515687465668 0.962438344955444 0.967566430568695 0.971495270729065
-3.4e+38 -3.4e+38 -3.4e+38 -3.4e+38 -3.4e+38 -3.4e+38 -3.4e+38 -3.4e+38 0.401776880025864 0.486280232667923 0.568424701690674 0.589509785175323 0.560342848300934 0.721599936485291 0.717560172080994 0.73449182510376 0.745234370231628 0.77832704782486 0.81257027387619 0.845082640647888 0.862546026706696 0.872758388519287 0.887317299842834 0.918184340000153 0.913132071495056 0.847265601158142 0.854063153266907 0.818033158779144 0.844692468643188 0.90978467464447 0.944817125797272 0.937362432479858 0.939372777938843 0.915483772754669 0.900937736034393 0.882105112075806 0.891741871833801 0.908557653427124 0.95481151342392 0.95132702589035 0.95612245798111 0.961565613746643 0.948450148105621 0.904663980007172 0.924433350563049
-3.4e+38 -3.4e+38 -3.4e+38 -3.4e+38 -3.4e+38 -3.4e+38 -3.4e+38 -3.4e+38 0.288728177547455 0.383344084024429 0.52035129070282 0.529854893684387 0.462402909994125 0.673405826091766 0.662082195281982 0.667327046394348 0.67451423406601 0.741308093070984 0.776850461959839 0.823116838932037 0.845948934555054 0.876550257205963 0.888535857200623 0.90475058555603 0.897742390632629 0.896616280078888 0.901143848896027 0.816900491714478 0.789794147014618 0.854662299156189 0.913020193576813 0.923927366733551 0.926192820072174 0.923725843429565 0.916601181030273 0.875090777873993 0.844728827476501 0.894615769386292 0.933721661567688 0.927219808101654 0.942753195762634 0.935391187667847 0.930719673633575 0.933091342449188 0.906011521816254
-3.4e+38 -3.4e+38 -3.4e+38 -3.4e+38 -3.4e+38 -3.4e+38 -3.4e+38 -3.4e+38 0.195353731513023 0.264979213476181 0.515765070915222 0.460613131523132 0.402157425880432 0.606421768665314 0.610896289348602 0.585093855857849 0.636628925800323 0.704894363880157 0.733273446559906 0.793752431869507 0.839259028434753 0.846142470836639 0.875106871128082 0.893320202827454 0.902301371097565 0.907640755176544 0.907529294490814 0.792961895465851 0.735710382461548 0.836099743843079 0.864475607872009 0.882356405258179 0.890977442264557 0.913075149059296 0.878452837467194 0.847589731216431 0.809609830379486 0.843955218791962 0.910105049610138 0.925086796283722 0.87946492433548 0.885517299175262 0.897409796714783 0.913260400295258 0.861961126327515
-3.4e+38 -3.4e+38 -3.4e+38 -3.4e+38 -3.4e+38 -3.4e+38 -3.4e+38 -3.4e+38 0.0860489904880524 0.198920547962189 0.26049268245697 0.363895773887634 0.510138869285583 0.46668329834938 0.521054446697235 0.468764960765839 0.54911196231842 0.642569005489349 0.690742611885071 0.779725074768066 0.8109450340271 0.838115394115448 0.854069411754608 0.879862546920776 0.902848124504089 0.897582530975342 0.912031233310699 0.911149799823761 0.909810364246368 0.72911411523819 0.791861176490784 0.816935539245605 0.829763650894165 0.894222676753998 0.888980686664581 0.838871479034424 0.830092966556549 0.833414793014526 0.896588742733002 0.891565382480621 0.85680764913559 0.841395080089569 0.78199690580368 0.865085661411285 0.868895053863525
-3.4e+38 -3.4e+38 -3.4e+38 -3.4e+38 -3.4e+38 -3.4e+38 -3.4e+38 -3.4e+38 0.0405786782503128 0.0479119531810284 0.14170877635479 0.226660624146461 0.400820225477219 0.455064296722412 0.428095191717148 0.463889211416245 0.4687240421772 0.555755376815796 0.649730384349823 0.745556831359863 0.80658882856369 0.833756506443024 0.859544038772583 0.86597615480423 0.900002479553223 0.908206045627594 0.90057635307312 0.907513916492462 0.896963238716125 0.894484996795654 0.891124486923218 0.734631061553955 0.735569596290588 0.843903303146362 0.842145800590515 0.817492067813873 0.784498333930969 0.844542503356934 0.870119094848633 0.869865119457245 0.864564836025238 0.831468045711517 0.763803839683533 0.714745998382568 0.737134516239166
-3.4e+38 -3.4e+38 -3.4e+38 -3.4e+38 -3.4e+38 -3.4e+38 -3.4e+38 -3.4e+38 -3.4e+38 0.0252266619354486 0.083115927875042 0.164036929607391 0.286542773246765 0.415510803461075 0.413567066192627 0.415707647800446 0.36791068315506 0.430393099784851 0.628718018531799 0.729099988937378 0.788223445415497 0.827102482318878 0.83747136592865 0.859289646148682 0.879682958126068 0.884285569190979 0.892732977867126 0.900597870349884 0.890726566314697 0.906798899173737 0.897779226303101 0.708261787891388 0.699774742126465 0.792059242725372 0.810206949710846 0.826009213924408 0.763163089752197 0.777290999889374 0.837211966514587 0.833132028579712 0.80168628692627 0.757482588291168 0.726192116737366 0.711523473262787 0.679843664169312
-3.4e+38 -3.4e+38 -3.4e+38 -3.4e+38 -3.4e+38 -3.4e+38 -3.4e+38 -3.4e+38 -3.4e+38 0.0191885940730572 0.0525837354362011 0.0971844717860222 0.140004321932793 0.285051256418228 0.303957521915436 0.305389195680618 0.278944134712219 0.406317204236984 0.596793353557587 0.693569779396057 0.776332318782806 0.812792479991913 0.858837187290192 0.854124188423157 0.882494151592255 0.891276240348816 0.896821618080139 0.906321048736572 0.890531122684479 0.904406547546387 0.889398634433746 0.878177464008331 0.666867256164551 0.683135449886322 0.723397672176361 0.795615255832672 0.755678236484528 0.73602432012558 0.79423999786377 0.765135884284973 0.750491321086884 0.711286425590515 0.725850582122803 0.669120788574219 0.596070885658264
-3.4e+38 -3.4e+38 -3.4e+38 -3.4e+38 -3.4e+38 -3.4e+38 -3.4e+38 -3.4e+38 -3.4e+38 0.0149020552635193 0.0390238091349602 0.0672287344932556 0.150424033403397 0.228756442666054 0.302515774965286 0.294179111719131 0.278856247663498 0.392779469490051 0.626801669597626 0.683982193470001 0.750277042388916 0.81845611333847 0.838896512985229 0.872625946998596 0.890727698802948 0.905518710613251 0.897850871086121 0.900648474693298 0.897251427173615 0.897230267524719 0.889362633228302 0.880145251750946 0.860012829303741 0.59036511182785 0.692640125751495 0.723141252994537 0.715510249137878 0.688790321350098 0.731402277946472 0.725877225399017 0.760161161422729 0.735775470733643 0.688414573669434 0.679408073425293 0.609195828437805
-3.4e+38 -3.4e+38 -3.4e+38 -3.4e+38 -3.4e+38 -3.4e+38 -3.4e+38 -3.4e+38 -3.4e+38 0.0231225173920393 0.0530636310577393 0.0804655998945236 0.118120402097702 0.178775936365128 0.268628507852554 0.314664214849472 0.317869037389755 0.33965077996254 0.475056260824203 0.618165016174316 0.747424781322479 0.801431179046631 0.826523959636688 0.876674354076385 0.880844354629517 0.898789405822754 0.898253977298737 0.890898168087006 0.903388738632202 0.894359469413757 0.889407992362976 0.875651240348816 0.863620162010193 0.833177447319031 0.613749802112579 0.600589275360107 0.575595557689667 0.84905481338501 0.845458209514618 0.845708429813385 0.85217022895813 0.848627626895905 0.820125341415405 0.680271029472351 0.575749218463898
-3.4e+38 -3.4e+38 -3.4e+38 -3.4e+38 -3.4e+38 -3.4e+38 -3.4e+38 -3.4e+38 -3.4e+38 -3.4e+38 0.0472248159348965 0.0640365779399872 0.0949805751442909 0.13575841486454 0.21567939221859 0.319933980703354 0.332233667373657 0.359914034605026 0.440638333559036 0.585733294487 0.753809630870819 0.789366185665131 0.844941139221191 0.858185708522797 0.886813282966614 0.879509449005127 0.889051139354706 0.881303191184998 0.894890964031219 0.869422435760498 0.887993156909943 0.879329025745392 0.858844339847565 0.841496884822845 0.501195669174194 0.50609564781189 0.55900114774704 0.661157846450806 0.850490272045135 0.846132874488831 0.843596994876862 0.818011820316315 0.830135107040405 0.612140953540802 0.622737169265747
-3.4e+38 -3.4e+38 -3.4e+38 -3.4e+38 -3.4e+38 -3.4e+38 -3.4e+38 -3.4e+38 -3.4e+38 -3.4e+38 0.0390614531934261 0.0491225756704807 0.0756648853421211 0.112867377698421 0.181627377867699 0.284681290388107 0.347371369600296 0.362432509660721 0.375436037778854 0.514462947845459 0.695246160030365 0.782750725746155 0.762830018997192 0.767880916595459 0.833876311779022 0.869629502296448 0.874988496303558 0.879164516925812 0.885178089141846 0.881874978542328 0.883832573890686 0.875262022018433 0.869360327720642 0.863488495349884 0.485174119472504 0.513924121856689 0.599560678005219 0.649082958698273 0.873014509677887 0.864263892173767 0.841162145137787 0.817539989948273 0.834064722061157 0.593962073326111 0.644420504570007
-3.4e+38 -3.4e+38 -3.4e+38 -3.4e+38 -3.4e+38 -3.4e+38 -3.4e+38 -3.4e+38 -3.4e+38 -3.4e+38 -3.4e+38 0.0396215952932835 0.0575798712670803 0.0884177908301353 0.148037418723106 0.243088811635971 0.335806250572205 0.360434174537659 0.385212510824203 0.429392009973526 0.465922743082047 0.688534140586853 0.649013102054596 0.7294602394104 0.819725751876831 0.846324443817139 0.856137752532959 0.863210320472717 0.851724743843079 0.871118128299713 0.860865235328674 0.857054471969604 0.860563278198242 0.854246914386749 0.472626060247421 0.512960851192474 0.627732276916504 0.622889816761017 0.651748716831207 0.866881608963013 0.854015707969666 0.84068751335144 0.496342360973358 0.570778727531433 0.630516827106476
