data/climate_estimation/maxent_output/Wurmbea_citrina.asc
NCOLS 276 
NROWS 191 
XLLCORNER 124.75 
YLLCORNER -35.1666666666667 
CELLSIZE 0.0833333333333333 
NODATA_value -3.4e+38 
[rows 40 to 59 of 191, columns 44 to 87 of 276]
0.0288543347269297 0.0289850812405348 0.0260365717113018 0.0260365717113018 0.0241070911288261 0.0242844223976135 0.0235648844391108 0.0377200320363045 0.0363785102963448 0.0336178429424763 0.0335311330854893 0.0314648076891899 0.0311606545001268 0.0294183045625687 0.0282873641699553 0.0451078899204731 0.0448472648859024 0.0405419170856476 0.0396719314157963 0.0370314791798592 0.0621709674596786 0.0602333471179008 0.0566444508731365 0.0547528378665447 0.055057842284441 0.0532792918384075 0.0535627081990242 0.051791038364172 0.0844038426876068 0.0820644944906235 0.081912562251091 0.0814147144556046 0.0824861153960228 0.0824498534202576 0.0783332735300064 0.0784166902303696 0.07829599827528 0.0464511662721634 0.0485082417726517 0.0501557812094688 0.0520206205546856 0.0542008653283119 0.053880512714386 0.0571735501289368
0.0301573723554611 0.0276903472840786 0.0276543758809566 0.0248947348445654 0.024696784093976 0.0246055945754051 0.0395322665572166 0.0379643663764 0.0359822548925877 0.0348835401237011 0.0346067249774933 0.032408457249403 0.0315699763596058 0.0300821121782064 0.0490709766745567 0.0465895533561707 0.0449281558394432 0.0419938005506992 0.0419028960168362 0.0406703799962997 0.0642880275845528 0.0623802877962589 0.0622198320925236 0.0605573318898678 0.0589752830564976 0.0551369525492191 0.0551014505326748 0.0898284837603569 0.0871022865176201 0.0872106701135635 0.0842112153768539 0.0876138210296631 0.085068367421627 0.0846952870488167 0.0798056945204735 0.0857424736022949 0.0810768455266953 0.0503449290990829 0.0519191734492779 0.0553233288228512 0.0558680593967438 0.0600220747292042 0.0623826645314693 0.0653447881340981
0.0299563389271498 0.0298976358026266 0.0289391353726387 0.0265129189938307 0.0445959307253361 0.0413887239992619 0.0401333644986153 0.0399465709924698 0.0364813059568405 0.0364356748759747 0.0333377756178379 0.0336601100862026 0.0526651330292225 0.0511480234563351 0.0507968924939632 0.0479097180068493 0.0465631261467934 0.0464522764086723 0.0432510785758495 0.0420025922358036 0.0686943233013153 0.0645420625805855 0.0642492398619652 0.0624566189944744 0.0604837834835052 0.0550770796835423 0.0926072373986244 0.0925485864281654 0.089966893196106 0.0870430320501328 0.0872456431388855 0.087598443031311 0.0883361101150513 0.0914358198642731 0.0908215045928955 0.0885141119360924 0.0892212837934494 0.0865430757403374 0.0548913367092609 0.0569839812815189 0.0597379729151726 0.0939802303910255 0.104774206876755 0.0700713023543358
0.0314934402704239 0.0315415300428867 0.0285360924899578 0.0482394658029079 0.0468123443424702 0.0429491773247719 0.0429170876741409 0.0385211110115051 0.0385464988648891 0.0383840575814247 0.0348603501915932 0.0594906508922577 0.0546727851033211 0.0531111732125282 0.051342885941267 0.0494084879755974 0.0477746054530144 0.0448555015027523 0.0435306280851364 0.0727803036570549 0.0685579776763916 0.0686067938804626 0.0644738152623177 0.064609669148922 0.0627565756440163 0.0608147419989109 0.0956381559371948 0.0928823053836823 0.0925072208046913 0.0897092968225479 0.0901530012488365 0.0910520255565643 0.0904165580868721 0.0939622819423676 0.0942806601524353 0.0945154950022697 0.0940978601574898 0.0976427793502808 0.0998491048812866 0.0968691557645798 0.0998564958572388 0.110699638724327 0.0721656754612923 0.0785011574625969
0.0338055156171322 0.0312946476042271 0.0511392578482628 0.0509173050522804 0.0461746416985989 0.044915821403265 0.0415237471461296 0.041341133415699 0.0411086119711399 0.0371148139238358 0.062302578240633 0.060853935778141 0.055719293653965 0.0556107759475708 0.0510612428188324 0.0494451709091663 0.0477076806128025 0.0778702944517136 0.0757569894194603 0.0704580321907997 0.0702752098441124 0.0684651881456375 0.0668039917945862 0.0663830414414406 0.0623308271169662 0.101559408009052 0.0976988971233368 0.0979859679937363 0.0951684042811394 0.0927118211984634 0.0962626785039902 0.0933838859200478 0.0931834131479263 0.0962514951825142 0.093399815261364 0.0971258133649826 0.0973879545927048 0.0994697213172913 0.105951525270939 0.10566084086895 0.110740035772324 0.119454406201839 0.130135864019394 0.141194149851799
0.055098045617342 0.055304978042841 0.0552736856043339 0.0491670034825802 0.0491138659417629 0.0435719378292561 0.0436105504631996 0.0730339735746384 0.06719671189785 0.0673739463090897 0.0649960488080978 0.0587250106036663 0.0586878545582294 0.0535096861422062 0.0521004199981689 0.0833313167095184 0.080552764236927 0.0750459879636765 0.0725239366292953 0.0705082193017006 0.0703778862953186 0.0686928778886795 0.0663702636957169 0.10762844979763 0.104444906115532 0.104492321610451 0.100836120545864 0.098596416413784 0.0954583212733269 0.0956061854958534 0.0928843766450882 0.0964630171656609 0.0931816473603249 0.0935960412025452 0.096607893705368 0.0941061824560165 0.0984659790992737 0.104874059557915 0.104783579707146 0.112675920128822 0.11889985948801 0.130004793405533 0.125984266400337 0.140799984335899
0.0585257261991501 0.0533816255629063 0.0533862747251987 0.0469174832105637 0.0473732240498066 0.0706744343042374 0.0707830637693405 0.0707830637693405 0.0707985758781433 0.0707966387271881 0.0648470222949982 0.062642440199852 0.0564681924879551 0.0919643715023994 0.0865747854113579 0.0846983566880226 0.0823195055127144 0.0753559619188309 0.0730879455804825 0.070828303694725 0.0685285925865173 0.111237622797489 0.111025631427765 0.107631802558899 0.104275032877922 0.104636982083321 0.10163926333189 0.100763604044914 0.098972849547863 0.0961429998278618 0.127539053559303 0.128249809145927 0.128799080848694 0.128909274935722 0.12922377884388 0.134783536195755 0.131185829639435 0.101117633283138 0.109326906502247 0.119232542812824 0.128738015890121 0.12904766201973 0.140592649579048 0.147343948483467
0.0563464947044849 0.0580295026302338 0.0580295026302338 0.0514613054692745 0.0838299468159676 0.0767977610230446 0.0771379992365837 0.0745955631136894 0.0678800642490387 0.0704340264201164 0.0684428960084915 0.0608318448066711 0.0985276475548744 0.0891825929284096 0.0888533666729927 0.0814890414476395 0.0788471922278404 0.0767222791910172 0.117461703717709 0.117372751235962 0.114883281290531 0.107076056301594 0.107076056301594 0.103848278522491 0.103757418692112 0.101470530033112 0.101069889962673 0.0984596386551857 0.131190270185471 0.127305775880814 0.126871034502983 0.11962927877903 0.124086998403072 0.124086998403072 0.130454838275909 0.130624532699585 0.134529069066048 0.144420459866524 0.144311785697937 0.152196243405342 0.143580093979836 0.170344367623329 0.185077607631683 0.143698871135712
0.0612417049705982 0.0634318739175797 0.0615820288658142 0.0562283582985401 0.093731664121151 0.0855798125267029 0.0842251852154732 0.0838393867015839 0.0766137465834618 0.0768181011080742 0.0743569284677505 0.0959046185016632 0.0955268144607544 0.0955898836255074 0.0865662097930908 0.0834126323461533 0.0815107151865959 0.123106762766838 0.122282519936562 0.119612514972687 0.11056849360466 0.107170976698399 0.10415455698967 0.138036698102951 0.143206968903542 0.143051639199257 0.13908763229847 0.138340175151825 0.134271338582039 0.130608573555946 0.12685438990593 0.123559221625328 0.12382984161377 0.126360893249512 0.12892846763134 0.118568651378155 0.126575410366058 0.135651096701622 0.149417266249657 0.145178467035294 0.137091636657715 0.155891865491867 0.178774297237396 0.194248080253601
0.0685499832034111 0.0690166875720024 0.0693100318312645 0.0630349591374397 0.0629957318305969 0.101787805557251 0.0935455188155174 0.0939380750060081 0.0835977643728256 0.0807158946990967 0.119521588087082 0.10367240011692 0.103466987609863 0.0923072174191475 0.0894572287797928 0.14399741590023 0.130158275365829 0.126829579472542 0.119019851088524 0.115447580814362 0.115268267691135 0.145930022001266 0.137712970376015 0.124919518828392 0.134477481245995 0.138733416795731 0.134506911039352 0.134745493531227 0.130926907062531 0.127133518457413 0.136561900377274 0.132998406887054 0.132735788822174 0.139084711670876 0.133370637893677 0.121966443955898 0.1373171210289 0.136116728186607 0.13068813085556 0.140622407197952 0.148150771856308 0.15615014731884 0.167598068714142 0.186811953783035
0.0743933469057083 0.0747193321585655 0.0685245543718338 0.0668341517448425 0.115278400480747 0.104802638292313 0.101994842290878 0.102316148579121 0.0908026397228241 0.0807919874787331 0.129828453063965 0.112779028713703 0.108790747821331 0.160780385136604 0.143475607037544 0.143172472715378 0.130141779780388 0.125650256872177 0.122590534389019 0.152865514159203 0.152475714683533 0.1483324021101 0.144777119159698 0.13366112112999 0.134132981300354 0.134459212422371 0.129958435893059 0.143710136413574 0.143594443798065 0.15017494559288 0.135259494185448 0.131173714995384 0.127479285001755 0.134019941091537 0.133492678403854 0.141592979431152 0.137720212340355 0.143315821886063 0.143577679991722 0.155911609530449 0.164537727832794 0.195806786417961 0.219209462404251 0.236271053552628
0.0814271718263626 0.0742771923542023 0.0721825584769249 0.120979532599449 0.11081687361002 0.1110934689641 0.110774770379066 0.101622685790062 0.098274290561676 0.145612120628357 0.126083508133888 0.122734181582928 0.178379401564598 0.155239030718803 0.150677129626274 0.138458102941513 0.135081976652145 0.13567852973938 0.135199040174484 0.166192129254341 0.161902993917465 0.156202092766762 0.144406691193581 0.14496748149395 0.144936010241508 0.140442103147507 0.140017583966255 0.135822251439095 0.15013924241066 0.149188935756683 0.141240164637566 0.137438133358955 0.136988177895546 0.146128594875336 0.141865357756615 0.15385539829731 0.164730474352837 0.149173781275749 0.159092947840691 0.182137534022331 0.177921235561371 0.172119647264481 0.18693245947361 0.219956159591675
0.078286737203598 0.131229907274246 0.113049298524857 0.116368696093559 0.120034702122211 0.117172509431839 0.103581994771957 0.106791846454144 0.157507106661797 0.153530940413475 0.137034624814987 0.118780292570591 0.172638803720474 0.163163170218468 0.167627170681953 0.154270604252815 0.15000693500042 0.149610117077827 0.133861035108566 0.178344070911407 0.178423061966896 0.172662526369095 0.157195687294006 0.157675862312317 0.152610689401627 0.152480974793434 0.147637620568275 0.162498071789742 0.157069012522697 0.157073885202408 0.153026580810547 0.148930713534355 0.14561365544796 0.146038264036179 0.155520230531693 0.174031540751457 0.169304817914963 0.1629858314991 0.131332352757454 0.155244171619415 0.168717816472054 0.193343460559845 0.170071467757225 0.200401723384857
0.126553952693939 0.12670473754406 0.122647978365421 0.11278161406517 0.116559572517872 0.116247825324535 0.116403579711914 0.170243144035339 0.166628539562225 0.148367553949356 0.143833383917809 0.209983229637146 0.182041212916374 0.18115322291851 0.18146724998951 0.167328968644142 0.16806548833847 0.162997931241989 0.198039144277573 0.193187892436981 0.192047104239464 0.172522023320198 0.172295734286308 0.167452499270439 0.163310781121254 0.162425950169563 0.145085498690605 0.140597343444824 0.148843675851822 0.152845740318298 0.165035471320152 0.169248923659325 0.160415783524513 0.175662443041801 0.171080037951469 0.177981466054916 0.186833277344704 0.186181277036667 0.181494787335396 0.175450518727303 0.200702294707298 0.195820271968842 0.245646670460701 0.238113537430763
0.133754417300224 0.122673504054546 0.122044079005718 0.122730128467083 0.123003609478474 0.199408739805222 0.178285256028175 0.161475330591202 0.161159962415695 0.156646385788918 0.226783350110054 0.20200052857399 0.180460870265961 0.202937379479408 0.201696515083313 0.182400673627853 0.176715791225433 0.214046940207481 0.192830011248589 0.192289888858795 0.19159922003746 0.18569578230381 0.186386525630951 0.186102390289307 0.180361226201057 0.178148940205574 0.173351600766182 0.156631544232368 0.154347136616707 0.167993232607841 0.14857329428196 0.163315400481224 0.159846305847168 0.175623401999474 0.172431945800781 0.171584397554398 0.166351541876793 0.184608995914459 0.203634023666382 0.197608187794685 0.226045534014702 0.226117134094238 0.245278179645538 0.251446843147278
0.131903454661369 0.114820003509521 0.118807606399059 0.194756507873535 0.193925514817238 0.187981814146042 0.175516203045845 0.16891174018383 0.155905336141586 0.219650417566299 0.218876972794533 0.190613329410553 0.190479412674904 0.190687343478203 0.196563869714737 0.203166127204895 0.176190927624702 0.212899714708328 0.207543164491653 0.185655072331429 0.180299371480942 0.178662776947021 0.180061593651772 0.198377147316933 0.199327230453491 0.198542863130569 0.192358240485191 0.172603264451027 0.162508130073547 0.17988033592701 0.158298701047897 0.153299614787102 0.17630960047245 0.175983801484108 0.171642825007439 0.188390865921974 0.187332719564438 0.193546533584595 0.208031177520752 0.208771675825119 0.201722592115402 0.224559009075165 0.231066912412643 0.243193849921227
0.125689327716827 0.182299017906189 0.177890136837959 0.182687491178513 0.210507303476334 0.193524047732353 0.188068598508835 0.184979557991028 0.237740933895111 0.230180531740189 0.205250218510628 0.218523234128952 0.219214051961899 0.212738826870918 0.218476608395576 0.218663081526756 0.191899880766869 0.175820827484131 0.223973289132118 0.201361447572708 0.175403088331223 0.19303822517395 0.192294523119926 0.172579601407051 0.172656625509262 0.192294523119926 0.19212444126606 0.167274355888367 0.179120004177094 0.174155429005623 0.175575733184814 0.179350793361664 0.187656193971634 0.17515404522419 0.189540877938271 0.189479842782021 0.197711735963821 0.212486833333969 0.227011561393738 0.226639777421951 0.228932827711105 0.269844979047775 0.2548868060112 0.270470201969147
0.139452025294304 0.203939631581306 0.176237240433693 0.20497553050518 0.210355371236801 0.210302487015724 0.21059687435627 0.183407261967659 0.291208267211914 0.253939688205719 0.262056559324265 0.262329012155533 0.242700308561325 0.237352833151817 0.244357213377953 0.218018233776093 0.190213769674301 0.190778508782387 0.190493524074554 0.169348388910294 0.223323479294777 0.200973719358444 0.193706259131432 0.191294938325882 0.191744089126587 0.187021881341934 0.180872723460197 0.180384755134583 0.197255328297615 0.174817845225334 0.179023668169975 0.191428333520889 0.174398556351662 0.197866469621658 0.212223887443542 0.212090581655502 0.211643919348717 0.212287530303001 0.233925089240074 0.235298871994019 0.228016585111618 0.260235965251923 0.264442503452301 0.288701117038727
0.152378886938095 0.152640953660011 0.226515829563141 0.23215214908123 0.232525214552879 0.234626173973083 0.197610542178154 0.25499302148819 0.28369015455246 0.182537391781807 0.29073292016983 0.269782990217209 0.262546747922897 0.237152561545372 0.244357213377953 0.237352833151817 0.236773461103439 0.217736959457397 0.212425142526627 0.184795498847961 0.222481429576874 0.222385212779045 0.216849505901337 0.199432775378227 0.193773180246353 0.207892388105392 0.185877770185471 0.20222395658493 0.179453268647194 0.179944828152657 0.17468199133873 0.196644589304924 0.190847188234329 0.196382507681847 0.217744037508965 0.222916081547737 0.214473009109497 0.239455983042717 0.227135062217712 0.24082013964653 0.260229021310806 0.265940696001053 0.271290272474289 0.286384463310242
0.151307925581932 0.152073919773102 0.247337833046913 0.250808030366898 0.252283781766891 0.227787971496582 0.22065357863903 0.283791840076447 0.28361713886261 0.203229770064354 0.188450694084167 0.182256668806076 0.182754725217819 0.262970596551895 0.26280689239502 0.261354774236679 0.242479234933853 0.242143020033836 0.235920503735542 0.211037561297417 0.189676374197006 0.183324202895164 0.222032859921455 0.209723010659218 0.210093706846237 0.20970207452774 0.187448814511299 0.20500074326992 0.196942239999771 0.199335485696793 0.216572508215904 0.221182242035866 0.214428767561913 0.219251707196236 0.21415388584137 0.243790075182915 0.237259045243263 0.243698671460152 0.245122134685516 0.273985743522644 0.273193031549454 0.277116447687149 0.297917455434799 0.272619694471359
