data/climate_estimation/maxent_output/Wurmbea_tenella.asc
NCOLS 179 
NROWS 108 
XLLCORNER 114.333333333333 
YLLCORNER -34.6666666666667 
CELLSIZE 0.0833333333333334 
NODATA_value -3.4e+38 
[rows 40 to 59 of 108, columns 0 to 44 of 179]
-3.4e+38 -3.4e+38 -3.4e+38 -3.4e+38 -3.4e+38 0.432453483343124 0.458568632602692 0.581685066223145 0.581274688243866 0.71052223443985 0.711592376232147 0.719282269477844 0.700333833694458 0.730472207069397 0.781817495822906 0.833152592182159 0.79241818189621 0.85561591386795 0.81363445520401 0.799877345561981 0.744288384914398 0.747947752475739 0.708352267742157 0.731478869915009 0.661190509796143 0.70548540353775 0.736576735973358 0.733131170272827 0.721924960613251 0.69589227437973 0.689762771129608 0.663173973560333 0.670268177986145 0.657677233219147 0.651131927967072 0.681618452072144 0.671523809432983 0.645201086997986 0.623477041721344 0.640219926834106 0.641348659992218 0.67982143163681 0.702622830867767 0.629352509975433 0.631087303161621
-3.4e+38 -3.4e+38 -3.4e+38 -3.4e+38 -3.4e+38 -3.4e+38 0.462749779224396 0.47349613904953 0.612280428409576 0.582802772521973 0.609380960464478 0.737836360931396 0.755586266517639 0.70429402589798 0.77663516998291 0.860497355461121 0.813508629798889 0.82814747095108 0.788731217384338 0.749740421772003 0.74553656578064 0.742733776569366 0.758638799190521 0.734771728515625 0.742586135864258 0.727415859699249 0.747768044471741 0.749522745609283 0.730923056602478 0.704992234706879 0.700894594192505 0.709095895290375 0.66848760843277 0.679655373096466 0.664044082164764 0.656081974506378 0.647823333740234 0.649901330471039 0.648769378662109 0.629611492156982 0.687282204627991 0.68697726726532 0.691217124462128 0.619178593158722 0.695620775222778
-3.4e+38 -3.4e+38 -3.4e+38 -3.4e+38 -3.4e+38 -3.4e+38 0.462125480175018 0.475508093833923 0.487938731908798 0.621865928173065 0.617176115512848 0.64017528295517 0.732631981372833 0.729333102703094 0.795025110244751 0.772696733474731 0.814180314540863 0.84691458940506 0.810075283050537 0.693942844867706 0.747735202312469 0.758697152137756 0.739917457103729 0.758642375469208 0.773252546787262 0.757675766944885 0.741895318031311 0.756972134113312 0.757716059684753 0.72784686088562 0.710920989513397 0.712136685848236 0.69923198223114 0.707199811935425 0.677635252475739 0.677578985691071 0.667819499969482 0.666717708110809 0.650687456130981 0.657109975814819 0.640351295471191 0.640007495880127 0.620399415493011 0.624215483665466 0.675116837024689
-3.4e+38 -3.4e+38 -3.4e+38 -3.4e+38 -3.4e+38 -3.4e+38 0.457586526870728 0.474040150642395 0.599441111087799 0.622870326042175 0.632533729076385 0.753046691417694 0.802623331546783 0.843180418014526 0.862212836742401 0.85351949930191 0.787149488925934 0.814946472644806 0.745265662670135 0.767946660518646 0.767487049102783 0.791963756084442 0.762957274913788 0.745128512382507 0.76164048910141 0.774478614330292 0.786138951778412 0.784677743911743 0.768490433692932 0.76272851228714 0.724223971366882 0.723503112792969 0.688599228858948 0.721512079238892 0.704472899436951 0.706100702285767 0.687905430793762 0.648563206195831 0.682244122028351 0.373658090829849 0.642988681793213 0.642956018447876 0.631747186183929 0.631906092166901 0.675942122936249
-3.4e+38 -3.4e+38 -3.4e+38 -3.4e+38 -3.4e+38 -3.4e+38 -3.4e+38 0.576274633407593 0.585651636123657 0.613390922546387 0.713184833526611 0.806862473487854 0.795371890068054 0.868003606796265 0.846789538860321 0.831461369991302 0.798962533473969 0.811190068721771 0.761504054069519 0.824620723724365 0.762763381004333 0.777599036693573 0.80096310377121 0.773363411426544 0.789920508861542 0.808870255947113 0.787764608860016 0.770006656646729 0.746569216251373 0.775632560253143 0.75344330072403 0.743808627128601 0.718724727630615 0.693379580974579 0.69333803653717 0.692423284053802 0.66725879907608 0.733644366264343 0.660393059253693 0.632670700550079 0.66054755449295 0.646178603172302 0.71442037820816 0.706128537654877 0.697248578071594
-3.4e+38 -3.4e+38 -3.4e+38 -3.4e+38 -3.4e+38 -3.4e+38 -3.4e+38 0.574166297912598 0.702143669128418 0.71709793806076 0.833902895450592 0.787446320056915 0.870547652244568 0.880253672599792 0.865261018276215 0.891970157623291 0.866741716861725 0.783600568771362 0.82263046503067 0.809846520423889 0.784990072250366 0.79405552148819 0.784790098667145 0.804460763931274 0.808210730552673 0.79816198348999 0.777280211448669 0.791644155979156 0.762834787368774 0.801352083683014 0.783229231834412 0.760937988758087 0.741325676441193 0.735023319721222 0.736292541027069 0.762849748134613 0.684440135955811 0.675940454006195 0.707137882709503 0.714266240596771 0.733456134796143 0.745821356773376 0.742479801177979 0.690561354160309 0.70229172706604
-3.4e+38 -3.4e+38 -3.4e+38 -3.4e+38 -3.4e+38 -3.4e+38 -3.4e+38 0.553607285022736 0.688926458358765 0.707413971424103 0.840859234333038 0.893944799900055 0.889718592166901 0.874887108802795 0.899244368076324 0.881312131881714 0.877792119979858 0.872955501079559 0.841409742832184 0.808314383029938 0.760609209537506 0.779605209827423 0.847892642021179 0.840937793254852 0.801921308040619 0.837832272052765 0.858644664287567 0.79458874464035 0.80005931854248 0.797112286090851 0.778904020786285 0.753728866577148 0.731901109218597 0.786604642868042 0.805270671844482 0.768721997737885 0.747671365737915 0.763580739498138 0.749682009220123 0.720821499824524 0.716139256954193 0.717520415782928 0.698196768760681 0.724126219749451 0.717935979366302
-3.4e+38 -3.4e+38 -3.4e+38 -3.4e+38 -3.4e+38 -3.4e+38 -3.4e+38 0.530645966529846 0.548025965690613 0.68936961889267 0.696631193161011 0.802511692047119 0.870208919048309 0.907180607318878 0.899884283542633 0.877414882183075 0.872816681861877 0.875714302062988 0.837238073348999 0.818919658660889 0.844414055347443 0.811162829399109 0.837760329246521 0.856456816196442 0.845304250717163 0.855078101158142 0.850530743598938 0.864916980266571 0.788440823554993 0.863462865352631 0.828836739063263 0.826870501041412 0.828519582748413 0.80507218837738 0.800427854061127 0.778267562389374 0.760814368724823 0.75080806016922 0.771998763084412 0.744131207466125 0.739103317260742 0.722123920917511 0.731032609939575 0.705832600593567 0.708443164825439
-3.4e+38 -3.4e+38 -3.4e+38 -3.4e+38 -3.4e+38 -3.4e+38 -3.4e+38 0.510585188865662 0.528505206108093 0.554540038108826 0.683980226516724 0.659627258777618 0.841100513935089 0.876417517662048 0.930306911468506 0.913493394851685 0.873417317867279 0.879424273967743 0.855534553527832 0.838119626045227 0.84109091758728 0.858478963375092 0.828668057918549 0.855474591255188 0.860908925533295 0.881213247776031 0.86560583114624 0.8582364320755 0.868863046169281 0.855188012123108 0.843726515769958 0.828618943691254 0.821155905723572 0.800382256507874 0.817465364933014 0.806960999965668 0.791400671005249 0.759956121444702 0.784042835235596 0.784894704818726 0.777098953723907 0.7511106133461 0.745340466499329 0.724107265472412 0.780121922492981
-3.4e+38 -3.4e+38 -3.4e+38 -3.4e+38 -3.4e+38 -3.4e+38 -3.4e+38 0.387661039829254 0.505326330661774 0.536333382129669 0.548340499401093 0.651198208332062 0.751028716564178 0.827400803565979 0.906580865383148 0.911156177520752 0.918173849582672 0.887461483478546 0.866839528083801 0.870314240455627 0.875453650951385 0.885878562927246 0.893624305725098 0.862224578857422 0.879540324211121 0.871451795101166 0.868984580039978 0.874360501766205 0.860019266605377 0.875548005104065 0.865187227725983 0.851460754871368 0.835769832134247 0.826828122138977 0.849340915679932 0.827182173728943 0.805066049098969 0.792890250682831 0.771771669387817 0.771963775157928 0.761708498001099 0.778864562511444 0.767141878604889 0.729830980300903 0.792767286300659
-3.4e+38 -3.4e+38 -3.4e+38 -3.4e+38 -3.4e+38 -3.4e+38 -3.4e+38 0.363377839326859 0.373713940382004 0.516504347324371 0.527925550937653 0.653009653091431 0.748012125492096 0.820639193058014 0.865699827671051 0.917198836803436 0.895091950893402 0.903454661369324 0.867094397544861 0.854193806648254 0.869264602661133 0.882883846759796 0.912574291229248 0.893588066101074 0.8692387342453 0.864222526550293 0.839928150177002 0.865036964416504 0.887934565544128 0.866434395313263 0.880077540874481 0.869445383548737 0.852470278739929 0.840528428554535 0.819429755210876 0.80774861574173 0.787886559963226 0.812244713306427 0.80314701795578 0.777423024177551 0.773224651813507 0.82812362909317 0.806717336177826 0.78659462928772 0.782971858978271
-3.4e+38 -3.4e+38 -3.4e+38 -3.4e+38 -3.4e+38 -3.4e+38 -3.4e+38 0.345586240291595 0.360931634902954 0.378917872905731 0.506139695644379 0.621289253234863 0.730315387248993 0.794200301170349 0.871188580989838 0.891730785369873 0.897280931472778 0.903811097145081 0.910121202468872 0.905781686306 0.906384706497192 0.894347548484802 0.898170590400696 0.881769776344299 0.883394718170166 0.874562859535217 0.869223058223724 0.880575954914093 0.874305009841919 0.892139971256256 0.878499984741211 0.892954230308533 0.8746537566185 0.85423219203949 0.883036732673645 0.873203217983246 0.85637891292572 0.838741302490234 0.816274344921112 0.848020315170288 0.843934118747711 0.825051426887512 0.822374165058136 0.798625767230988 0.791114628314972
-3.4e+38 -3.4e+38 -3.4e+38 -3.4e+38 -3.4e+38 -3.4e+38 -3.4e+38 0.314450442790985 0.33464527130127 0.302929043769836 0.464681893587112 0.594752967357635 0.678834915161133 0.790336132049561 0.835098147392273 0.883345127105713 0.907924354076385 0.9097900390625 0.913821518421173 0.921718716621399 0.883062720298767 0.901471972465515 0.892404198646545 0.894917190074921 0.905175268650055 0.898305356502533 0.886087119579315 0.851109445095062 0.897420942783356 0.878884971141815 0.895067691802979 0.876303791999817 0.870187282562256 0.884360253810883 0.873718082904816 0.855946481227875 0.872381985187531 0.87064117193222 0.879659950733185 0.844600915908813 0.855258285999298 0.847831010818481 0.828818321228027 0.81610643863678 0.854104697704315
-3.4e+38 -3.4e+38 -3.4e+38 -3.4e+38 -3.4e+38 -3.4e+38 -3.4e+38 0.0889652445912361 0.263561248779297 0.344233095645905 0.457134902477264 0.505720853805542 0.643338203430176 0.7601198554039 0.811096549034119 0.855259120464325 0.895743906497955 0.889437913894653 0.925630807876587 0.9154212474823 0.907341778278351 0.889802873134613 0.886792182922363 0.907708704471588 0.899774849414825 0.907255589962006 0.916822552680969 0.913400053977966 0.859707593917847 0.889441251754761 0.869921922683716 0.906288504600525 0.921604752540588 0.903928339481354 0.884355187416077 0.90061354637146 0.881448864936829 0.882115364074707 0.875733613967896 0.848959028720856 0.846405982971191 0.822408735752106 0.853396952152252 0.832781434059143 0.871072351932526
-339999999999999996123846586046231871488.000000000000000 -3.4e+38 -3.4e+38 -3.4e+38 -3.4e+38 -3.4e+38 -3.4e+38 0.0773872658610344 0.0802733153104782 0.241341531276703 0.331788897514343 0.46980145573616 0.618305444717407 0.732262313365936 0.821322977542877 0.860274851322174 0.871237933635712 0.886225879192352 0.909511983394623 0.91606593132019 0.890455424785614 0.906545579433441 0.892969012260437 0.892758190631866 0.909914314746857 0.890616059303284 0.900756120681763 0.904033958911896 0.920185327529907 0.899586141109467 0.898060977458954 0.908827006816864 0.926945805549622 0.921001195907593 0.905025899410248 0.897986054420471 0.900156259536743 0.885362267494202 0.879328608512878 0.864688754081726 0.852379381656647 0.8833287358284 0.861524522304535 0.859168708324432 0.851445555686951
-3.4e+38 -3.4e+38 -3.4e+38 -3.4e+38 -3.4e+38 -3.4e+38 -3.4e+38 -3.4e+38 0.0721817314624786 0.223434999585152 0.246348947286606 0.351463824510574 0.470065802335739 0.605752229690552 0.741809129714966 0.83756297826767 0.824554681777954 0.875946998596191 0.908734858036041 0.900057554244995 0.899713575839996 0.925710618495941 0.921799063682556 0.911034345626831 0.88370680809021 0.892788469791412 0.916437923908234 0.910002887248993 0.929433226585388 0.91825133562088 0.857905328273773 0.884048104286194 0.912009477615356 0.91681170463562 0.912082135677338 0.891950368881226 0.883925676345825 0.900530934333801 0.889062285423279 0.882180154323578 0.904095768928528 0.885698020458221 0.881431758403778 0.874697327613831 0.848221778869629
-3.4e+38 -3.4e+38 -3.4e+38 -3.4e+38 -3.4e+38 -3.4e+38 -3.4e+38 -3.4e+38 0.0677641034126282 0.206521585583687 0.29889789223671 0.394609153270721 0.57276451587677 0.730592608451843 0.825413644313812 0.81426590681076 0.851796388626099 0.874089121818542 0.895985186100006 0.92736428976059 0.899524092674255 0.901395797729492 0.925768196582794 0.92128723859787 0.88383823633194 0.889959990978241 0.917081892490387 0.904164791107178 0.925305187702179 0.921240329742432 0.896415710449219 0.881445109844208 0.88397091627121 0.899150252342224 0.912059605121613 0.906208097934723 0.89030784368515 0.908121645450592 0.905407249927521 0.886066555976868 0.916716456413269 0.905708968639374 0.860572695732117 0.858502089977264 0.854438483715057
-3.4e+38 -3.4e+38 -3.4e+38 -3.4e+38 -3.4e+38 -3.4e+38 -3.4e+38 -3.4e+38 0.0638422444462776 0.196675777435303 0.212085649371147 0.344913482666016 0.567412495613098 0.70064240694046 0.814190447330475 0.845997512340546 0.861427366733551 0.908835113048553 0.906240344047546 0.906576812267303 0.919991195201874 0.921355724334717 0.932271480560303 0.897839367389679 0.8965203166008 0.88903671503067 0.897493660449982 0.900437593460083 0.919082343578339 0.919326543807983 0.913767278194427 0.928439080715179 0.863942921161652 0.90178108215332 0.893622279167175 0.910055220127106 0.882624089717865 0.892188191413879 0.902881860733032 0.901528298854828 0.887144684791565 0.885303258895874 0.905973970890045 0.870154440402985 0.823572516441345
-3.4e+38 -3.4e+38 -3.4e+38 -3.4e+38 -3.4e+38 -3.4e+38 -3.4e+38 -3.4e+38 0.0682554244995117 0.210183620452881 0.233475059270859 0.338442862033844 0.455286413431168 0.590930819511414 0.822257876396179 0.881757080554962 0.870339632034302 0.86745822429657 0.896575093269348 0.927493453025818 0.934098362922668 0.92350560426712 0.926400423049927 0.912612974643707 0.892139971256256 0.882495760917664 0.868832170963287 0.896103978157043 0.919418752193451 0.914515137672424 0.912777125835419 0.933666408061981 0.904228866100311 0.86436253786087 0.878255903720856 0.846781492233276 0.924050688743591 0.913776040077209 0.904902637004852 0.924532771110535 0.925048649311066 0.910826623439789 0.892098307609558 0.866621553897858 0.848256766796112
-3.4e+38 -3.4e+38 -3.4e+38 -3.4e+38 -3.4e+38 -3.4e+38 -3.4e+38 -3.4e+38 -3.4e+38 0.203803479671478 0.216277569532394 0.323271334171295 0.448662102222443 0.594155490398407 0.809381425380707 0.884631931781769 0.908037185668945 0.888029634952545 0.892236053943634 0.942309498786926 0.947794198989868 0.93444436788559 0.915816843509674 0.928707301616669 0.916333377361298 0.874374151229858 0.880177915096283 0.90716427564621 0.904028415679932 0.926178514957428 0.926146686077118 0.910861372947693 0.911380469799042 0.813677370548248 0.815396785736084 0.853693902492523 0.902007520198822 0.923016130924225 0.919413805007935 0.906763911247253 0.926932990550995 0.923531889915466 0.875483274459839 0.862544238567352 0.856856048107147
