data/climate_estimation/maxent_output/Wurmbea_murchisoniana.asc
NCOLS 119 
NROWS 63 
XLLCORNER 114 
YLLCORNER -32.5 
CELLSIZE 0.0833333333333334 
NODATA_value -3.4e+38 
[rows 0 to 19 of 63, columns 46 to 91 of 119]
0.37173929810524 0.385059028863907 0.387348026037216 0.387930065393448 0.41084012389183 0.412395745515823 0.415875285863876 0.433990985155106 0.435352385044098 0.432832717895508 0.435805022716522 0.423196047544479 0.411681979894638 0.419436186552048 0.397574424743652 0.403123766183853 0.392423689365387 0.392073035240173 0.374634891748428 0.364334344863892 0.357955425977707 0.346343606710434 0.341749638319016 0.303087711334229 0.30288764834404 0.291250318288803 0.269149243831635 0.27265277504921 0.285216569900513 0.269280642271042 0.310648649930954 0.325648218393326 0.35035514831543 0.336332589387894 0.345710545778275 0.376211851835251 0.411637246608734 0.416195899248123 0.391529738903046 0.447091579437256 0.447598218917847 0.50143438577652 0.520181655883789 0.551235318183899 0.604526996612549 0.59291410446167
0.409792125225067 0.428349375724792 0.409852385520935 0.394749909639359 0.404226183891296 0.412185341119766 0.418764919042587 0.425319910049438 0.429480403661728 0.433130264282227 0.436713099479675 0.418872714042664 0.415028661489487 0.40830209851265 0.392714828252792 0.401308566331863 0.393016487360001 0.380218774080276 0.376981675624847 0.333320200443268 0.341596812009811 0.337485998868942 0.363458067178726 0.334703028202057 0.322783231735229 0.315893948078156 0.276901930570602 0.277280509471893 0.284079968929291 0.272019803524017 0.294768035411835 0.312802344560623 0.33141040802002 0.332214504480362 0.345385432243347 0.417132049798965 0.413451671600342 0.418470680713654 0.431777238845825 0.475614100694656 0.491949766874313 0.478372782468796 0.526148796081543 0.562445640563965 0.56327748298645 0.597696959972382
0.416007190942764 0.420710265636444 0.436471164226532 0.413692206144333 0.419342249631882 0.430764079093933 0.405408352613449 0.438396036624908 0.452762961387634 0.441631406545639 0.446377664804459 0.420087158679962 0.410460025072098 0.405026346445084 0.417907208204269 0.420924812555313 0.41224467754364 0.395668387413025 0.395546078681946 0.355723321437836 0.356287062168121 0.337035775184631 0.337701201438904 0.338993728160858 0.323411613702774 0.322573900222778 0.305223673582077 0.307437151670456 0.307028383016586 0.292437523603439 0.317479074001312 0.293252527713776 0.312128901481628 0.345224022865295 0.35416567325592 0.387041002511978 0.390001207590103 0.431207686662674 0.46434423327446 0.480270951986313 0.497758150100708 0.494187742471695 0.50570148229599 0.531446039676666 0.542190253734589 0.5821533203125
0.417783439159393 0.419126570224762 0.436663717031479 0.43043977022171 0.414648532867432 0.412259131669998 0.413931220769882 0.434312045574188 0.424538612365723 0.430780082941055 0.430160135030746 0.443000048398972 0.438391596078873 0.419523417949677 0.417907208204269 0.412650883197784 0.405515104532242 0.40168434381485 0.403968840837479 0.34661528468132 0.358388125896454 0.340045899152756 0.337035775184631 0.336392432451248 0.311265408992767 0.315148621797562 0.308648079633713 0.309867262840271 0.323709815740585 0.30993241071701 0.321413278579712 0.307092070579529 0.317733854055405 0.31393751502037 0.361853152513504 0.361631006002426 0.411934971809387 0.455512881278992 0.457704365253448 0.461792260408401 0.489486575126648 0.520733773708344 0.503741919994354 0.558791935443878 0.566934585571289 0.558791935443878
0.43233647942543 0.434540659189224 0.416586846113205 0.405467122793198 0.403120309114456 0.416182279586792 0.412603795528412 0.422593146562576 0.427225828170776 0.429918378591537 0.427098959684372 0.430269569158554 0.42696338891983 0.418617486953735 0.428393959999084 0.414915651082993 0.412729859352112 0.39804220199585 0.379960536956787 0.353636622428894 0.3518286049366 0.359995514154434 0.355540364980698 0.353100776672363 0.322579175233841 0.318425238132477 0.33689934015274 0.333624482154846 0.342523038387299 0.329221546649933 0.326421707868576 0.313133031129837 0.324281692504883 0.327373921871185 0.340432077646255 0.38713127374649 0.388753324747086 0.416529715061188 0.428779631853104 0.469059437513351 0.475780457258224 0.503346920013428 0.514675498008728 0.523274183273315 0.570687830448151 0.576483607292175
0.46241220831871 0.441088169813156 0.438622802495956 0.455856293439865 0.40476256608963 0.397974610328674 0.407965958118439 0.421268731355667 0.419717133045197 0.420682519674301 0.424820572137833 0.426527351140976 0.42432627081871 0.424187749624252 0.427727043628693 0.424868792295456 0.420364409685135 0.372443735599518 0.379730224609375 0.363801896572113 0.364924758672714 0.358827173709869 0.358827173709869 0.359942317008972 0.370056331157684 0.335962653160095 0.339899718761444 0.317227751016617 0.330270916223526 0.335542380809784 0.316211253404617 0.33097118139267 0.338102012872696 0.340082317590714 0.353286623954773 0.39047384262085 0.394844591617584 0.398604422807693 0.442976057529449 0.451487153768539 0.482780545949936 0.506330370903015 0.529899716377258 0.539265334606171 0.57593184709549 0.578414082527161
0.478580683469772 0.474560260772705 0.435266613960266 0.452848374843597 0.415782481431961 0.420969486236572 0.402316302061081 0.422474205493927 0.420064330101013 0.433107167482376 0.437812566757202 0.437476396560669 0.42266857624054 0.450881958007812 0.449869364500046 0.426251202821732 0.419543117284775 0.374946653842926 0.372670978307724 0.378906816244125 0.367911249399185 0.389095306396484 0.392448961734772 0.387162566184998 0.359863996505737 0.360926747322083 0.332955807447433 0.334430247545242 0.355146080255508 0.350536346435547 0.375025033950806 0.345495969057083 0.362518161535263 0.375948816537857 0.405521810054779 0.417820245027542 0.413794219493866 0.421487420797348 0.455549359321594 0.469927042722702 0.501836001873016 0.504740178585052 0.536551356315613 0.547317326068878 0.550310075283051 0.591288387775421
0.504128098487854 0.502877295017242 0.478580683469772 0.45008909702301 0.446851879358292 0.415214568376541 0.42681285738945 0.408105820417404 0.410612106323242 0.413735091686249 0.44811823964119 0.439789175987244 0.440654426813126 0.446396291255951 0.445778399705887 0.446225672960281 0.438841372728348 0.405330210924149 0.397978007793427 0.397821992635727 0.390071898698807 0.399082720279694 0.400104522705078 0.393567204475403 0.368962466716766 0.376077830791473 0.353698045015335 0.355082303285599 0.360004514455795 0.369061678647995 0.380822360515594 0.368036389350891 0.370505422353745 0.383123070001602 0.384400010108948 0.391149342060089 0.432793766260147 0.478843301534653 0.474853217601776 0.470846831798553 0.505433678627014 0.541499316692352 0.563419878482819 0.562136054039001 0.599973738193512 0.593973577022552
0.529508292675018 0.523973107337952 0.492213398218155 0.48718923330307 0.465184420347214 0.453910231590271 0.41692578792572 0.41692578792572 0.434670209884644 0.432112514972687 0.434211790561676 0.438671886920929 0.439789175987244 0.447907477617264 0.454218834638596 0.460661053657532 0.45773246884346 0.453275203704834 0.452766954898834 0.42328929901123 0.411850452423096 0.412424206733704 0.412091434001923 0.376769483089447 0.378747433423996 0.389921367168427 0.351303935050964 0.362585514783859 0.380805730819702 0.382134169340134 0.404733151197433 0.402497261762619 0.390377134084702 0.39200159907341 0.408517390489578 0.415301203727722 0.456516474485397 0.486940860748291 0.488884598016739 0.515060365200043 0.536146700382233 0.570259928703308 0.583603203296661 0.612876832485199 0.624470710754395 0.61845862865448
0.568166971206665 0.534055769443512 0.493958115577698 0.491260588169098 0.457083970308304 0.461028605699539 0.451569467782974 0.424793392419815 0.419733196496964 0.440630048513412 0.443254351615906 0.453784495592117 0.448777705430984 0.450807601213455 0.45586696267128 0.464367836713791 0.46091628074646 0.461682111024857 0.457855999469757 0.46206271648407 0.436012178659439 0.429037421941757 0.420989036560059 0.388970673084259 0.400000512599945 0.397412866353989 0.382074594497681 0.384818881750107 0.397158324718475 0.409745454788208 0.405346512794495 0.383297771215439 0.396773725748062 0.396773725748062 0.410547524690628 0.452752113342285 0.46953621506691 0.503642737865448 0.510264456272125 0.527794003486633 0.536338269710541 0.575116693973541 0.58772474527359 0.593760907649994 0.640985906124115 0.64208459854126
0.562505900859833 0.518151581287384 0.535063207149506 0.482684642076492 0.49185049533844 0.435644537210464 0.445178747177124 0.461701393127441 0.422525316476822 0.449381470680237 0.481531411409378 0.46039280295372 0.462429702281952 0.454841673374176 0.455990105867386 0.4544717669487 0.466283470392227 0.467161387205124 0.467051386833191 0.435570180416107 0.430030077695847 0.445688724517822 0.448321551084518 0.450969159603119 0.404836028814316 0.418547570705414 0.398680120706558 0.398914098739624 0.404802650213242 0.433187901973724 0.388107061386108 0.413268685340881 0.41460120677948 0.427542865276337 0.433795124292374 0.463419198989868 0.477911949157715 0.509535551071167 0.517523050308228 0.56156599521637 0.604307353496552 0.617013692855835 0.616799771785736 0.666527509689331 0.692302763462067 0.712264001369476
0.547562718391418 0.556977868080139 0.519307971000671 0.528684377670288 0.731396794319153 0.438835769891739 0.42696824669838 0.431493192911148 0.418056905269623 0.460591465234756 0.470150589942932 0.453290343284607 0.45620921254158 0.45964390039444 0.476790219545364 0.472408980131149 0.474469691514969 0.496624439954758 0.487310796976089 0.453348577022552 0.452593922615051 0.466048032045364 0.452864229679108 0.463123142719269 0.449267953634262 0.45578870177269 0.401256561279297 0.429980903863907 0.405148804187775 0.384093254804611 0.4102763235569 0.412554770708084 0.429441720247269 0.404544174671173 0.439289182424545 0.471068114042282 0.482036948204041 0.517947137355804 0.53393816947937 0.581615209579468 0.630652844905853 0.66278201341629 0.678744673728943 0.70981776714325 0.714067935943604 0.71675831079483
0.583126425743103 0.842752397060394 0.809345483779907 0.534840762615204 0.735671162605286 0.673282027244568 0.694733142852783 0.723899960517883 0.724169611930847 0.460591465234756 0.467864036560059 0.487925708293915 0.494093805551529 0.459740817546844 0.459740817546844 0.490861117839813 0.486529529094696 0.498269498348236 0.475084125995636 0.473294705152512 0.469975173473358 0.475421339273453 0.48125946521759 0.483850955963135 0.47063872218132 0.458057522773743 0.429114103317261 0.441433519124985 0.424519091844559 0.410114377737045 0.412472099065781 0.431464612483978 0.403297394514084 0.402756124734879 0.425769418478012 0.469076931476593 0.471609860658646 0.516375660896301 0.566556096076965 0.604869723320007 0.637779891490936 0.678611159324646 0.69008594751358 0.732642948627472 0.77712208032608 0.768023550510406
0.866147339344025 0.833932042121887 0.841370642185211 0.832656145095825 0.782858431339264 0.738593578338623 0.744646668434143 0.767382681369781 0.767896890640259 0.473991125822067 0.482048332691193 0.480137705802917 0.496711522340775 0.493140757083893 0.514560043811798 0.533867061138153 0.505194008350372 0.515786170959473 0.512877404689789 0.510762989521027 0.489121943712234 0.484978497028351 0.48808553814888 0.466866672039032 0.468858629465103 0.470384329557419 0.482208222150803 0.486778885126114 0.464190781116486 0.476095676422119 0.430462121963501 0.437479853630066 0.423490941524506 0.428946197032928 0.443457454442978 0.452780574560165 0.462214827537537 0.497737884521484 0.559205710887909 0.623613893985748 0.676510393619537 0.695462942123413 0.740995347499847 0.792910039424896 0.826532065868378 0.796054840087891
0.87205171585083 0.86425107717514 0.885608434677124 0.867375612258911 0.828416347503662 0.793031334877014 0.793277204036713 0.769692659378052 0.496020674705505 0.518493950366974 0.520628452301025 0.524281859397888 0.502396523952484 0.500904023647308 0.536085605621338 0.53447699546814 0.543482601642609 0.526538491249084 0.52467554807663 0.540169060230255 0.500491142272949 0.497625112533569 0.503359317779541 0.513274312019348 0.482573509216309 0.490226298570633 0.495608538389206 0.501471817493439 0.500425100326538 0.479819416999817 0.500992476940155 0.458084315061569 0.461834639310837 0.444924145936966 0.444679617881775 0.412411361932755 0.444365173578262 0.50362092256546 0.555558621883392 0.613215804100037 0.631559669971466 0.713491141796112 0.756814956665039 0.83167552947998 0.834548950195312 0.82573938369751
0.922034740447998 0.906462788581848 0.911726534366608 0.903680145740509 0.874270617961884 0.82969057559967 0.803266167640686 0.813063561916351 0.840978801250458 0.560990452766418 0.560810983181 0.529286861419678 0.549953460693359 0.566043555736542 0.523809790611267 0.539571344852448 0.559427559375763 0.554552555084229 0.529249310493469 0.540481686592102 0.559291064739227 0.574791014194489 0.569268882274628 0.54592376947403 0.562363803386688 0.555601000785828 0.555269539356232 0.56247466802597 0.576112926006317 0.519028842449188 0.511609017848969 0.509511053562164 0.495671510696411 0.485777795314789 0.471414029598236 0.476551562547684 0.433504581451416 0.476958394050598 0.528337895870209 0.616759657859802 0.660978019237518 0.754550635814667 0.818720579147339 0.84026837348938 0.860095918178558 0.890145778656006
0.931077897548676 0.934993088245392 0.927200496196747 0.925148844718933 0.899243235588074 0.883636474609375 0.845519721508026 0.860104978084564 0.579718828201294 0.587270617485046 0.563546597957611 0.548965513706207 0.55030220746994 0.563321888446808 0.560393393039703 0.546768665313721 0.564300119876862 0.564841330051422 0.533233761787415 0.566094875335693 0.573644816875458 0.580373644828796 0.601384222507477 0.606113910675049 0.589625775814056 0.574211597442627 0.569598972797394 0.585396111011505 0.581344068050385 0.542992234230042 0.519483327865601 0.519483327865601 0.52954375743866 0.493469297885895 0.510852813720703 0.483112335205078 0.451001971960068 0.457350134849548 0.531376779079437 0.614069283008575 0.691877067089081 0.770600974559784 0.82420825958252 0.845378339290619 0.87480628490448 0.893186926841736
0.935895681381226 0.947961151599884 0.959715902805328 0.960616767406464 0.928289115428925 0.90517669916153 0.891421973705292 0.891347646713257 0.898597717285156 0.617549300193787 0.633650362491608 0.585132598876953 0.586304783821106 0.572251737117767 0.573069155216217 0.589712381362915 0.570493280887604 0.590741991996765 0.613177239894867 0.620538830757141 0.622176468372345 0.59149295091629 0.610766589641571 0.598403871059418 0.611039996147156 0.614300310611725 0.585699141025543 0.581616401672363 0.594500124454498 0.540352404117584 0.556456685066223 0.533277153968811 0.523175120353699 0.514491319656372 0.506973564624786 0.495579093694687 0.492376446723938 0.466134250164032 0.567407965660095 0.613863050937653 0.65999561548233 0.757077157497406 0.795133650302887 0.829747021198273 0.878203868865967 0.901343762874603
0.946992337703705 0.957590043544769 0.960483253002167 0.966264486312866 0.956820130348206 0.940860211849213 0.916640996932983 0.932417690753937 0.664044141769409 0.641851305961609 0.661237418651581 0.626392364501953 0.589465498924255 0.610133826732635 0.648139834403992 0.618003845214844 0.620218455791473 0.633982300758362 0.659175038337708 0.67138534784317 0.637972176074982 0.647647202014923 0.62166428565979 0.618677794933319 0.617318511009216 0.617591023445129 0.5870760679245 0.5942502617836 0.593705713748932 0.54221510887146 0.567582666873932 0.568929016590118 0.540154933929443 0.551831603050232 0.51838344335556 0.532400786876678 0.510880410671234 0.526120245456696 0.555707454681396 0.59121572971344 0.667509377002716 0.73770546913147 0.798965275287628 0.836532592773438 0.866371691226959 0.885182619094849
0.960377156734467 0.963713705539703 0.962310135364532 0.967561602592468 0.962941110134125 0.953351438045502 0.94864559173584 0.951882719993591 0.667368829250336 0.943585097789764 0.666059911251068 0.692108392715454 0.650093376636505 0.667755126953125 0.635481417179108 0.643998980522156 0.628662824630737 0.635208487510681 0.653869330883026 0.674882769584656 0.701761066913605 0.678275585174561 0.661343216896057 0.643175303936005 0.641277670860291 0.639105975627899 0.623453795909882 0.630264222621918 0.610015153884888 0.615727365016937 0.618322193622589 0.588600099086761 0.592661440372467 0.596336781978607 0.576480686664581 0.572038233280182 0.590765237808228 0.573631048202515 0.58641654253006 0.607331156730652 0.6871098279953 0.70768016576767 0.757404565811157 0.834444344043732 0.846690893173218 0.849996387958527
