data/climate_estimation/maxent_output/Wurmbea_stricta.asc
NCOLS 99 
NROWS 57 
XLLCORNER 17.4166666666667 
YLLCORNER -34.75 
CELLSIZE 0.0833333333333333 
NODATA_value -3.4e+38 
[rows 0 to 18 of 57, columns 0 to 43 of 99]
0.479153305292130 0.510611116886139 0.511218905448914 0.913711369037628 0.905466020107269 0.992914438247681 0.938164174556732 0.928073465824127 0.849802434444427 0.849234998226166 0.706496238708496 0.526186048984528 0.383127897977829 0.222030445933342 0.1889987885952 0.1272342056036 0.110198117792606 0.0735672786831856 0.0554382279515266 0.0477175377309322 0.0379258319735527 0.044475182890892 0.000656846910715103 0.000630170165095478 0.000169359191204421 0.000168138460139744 0.000192261737538502 0.000121024160762317 0.000216999935219064 0.000133240304421633 0.000146207486977801 0.000172115411260165 0.000192545907339081 0.000274104619165882 0.000254793820204213 0.000231679892749526 0.000293684337520972 0.000252426310908049 0.000312681338982657 0.000292225216981024 0.000415910559240729 0.0008848657598719 0.000981326098553836 0.00105177506338805
0.49684876203537 0.484145909547806 0.472062259912491 0.931243062019348 0.983571827411652 0.97668993473053 0.883957505226135 0.863177180290222 0.834032297134399 0.85901665687561 0.678636193275452 0.480258762836456 0.456057608127594 0.296730369329453 0.204057916998863 0.163757562637329 0.126742944121361 0.106450915336609 0.0712588801980019 0.0518543310463428 0.053000446408987 0.0354108512401581 0.0449939593672752 0.000584306195378304 0.000156598267494701 0.000128621148178354 0.000142107528517954 0.000147889339132234 0.000177800058736466 0.000192949824850075 0.000118915551865939 0.000144226782140322 0.000188239981071092 0.000428087252657861 0.00021055422257632 0.000246545794652775 0.000239728906308301 0.000361811311449856 0.00026365794474259 0.000283691653748974 0.000327422661939636 0.000334743206622079 0.000424609868787229 0.000445546029368415
0.432938426733017 0.429107427597046 0.420517355203629 0.907317638397217 0.9847771525383 0.969153106212616 0.840985536575317 0.757217943668365 0.767590284347534 0.76567816734314 0.669556975364685 0.630663514137268 0.53078830242157 0.355948925018311 0.238371789455414 0.197219282388687 0.159254848957062 0.126650422811508 0.103719547390938 0.0767955556511879 0.0446676500141621 0.0524633266031742 0.038888543844223 0.0378842949867249 0.000591023243032396 0.000139564523124136 0.000157278933329508 0.000171189254615456 0.000211008926271461 0.000212833459954709 0.000184672244358808 0.000315242563374341 0.000159959323354997 0.000161155781825073 0.00018922405433841 0.000216828528209589 0.000226633725105785 0.000222503411350772 0.000243587011937052 0.000329057686030865 0.000318726233672351 0.000333819160005078 0.000423578516347334 0.000354344316292554
0.419177204370499 0.433337420225143 0.408507198095322 0.862507224082947 0.859838664531708 0.960137844085693 0.895677983760834 0.735413074493408 0.667013347148895 0.5629563331604 0.562992870807648 0.57317191362381 0.530781507492065 0.387602776288986 0.347642987966537 0.216322660446167 0.178337261080742 0.17084912955761 0.121810488402843 0.0936226844787598 0.0755213722586632 0.0574513413012028 0.0504134632647038 0.0447810143232346 0.0353426598012447 0.000606337445788085 0.00013539512292482 0.000145919242640957 0.000132719855173491 0.000183555806870572 0.000224794508540072 0.000251682038651779 0.000230607256526127 0.000134888512548059 0.000353619572706521 0.000166648547747172 0.000155311441631056 0.000290961237624288 0.000213820516364649 0.000691150489728898 0.000383387261535972 0.000335104239638895 0.000739122624509037 0.00091546040493995
0.428601890802383 0.431025177240372 0.398435771465302 0.882110476493835 0.849696695804596 0.959770143032074 0.938763022422791 0.729634046554565 0.52868914604187 0.63101714849472 0.640368580818176 0.538045644760132 0.55850213766098 0.452395796775818 0.344134122133255 0.275107860565186 0.211853295564651 0.207384899258614 0.145594149827957 0.127345770597458 0.0903438404202461 0.0624078027904034 0.0526016801595688 0.0495405532419682 0.0465314239263535 0.047417975962162 0.000601312378421426 0.000153561137267388 0.000151660598930903 0.00012901914305985 0.00019310720381327 0.000234751438256353 0.000249726028414443 0.000244223308982328 0.000338910176651552 0.000301004125503823 0.000233383849263191 0.000591425749007612 0.000737344904337078 0.00074002577457577 0.000725092191714793 0.000953821872826666 0.000719864445272833 0.000946904066950083
0.406309366226196 0.386392891407013 0.412487179040909 0.380041688680649 0.865155577659607 0.807696282863617 0.969534993171692 0.939039409160614 0.627674043178558 0.680528700351715 0.637327611446381 0.669441699981689 0.619684159755707 0.523369967937469 0.455185532569885 0.370490849018097 0.292073935270309 0.209846347570419 0.185625284910202 0.160389602184296 0.134578973054886 0.095836415886879 0.0708910524845123 0.0530200302600861 0.0562916100025177 0.0454127117991447 0.0473102368414402 0.000593723671045154 0.000149446175782941 0.000137934606755152 0.000188979640370235 0.000195662636542693 0.000255140766967088 0.000237190062762238 0.00029972373158671 0.000333510630298406 0.000193837026017718 0.000265461858361959 0.000219534544157796 0.000244570343056694 0.000333787640556693 0.000237598374951631 0.000633320538327098 0.000701342010870576
0.377598643302917 0.384459376335144 0.388885766267776 0.380066722631454 0.357200801372528 0.817034959793091 0.823078095912933 0.811871111392975 0.880070865154266 0.910646140575409 0.857927083969116 0.766148865222931 0.788321673870087 0.624828398227692 0.487867802381516 0.49297297000885 0.366563737392426 0.3244389295578 0.251016199588776 0.240059807896614 0.152010217308998 0.0940088182687759 0.0939101129770279 0.0702810883522034 0.0525774024426937 0.0503823459148407 0.055204514414072 0.0594322681427002 0.00054582831216976 0.000177350113517605 0.000160289637278765 0.000174180677277036 0.000186857869266532 0.000227272161282599 0.000286426104139537 0.000268172501819208 0.000396139541408047 0.000370019348338246 0.000503700226545334 0.000259598979027942 0.000353310664650053 0.00031887338263914 0.000921336584724486 0.000966312363743782
0.0976200848817825 0.371404647827148 0.363231956958771 0.346639961004257 0.329345673322678 0.822133958339691 0.823837161064148 0.770143568515778 0.906520843505859 0.839770495891571 0.830026566982269 0.828376770019531 0.790893733501434 0.69383692741394 0.529594242572784 0.479318529367447 0.460291355848312 0.395594477653503 0.311761647462845 0.274721473455429 0.197918102145195 0.136843264102936 0.116527624428272 0.0887831076979637 0.0768966525793076 0.0577474273741245 0.0561851225793362 0.0600713975727558 0.0482666753232479 0.000572652381379157 0.000809126882813871 0.000180185816134326 0.000206217300728895 0.000246221519773826 0.000282254215562716 0.000315852696076035 0.000451087660621852 0.000349344307323918 0.000386018888093531 0.000381444639060646 0.000576093967538327 0.000726547499652952 0.00096928927814588 0.000671138754114509
0.093903087079525 0.35896509885788 0.36111181974411 0.343751490116119 0.31476104259491 0.314068675041199 0.33021554350853 0.30423691868782 0.777997672557831 0.661427438259125 0.735647737979889 0.605916082859039 0.569211363792419 0.75228488445282 0.757838785648346 0.66179347038269 0.527727782726288 0.436038821935654 0.342924118041992 0.327267438173294 0.258089661598206 0.220931813120842 0.162013545632362 0.116698831319809 0.090622790157795 0.0830097943544388 0.062042098492384 0.0560887679457664 0.0562093779444695 0.053365059196949 0.000639592646621168 0.000163192336913198 0.000175598965142854 0.000231979007367045 0.000258954794844612 0.000280667416518554 0.000281813961919397 0.000362219114322215 0.00053811987163499 0.000485672673676163 0.000651781854685396 0.000790292979218066 0.000557846389710903 0.00086365983588621
-3.4e+38 0.0871221870183945 0.0880592986941338 0.0852961763739586 0.343140035867691 0.322140544652939 0.311151415109634 0.305445343255997 0.298320949077606 0.297655522823334 0.279033243656158 0.738797843456268 0.652013659477234 0.851567924022675 0.818663656711578 0.769646108150482 0.726586282253265 0.684471070766449 0.566265881061554 0.432208627462387 0.346882790327072 0.269711345434189 0.206466987729073 0.160559237003326 0.123967215418816 0.110195063054562 0.0806582644581795 0.0757281556725502 0.0670110955834389 0.0572318993508816 0.000789981801062822 0.000743590178899467 0.00089464511256665 0.000260507164057344 0.00025101748178713 0.000304583663819358 0.000324307009577751 0.000345936190569773 0.000471598963486031 0.000511944235768169 0.000650138885248452 0.000468528072815388 0.000571385491639376 0.00079193915007636
-3.4e+38 0.0899309292435646 0.0836454257369041 0.304757237434387 0.299597978591919 0.292234271764755 0.0689192041754723 0.259782940149307 0.294997185468674 0.297182887792587 0.310546934604645 0.289497524499893 0.765363335609436 0.585916340351105 0.81985467672348 0.581165552139282 0.594644665718079 0.495872586965561 0.413680195808411 0.317449182271957 0.466472059488297 0.382439106702805 0.259039312601089 0.223648190498352 0.158427461981773 0.12571918964386 0.0997009053826332 0.0838074237108231 0.0818920955061913 0.0667795762419701 0.0591372847557068 0.000795847561676055 0.000848180497996509 0.000294116151053458 0.000262076529907063 0.000287311821011826 0.00036072451621294 0.00037289405008778 0.000326845329254866 0.000601627980358899 0.000451113417511806 0.000594295212067664 0.000694649235811085 0.000716135313268751
-3.4e+38 -3.4e+38 0.0906845331192017 0.0769075453281403 0.0697188973426819 0.269553661346436 0.244359269738197 0.0579407177865505 0.272273063659668 0.304875761270523 0.327208638191223 0.337388813495636 0.301744550466537 0.254577696323395 0.240689620375633 0.658368051052094 0.501453638076782 0.451381981372833 0.379527747631073 0.424666285514832 0.635437965393066 0.496226757764816 0.381188094615936 0.262747466564178 0.223865017294884 0.183536857366562 0.105906344950199 0.105655856430531 0.0841469019651413 0.0882790237665176 0.0700482055544853 0.000887310889083892 0.000819038134068251 0.00113699596840888 0.000234258841373958 0.000307272392092273 0.000333309668349102 0.000353747425833717 0.000439264869783074 0.000612494128290564 0.000601753301452845 0.000523088790941983 0.000559421314392239 0.000586431997362524
-3.4e+38 -3.4e+38 -3.4e+38 0.0843686684966087 0.0755784288048744 0.268692940473557 0.259223163127899 0.0646142289042473 0.0694932863116264 0.327139794826508 0.336770057678223 0.307872980833054 0.262573838233948 0.316071391105652 0.302468657493591 0.305622726678848 0.231630742549896 0.210055842995644 0.190887778997421 0.439757764339447 0.674851417541504 0.643888533115387 0.459636747837067 0.323955237865448 0.265326589345932 0.21734444797039 0.177835628390312 0.116187766194344 0.0927285626530647 0.109751679003239 0.0833434760570526 0.000891071453224868 0.00102138018701226 0.00103034172207117 0.00129697937518358 0.00139149953611195 0.000361336133209988 0.000377618795027956 0.00041906101978384 0.00037780255661346 0.000540295615792274 0.000528436037711799 0.000465127115603536 0.000554669997654855
-3.4e+38 -3.4e+38 -3.4e+38 0.0874219089746475 0.0783574804663658 0.0755743384361267 0.0772272720932961 0.0793943703174591 0.320378422737122 0.3287653028965 0.340444445610046 0.333777636289597 0.392675668001175 0.322441607713699 0.327158987522125 0.249493643641472 0.286631554365158 0.23359914124012 0.735328912734985 0.644983053207397 0.783892095088959 0.386917322874069 0.62802255153656 0.4593725502491 0.326844394207001 0.277993887662888 0.181437358260155 0.163119629025459 0.133708164095879 0.101106464862823 0.0801151543855667 0.100290529429913 0.00115444080438465 0.00084294454427436 0.00111428194213659 0.00105260347481817 0.00125347403809428 0.000268455740297213 0.000491098558995873 0.000395272276364267 0.000490693550091237 0.000411233340855688 0.000511334976181388 0.000476957182399929
-3.4e+38 -3.4e+38 -3.4e+38 -3.4e+38 0.0837308019399643 0.0831433460116386 0.0831670463085175 0.0842790827155113 0.0852225795388222 0.359117478132248 0.332323014736176 0.365897595882416 0.374248683452606 0.389290064573288 0.347826033830643 0.320080906152725 0.272504091262817 0.263191401958466 0.7452192902565 0.905871689319611 0.655523657798767 0.533928453922272 0.392471194267273 0.612082958221436 0.437656581401825 0.317589223384857 0.237302005290985 0.185274794697762 0.13991679251194 0.137909859418869 0.110165804624557 0.1172841116786 0.0958207845687866 0.00101449689827859 0.00110483635216951 0.00117956241592765 0.00118274486158043 0.0016679601976648 0.00199572183191776 0.000495378102641553 0.000489040859974921 0.000398177100578323 0.000575273996219039 0.000547621282748878
-339999999999999996123846586046231871488.000000000000000 -3.4e+38 -3.4e+38 -3.4e+38 -3.4e+38 0.0842790752649307 0.0849920362234116 0.0828482434153557 0.345462530851364 0.369005799293518 0.365808576345444 0.388562083244324 0.421949297189713 0.401801556348801 0.352345585823059 0.297405809164047 0.287898808717728 0.263811498880386 0.751985132694244 0.880651354789734 0.868125081062317 0.607949435710907 0.763738930225372 0.658326327800751 0.615074813365936 0.353692650794983 0.317552000284195 0.216158822178841 0.150357618927956 0.138435617089272 0.130163133144379 0.117985539138317 0.112216427922249 0.000975330360233784 0.00115967344027013 0.00122720433864743 0.00125784741248935 0.00108491186983883 0.00128625112120062 0.00164006953127682 0.000476614222861826 0.000473677268018946 0.000602652260567993 0.000556178449187428
-3.4e+38 -3.4e+38 -3.4e+38 -3.4e+38 -3.4e+38 0.0914546400308609 0.0844515115022659 0.0881049558520317 0.0888713970780373 0.360792249441147 0.369598358869553 0.36665552854538 0.4078129529953 0.401646465063095 0.365584313869476 0.312618762254715 0.291108578443527 0.253041326999664 0.255935549736023 0.915314733982086 0.892110586166382 0.887226641178131 0.828108251094818 0.625790357589722 0.501802504062653 0.402207583189011 0.26427373290062 0.218834176659584 0.114976689219475 0.125675141811371 0.165492027997971 0.123695366084576 0.131886079907417 0.101700507104397 0.00101543264463544 0.00111922167707235 0.0013964845566079 0.00116419466212392 0.00128030078485608 0.00167999800760299 0.00188214611262083 0.000499428599141538 0.000628151639830321 0.000614167249295861
-3.4e+38 -3.4e+38 -3.4e+38 -3.4e+38 -3.4e+38 -3.4e+38 0.09227205067873 0.0903919637203217 0.0943406820297241 0.0995052233338356 0.106312595307827 0.409523695707321 0.407766163349152 0.409156411886215 0.35144254565239 0.313729077577591 0.278070002794266 0.252119868993759 0.240612849593163 0.917238295078278 0.913172423839569 0.893060803413391 0.81801825761795 0.66583263874054 0.613775551319122 0.42739263176918 0.322978794574738 0.281999349594116 0.236160337924957 0.152820885181427 0.131076738238335 0.139283493161201 0.123875506222248 0.0983813032507896 0.00117465772200376 0.00111240346450359 0.00113999843597412 0.00138194742612541 0.00147575559094548 0.00162867410108447 0.00147274637129158 0.00186505622696131 0.000538474647328258 0.000591793388593942
-3.4e+38 -3.4e+38 -3.4e+38 -3.4e+38 -3.4e+38 -3.4e+38 -3.4e+38 0.0955639183521271 0.0978788956999779 0.105342000722885 0.103132985532284 0.106189541518688 0.101588532328606 0.101465225219727 0.350052028894424 0.302817046642303 0.267850935459137 0.243866175413132 0.747417569160461 0.915816009044647 0.905558228492737 0.909585297107697 0.86596018075943 0.693852961063385 0.595958530902863 0.491302967071533 0.407987356185913 0.322759002447128 0.274608492851257 0.18828421831131 0.169286459684372 0.138634517788887 0.137370079755783 0.0574817135930061 0.066289946436882 0.000850148615427315 0.000877845915965736 0.00111177423968911 0.00121505523566157 0.00118801393546164 0.00139576324727386 0.00159031024668366 0.000402575038606301 0.000358224264346063
