data/climate_estimation/maxent_output/Wurmbea_elongata.asc
NCOLS 94 
NROWS 43 
XLLCORNER 18.3333333333333 
YLLCORNER -33.5 
CELLSIZE 0.0833333333333333 
NODATA_value -3.4e+38 
[rows 19 to 37 of 43, columns 0 to 42 of 94]
0.0531583614647388 0.0534044206142426 0.0576113387942314 0.172250524163246 0.179426267743111 0.196318164467812 0.195814102888107 0.439656496047974 0.969081103801727 0.926545977592468 0.945326328277588 0.865941166877747 0.672588646411896 0.531167149543762 0.374012410640717 0.263432562351227 0.180041790008545 0.135725423693657 0.0813225656747818 0.0654924511909485 0.0522607192397118 0.0516200698912144 0.0276806391775608 0.0345350913703442 0.00787432864308357 0.00875047780573368 0.0127438856288791 0.0163036528974771 0.0183230265974998 0.0259962156414986 0.0348200239241123 0.0249379966408014 0.0216824486851692 0.0319804251194 0.0262944418936968 0.036107175052166 0.0427181795239449 0.0580170229077339 0.0592024698853493 0.0520352572202682 0.0749313160777092 0.057795125991106 0.0457153916358948
0.133363023400307 0.0509201884269714 0.140618592500687 0.156267404556274 0.169993847608566 0.182877823710442 0.194796070456505 0.780144333839417 0.96274209022522 0.987603902816772 0.936979353427887 0.811401844024658 0.823935687541962 0.557713449001312 0.478629857301712 0.303151577711105 0.183411210775375 0.155616953969002 0.0793185085058212 0.0892235860228539 0.050464179366827 0.0357993096113205 0.0416234284639359 0.0267183259129524 0.00854250509291887 0.00956660695374012 0.0124530252069235 0.0105815017595887 0.015863474458456 0.0206503793597221 0.0233073011040688 0.0186396911740303 0.0177945494651794 0.0222090370953083 0.0259825419634581 0.0266487319022417 0.0304639805108309 0.030395146459341 0.0454512611031532 0.074649803340435 0.0605845041573048 0.0534012094140053 0.0359983183443546
0.123887501657009 0.130129128694534 0.136708155274391 0.145689696073532 0.168203935027122 0.842694818973541 0.452222496271133 0.775854349136353 0.956091225147247 0.961665630340576 0.947098612785339 0.898281812667847 0.647595822811127 0.486170291900635 0.540059387683868 0.377072215080261 0.255021095275879 0.13857164978981 0.106241025030613 0.0901571959257126 0.0451687797904015 0.0318337455391884 0.0427219234406948 0.0321510843932629 0.0405630320310593 0.00979646481573582 0.010633965022862 0.013582612387836 0.0143225081264973 0.0181934759020805 0.0211693402379751 0.0153574524447322 0.0193652212619781 0.0222991462796926 0.0244959145784378 0.0213053487241268 0.0286751892417669 0.0270350240170956 0.0493675321340561 0.0391257517039776 0.0342994555830956 0.0509846694767475 0.040316067636013
0.118127755820751 0.32515162229538 0.361953437328339 0.394680917263031 0.971807539463043 0.979010045528412 0.80348402261734 0.753440141677856 0.708709299564362 0.696816980838776 0.926327407360077 0.915241181850433 0.650524854660034 0.516703605651855 0.312018692493439 0.244676619768143 0.119938127696514 0.166446223855019 0.125851064920425 0.0737686082720757 0.0542633049190044 0.0489726401865482 0.0372345186769962 0.0326734073460102 0.0313168950378895 0.00754407420754433 0.00912577845156193 0.00916368514299393 0.0100282598286867 0.014072448015213 0.0159524660557508 0.0191876590251923 0.0160677600651979 0.0202595703303814 0.0146397529169917 0.0232930202037096 0.0224081538617611 0.0213285908102989 0.0396970100700855 0.034994799643755 0.0373274460434914 0.0452319942414761 0.0322472490370274
0.300698161125183 0.334210753440857 0.73019015789032 0.418943583965302 0.811466336250305 0.819701671600342 0.751398324966431 0.687958300113678 0.635130286216736 0.625930726528168 0.622261762619019 0.883349061012268 0.615939617156982 0.549829959869385 0.146417826414108 0.347843617200851 0.135122552514076 0.123298615217209 0.124328844249249 0.0849980786442757 0.0548275299370289 0.0467869713902473 0.04771588742733 0.0176624972373247 0.0118180541321635 0.0125065324828029 0.00983821786940098 0.00680432328954339 0.00983957480639219 0.00963504705578089 0.0128132328391075 0.0195302292704582 0.013776614330709 0.0138420360162854 0.0136034768074751 0.0191576182842255 0.0156878121197224 0.0199268907308578 0.0271453019231558 0.03287747874856 0.0359699837863445 0.0334360599517822 0.0419686287641525
0.31663316488266 0.347238302230835 0.752123475074768 0.958361685276031 0.814444541931152 0.966426074504852 0.956460058689117 0.641880989074707 0.617411255836487 0.580578863620758 0.218884721398354 0.564103305339813 0.57405686378479 0.556428730487823 0.216950237751007 0.242456093430519 0.182836696505547 0.0551275014877319 0.0580723360180855 0.112000472843647 0.0946618840098381 0.0486213453114033 0.0559057705104351 0.0369235910475254 0.014089846983552 0.0328225903213024 0.00798858143389225 0.00655705295503139 0.00972373317927122 0.0100737875327468 0.010110973380506 0.0134826861321926 0.0128201078623533 0.0107955588027835 0.0102207520976663 0.0148260938003659 0.0162592232227325 0.0188951715826988 0.019250987097621 0.0275428686290979 0.0285802278667688 0.0299600642174482 0.0329900942742825
0.319057554006577 0.721573829650879 0.761161148548126 0.963836312294006 0.994168519973755 0.755998432636261 0.988300740718842 0.978405892848969 0.861182153224945 0.851447463035583 0.514534771442413 0.486323475837708 0.473261594772339 0.499456107616425 0.195223167538643 0.178486406803131 0.078636422753334 0.10834751278162 0.0588898099958897 0.0516788475215435 0.073477990925312 0.0564046874642372 0.047295618802309 0.0332528539001942 0.0354765728116035 0.034215584397316 0.012983052060008 0.0118196979165077 0.00854697730392218 0.00688635604456067 0.0107142925262451 0.0101889371871948 0.0143213197588921 0.00857122521847486 0.0135223008692265 0.0150617491453886 0.0119053097441792 0.0125608528032899 0.0163070913404226 0.017002496868372 0.0206860043108463 0.0196182876825333 0.020127123221755
0.689683139324188 0.709445595741272 0.959803521633148 0.9757359623909 0.998481392860413 0.951670706272125 0.888626635074615 0.988897860050201 0.98711496591568 0.949011862277985 0.819659292697906 0.833992183208466 0.531594038009644 0.46281686425209 0.192349836230278 0.188291251659393 0.130921572446823 0.0633174702525139 0.0244651678949594 0.0468788705766201 0.0381966792047024 0.0413446649909019 0.0416538529098034 0.0391805656254292 0.0433520153164864 0.0416420213878155 0.0288444012403488 0.0101233348250389 0.0105759743601084 0.00939320866018534 0.00663265772163868 0.00672516552731395 0.0112130660563707 0.00586460623890162 0.00690412754192948 0.00711134169250727 0.00904939975589514 0.00898570567369461 0.0105421086773276 0.00951111037284136 0.0135833509266376 0.0183567814528942 0.0218910463154316
0.701089203357697 0.75224906206131 0.969051659107208 0.976694762706757 0.998815834522247 0.995801031589508 0.601460754871368 0.940857350826263 0.996240139007568 0.993216395378113 0.981221437454224 0.985567569732666 0.911623179912567 0.504043936729431 0.178007423877716 0.134025678038597 0.0731878280639648 0.082654781639576 0.0287103224545717 0.0122713344171643 0.00994458887726068 0.0115974638611078 0.050732783973217 0.0415553785860538 0.038848377764225 0.0362176224589348 0.0293724983930588 0.00925209373235703 0.0108984755352139 0.00940029043704271 0.00550811551511288 0.00671828025951982 0.00546938413754106 0.00906586460769176 0.00518053257837892 0.00594180217012763 0.0063318801112473 0.00652133347466588 0.0100251454859972 0.0123006803914905 0.00849405489861965 0.0201223809272051 0.0274609383195639
0.704762995243073 0.944283902645111 0.992576837539673 0.979542255401611 0.998669147491455 0.999043464660645 0.984890222549438 0.935387849807739 0.98708701133728 0.979712665081024 0.978815793991089 0.985037982463837 0.933274745941162 0.48492705821991 0.177628070116043 0.110376603901386 0.0603258572518826 0.0300995018333197 0.0284543931484222 0.019188305363059 0.00855953432619572 0.00574904819950461 0.0287349745631218 0.0361372455954552 0.0465426333248615 0.0310658905655146 0.0357232615351677 0.0302989669144154 0.0214294735342264 0.00923623144626617 0.00560191692784429 0.00528453616425395 0.00549995340406895 0.0051317005418241 0.00334655493497849 0.00423088716343045 0.00565817579627037 0.00729714753106236 0.00707547320052981 0.0227030646055937 0.0269287526607513 0.0218208078294992 0.0267559047788382
0.920525729656219 0.950617969036102 0.992403447628021 0.996146500110626 0.998397707939148 0.998428761959076 0.995503604412079 0.96889066696167 0.994092285633087 0.960636138916016 0.967265665531158 0.981141149997711 0.947255373001099 0.774766266345978 0.371843844652176 0.31497797369957 0.0578927509486675 0.0301170777529478 0.0220742765814066 0.012115896679461 0.0084754778072238 0.00446028262376785 0.0087123354896903 0.00482264207676053 0.041424348950386 0.0378223285079002 0.0390719510614872 0.0330002643167973 0.0233505982905626 0.0084094014018774 0.00889510102570057 0.00507098995149136 0.00594815798103809 0.00411266041919589 0.00416451599448919 0.00324686267413199 0.00542507041245699 0.00960312131792307 0.0146946664899588 0.0223562829196453 0.026804992929101 0.0330519638955593 0.0496123097836971
0.938147962093353 0.985969007015228 0.99246746301651 0.997091710567474 0.998572707176208 0.996733546257019 0.991346299648285 0.973645150661469 0.976720869541168 0.981502592563629 0.979555487632751 0.982369780540466 0.974103450775146 0.830185174942017 0.434362381696701 0.242127284407616 0.172656401991844 0.0345667339861393 0.0159163251519203 0.01017040386796 0.00745363999158144 0.00579313980415463 0.00336343492381275 0.00678155710920691 0.0373125150799751 0.0424455255270004 0.0344679541885853 0.0252797156572342 0.025002533569932 0.0102213816717267 0.00693013612180948 0.00413746805861592 0.00401611207053065 0.00341983023099601 0.003719910280779 0.00683167576789856 0.00895148795098066 0.0107976524159312 0.0230470858514309 0.0201103240251541 0.0208969656378031 0.0296502150595188 0.0361526757478714
0.938564419746399 0.987398624420166 0.993184983730316 0.995883405208588 0.999195873737335 0.999157965183258 0.994116365909576 0.981024205684662 0.979231655597687 0.993527114391327 0.957728743553162 0.975881576538086 0.953425288200378 0.848149597644806 0.342910528182983 0.21665558218956 0.132753059267998 0.0833402276039124 0.0168873444199562 0.0152472928166389 0.0171851683408022 0.0108500681817532 0.0023154211230576 0.0012973565608263 0.0120435114949942 0.0397621504962444 0.0300374198704958 0.025136848911643 0.0218411777168512 0.00796134956181049 0.00739260669797659 0.00541571993380785 0.00355436559766531 0.00383739802055061 0.00634395610541105 0.00642877444624901 0.00840347725898027 0.0127906026318669 0.013385814614594 0.015369669534266 0.0164725556969643 0.0322303511202335 0.0722019746899605
0.981419622898102 0.994005024433136 0.996343612670898 0.998366415500641 0.999765038490295 0.997551441192627 0.992206275463104 0.985005438327789 0.950977861881256 0.980042278766632 0.988319575786591 0.975081026554108 0.958829700946808 0.760361552238464 0.536554992198944 0.25656932592392 0.117837101221085 0.0463516488671303 0.0460655950009823 0.0246518328785896 0.0106104165315628 0.0132110901176929 0.00987312849611044 0.00144262600224465 0.00198344141244888 0.0025226918514818 0.00343660032376647 0.0219418965280056 0.0220145154744387 0.00640235375612974 0.00537272915244102 0.00530223408713937 0.00444311695173383 0.00387218478135765 0.00729925511404872 0.00703079951927066 0.0112770702689886 0.0123417787253857 0.0117823863402009 0.0180772244930267 0.0281451418995857 0.0301402900367975 0.0508444160223007
0.984789609909058 0.993790745735168 0.976780772209167 0.998703598976135 0.997393786907196 0.996777296066284 0.994883477687836 0.986246943473816 0.960357427597046 0.980870068073273 0.984159767627716 0.960892260074615 0.962352693080902 0.94301426410675 0.717280805110931 0.39314129948616 0.0948188975453377 0.0486031323671341 0.0414086356759071 0.0225445423275232 0.0131124956533313 0.0125675797462463 0.00899195484817028 0.00720676826313138 0.00112576584797353 0.00116279011126608 0.00175076886080205 0.00381895340979099 0.00694356625899673 0.00561855314299464 0.00384934479370713 0.00351740187034011 0.00335968984290957 0.00394156901165843 0.00696570286527276 0.00503078708425164 0.00815922394394875 0.0131193501874804 0.00871154759079218 0.0137594100087881 0.0150167644023895 0.0293687228113413 0.0506652519106865
0.988143086433411 0.990840256214142 0.997393608093262 0.982059180736542 0.828175663948059 0.997961103916168 0.995420455932617 0.987522602081299 0.963018834590912 0.947408437728882 0.984999477863312 0.939168930053711 0.958033263683319 0.909282624721527 0.736903965473175 0.539079308509827 0.200128480792046 0.0514806844294071 0.021786181256175 0.0170571114867926 0.0180314853787422 0.00999070983380079 0.0204956997185946 0.0197701081633568 0.00265821279026568 0.00216845562681556 0.00317149865441024 0.0076255826279521 0.00709638651460409 0.00356979970820248 0.00356692518107593 0.0029620174318552 0.00477082282304764 0.00384472240693867 0.0053089689463377 0.00385812134481966 0.00426548486575484 0.0100781135261059 0.00783794559538364 0.0127033246681094 0.0161169990897179 0.0235528293997049 0.0239919796586037
0.991852641105652 0.994485020637512 0.991206645965576 0.999628186225891 0.97660756111145 0.995382189750671 0.994367599487305 0.980172991752625 0.943210184574127 0.916659235954285 0.963400185108185 0.859364151954651 0.984863638877869 0.900932192802429 0.884691417217255 0.767941415309906 0.252562314271927 0.0809101164340973 0.0292199738323689 0.0163894407451153 0.0114312749356031 0.0092754177749157 0.0183999184519053 0.038256797939539 0.0209392383694649 0.0157327372580767 0.0179214011877775 0.0131795778870583 0.00350523763336241 0.00415121670812368 0.00309156603179872 0.0034063255880028 0.00367010431364179 0.00409763725474477 0.00410145800560713 0.00344115379266441 0.00566527992486954 0.00588479405269027 0.00998015701770782 0.0129054961726069 0.0125055871903896 0.0159012749791145 0.0216796975582838
0.993436813354492 0.995609223842621 0.998810231685638 0.999345362186432 0.999271988868713 0.997466266155243 0.994944632053375 0.963479936122894 0.913368105888367 0.912260711193085 0.874880492687225 0.879423141479492 0.929575324058533 0.630359768867493 0.859889209270477 0.642183899879456 0.172153934836388 0.0674663186073303 0.0417161621153355 0.0111570470035076 0.0106876324862242 0.00897667650133371 0.0127660697326064 0.0178804975003004 0.0217117145657539 0.0283544156700373 0.0215719118714333 0.0147099737077951 0.00984801165759563 0.00326055381447077 0.00255445716902614 0.00356827955693007 0.00301076471805573 0.002961769932881 0.00255477847531438 0.00412219017744064 0.00493794167414308 0.0059929876588285 0.005731001496315 0.0120217055082321 0.0111398184671998 0.0166230052709579 0.0173394363373518
0.997789740562439 0.998231112957001 0.999735236167908 0.998858153820038 0.999518752098083 0.999246537685394 0.990080893039703 0.97357052564621 0.88318407535553 0.906606912612915 0.895506322383881 0.969357550144196 0.906316936016083 0.877922713756561 0.973796963691711 0.720454514026642 0.245809838175774 0.0645093247294426 0.0547582991421223 0.0188649762421846 0.00918637588620186 0.00988731253892183 0.0124719114974141 0.0267789978533983 0.0287958588451147 0.0254706293344498 0.0230443514883518 0.01750348508358 0.0114323878660798 0.00246974802576005 0.00327277951873839 0.0020950622856617 0.00171225087251514 0.00169780233409256 0.00235988874919713 0.00341505813412368 0.00401098420843482 0.00498010497540236 0.00517634069547057 0.00775275379419327 0.00816449988633394 0.0103816585615277 0.0140994479879737
