data/climate_estimation/maxent_output/Wurmbea_pygmaea.asc
NCOLS 48 
NROWS 80 
XLLCORNER 114 
YLLCORNER -33.75 
CELLSIZE 0.0833333333333333 
NODATA_value -3.4e+38 
[rows 0 to 21 of 80, columns 0 to 47 of 48]
0.154438197612762 0.154133155941963 0.151420727372169 0.322427451610565 0.298588782548904 0.30794769525528 0.230636954307556 0.131081372499466 0.0843320786952972 0.0715494677424431 0.0481592901051044 0.0437965020537376 0.0295165777206421 0.0229977332055569 0.0149454353377223 0.0124091608449817 0.00701436353847384 0.00568326795473695 0.00409301556646824 0.00767882587388158 0.00616834172978997 0.00401629228144884 0.00947083719074726 0.00681238248944283 0.00367437559179962 0.00328567111864686 0.0029358274769038 0.00306025566533208 0.00352221424691379 0.00428676651790738 0.00396232586354017 0.00324660283513367 0.00308975973166525 0.00325482408516109 0.00315420283004642 0.00303425965830684 0.00333056249655783 0.0028082923963666 0.00272705522365868 0.00341040268540382 0.00283699459396303 0.00351599371060729 0.00364937842823565 0.00317987333983183 0.00352215394377708 0.00375179760158062 0.00333292060531676 0.00321234599687159
0.163421347737312 0.163266971707344 0.335969567298889 0.318302422761917 0.326623797416687 0.311999022960663 0.239708364009857 0.221311613917351 0.182249993085861 0.0794809907674789 0.0596802048385143 0.046288013458252 0.034572210162878 0.0222503859549761 0.0186301972717047 0.0132285505533218 0.00905997678637505 0.00768585037440062 0.00459910649806261 0.00999914389103651 0.00745546445250511 0.0103821996599436 0.00710272835567594 0.016195410862565 0.0138286491855979 0.00573157845064998 0.00471916468814015 0.00365044479258358 0.0039652893319726 0.00397747242823243 0.00303904432803392 0.00313691841438413 0.0036201779730618 0.00350146112032235 0.00332916481420398 0.00329225370660424 0.00348113384097815 0.00305768940597773 0.00315184844657779 0.00338280806317925 0.0033743882086128 0.00340864178724587 0.0028413983527571 0.00303621892817318 0.00374287622980773 0.00266650342382491 0.00302490661852062 0.00322209927253425
0.170386120676994 0.341100364923477 0.336311638355255 0.335039108991623 0.330609202384949 0.317337900400162 0.255054146051407 0.254300087690353 0.179848194122314 0.0874648094177246 0.0786769762635231 0.0520030297338963 0.0386307574808598 0.0313658975064754 0.0189348012208939 0.014822450466454 0.0121899172663689 0.00735095981508493 0.0060827573761344 0.00923190731555223 0.00871102884411812 0.0126316780224442 0.00867649633437395 0.0206792522221804 0.0195833202451468 0.00659625325351954 0.0041012866422534 0.00393422739580274 0.00344607909210026 0.00373801193200052 0.00298716174438596 0.00325627415440977 0.00372457969933748 0.00329060642980039 0.00365913938730955 0.00319605483673513 0.00293041323311627 0.0030889343470335 0.00317750894464552 0.00321632903069258 0.00313908373937011 0.00282880011945963 0.00299337599426508 0.00326508609578013 0.00317816901952028 0.00288260099478066 0.00303718424402177 0.00321559421718121
0.346663355827332 0.349840521812439 0.353747934103012 0.339988201856613 0.318831026554108 0.31346806883812 0.265590876340866 0.261049807071686 0.247500061988831 0.19493967294693 0.18861235678196 0.157192751765251 0.0411472730338573 0.0725377425551414 0.0574526600539684 0.0213129818439484 0.0124570140615106 0.00923972018063068 0.00625454680994153 0.0113908108323812 0.00803704839199781 0.0153150502592325 0.0234643798321486 0.0163257010281086 0.0225525628775358 0.0172598771750927 0.00411722296848893 0.00442257383838296 0.00388410221785307 0.00294083193875849 0.00315831205807626 0.00392204849049449 0.00252445973455906 0.00245384871959686 0.00378292729146779 0.00319787790067494 0.00297347595915198 0.00269449199549854 0.00301639828830957 0.00322935730218887 0.00287924916483462 0.00268955621868372 0.00285754818469286 0.00328679708763957 0.00309728970751166 0.00354257808066905 0.00259487400762737 0.00279773632064462
0.151779815554619 0.347914129495621 0.349636197090149 0.332139313220978 0.323569923639297 0.317948937416077 0.526555895805359 0.513471186161041 0.411290854215622 0.375743627548218 0.187962219119072 0.166564285755157 0.127684593200684 0.0865456685423851 0.0584131218492985 0.0452984347939491 0.029654623940587 0.0234603062272072 0.0169294103980064 0.0121178347617388 0.00896638724952936 0.0146774603053927 0.0302564911544323 0.0218245927244425 0.016619224101305 0.0203973986208439 0.00494708307087421 0.00371340499259531 0.00331132719293237 0.00319392723031342 0.00341182155534625 0.00236658286303282 0.00245772278867662 0.00248639867641032 0.00392723642289639 0.0030361320823431 0.00302388984709978 0.00292380061000586 0.00303972908295691 0.00292352098040283 0.00264754821546376 0.00304562668316066 0.00332053983584046 0.00291749206371605 0.00313491933047771 0.00324622564949095 0.00266397092491388 0.00265705492347479
-3.4e+38 0.332245498895645 0.345660805702209 0.332412272691727 0.616945445537567 0.610210001468658 0.573673665523529 0.568041682243347 0.443490952253342 0.435331493616104 0.394548714160919 0.182156264781952 0.146197527647018 0.117018312215805 0.0677579864859581 0.0498915463685989 0.0374130234122276 0.0324208028614521 0.019056623801589 0.0155761148780584 0.0205562431365252 0.0184527821838856 0.024890199303627 0.0206246972084045 0.0221515912562609 0.02448820322752 0.0174692049622536 0.00385106424801052 0.00339240417815745 0.00365067832171917 0.00401012925431132 0.00385763123631477 0.00357523211278021 0.00383150298148394 0.00332842045463622 0.00354076572693884 0.0029284420888871 0.00312894117087126 0.0030884169973433 0.00294525432400405 0.00255446881055832 0.00251109921373427 0.00272121024318039 0.00251900707371533 0.00315058720298111 0.00350196263752878 0.00250512314960361 0.00246326462365687
-3.4e+38 0.313352257013321 0.31501504778862 0.616881132125854 0.645506143569946 0.621808052062988 0.610073924064636 0.530219435691833 0.482377111911774 0.453243672847748 0.400090277194977 0.335516929626465 0.147188276052475 0.128623157739639 0.0969220846891403 0.0561891198158264 0.0387601740658283 0.0323232263326645 0.05555434897542 0.0355654172599316 0.0283555779606104 0.0563777349889278 0.0350263044238091 0.0266700405627489 0.0228206720203161 0.028469480574131 0.0233060792088509 0.0219467077404261 0.00360455154441297 0.00342927873134613 0.00306101446039975 0.00325250742025673 0.00307149649597704 0.00345675530843437 0.00258953124284744 0.00296586402691901 0.00314425793476403 0.00299190706573427 0.00282083381898701 0.00274818437173963 0.00247376901097596 0.00271002529188991 0.00271540624089539 0.00265661184675992 0.00267929304391146 0.00260837050154805 0.00287613761611283 0.00290228892117739
-3.4e+38 0.292861640453339 0.324312299489975 0.621434807777405 0.651444673538208 0.627333223819733 0.610409200191498 0.567159652709961 0.518177807331085 0.470942884683609 0.426549822092056 0.386069476604462 0.154621288180351 0.258452713489532 0.227183356881142 0.160149604082108 0.0958387702703476 0.0732631012797356 0.0582788363099098 0.0449112914502621 0.0675880610942841 0.0535701066255569 0.0539002828299999 0.0274805966764688 0.0436117611825466 0.0286776069551706 0.0210951697081327 0.0239426922053099 0.0172900091856718 0.0171571522951126 0.00327192852273583 0.00307837384752929 0.00301167531870306 0.00279221194796264 0.00273887719959021 0.00275034899823368 0.00264991796575487 0.00252862926572561 0.00280217034742236 0.00240705045871437 0.00246755429543555 0.00288192019797862 0.00266808900050819 0.00232955231331289 0.00249228021129966 0.002833646023646 0.00285935774445534 0.00291465828195214
-3.4e+38 0.563144087791443 0.584448575973511 0.617262601852417 0.642753958702087 0.632700026035309 0.903747498989105 0.87747460603714 0.519204080104828 0.500049293041229 0.749501347541809 0.69031810760498 0.596179068088531 0.281926870346069 0.234692290425301 0.174617499113083 0.133798077702522 0.100757636129856 0.0585647448897362 0.115079917013645 0.0851868614554405 0.0559271089732647 0.0523540303111076 0.0539616942405701 0.0401904433965683 0.0298689063638449 0.027064323425293 0.0244881939142942 0.0204585865139961 0.0200418587774038 0.00340152299031615 0.0032824610825628 0.00281442934647202 0.00247097224928439 0.00279065780341625 0.00260769482702017 0.00243793404661119 0.00251748575828969 0.00247200601734221 0.00238043954595923 0.002359788864851 0.0026594225782901 0.00286166346631944 0.00278595695272088 0.00270896567963064 0.00300973677076399 0.00303919357247651 0.00305943679995835
-3.4e+38 0.53487354516983 0.529241681098938 0.573182642459869 0.889674603939056 0.903856933116913 0.889314830303192 0.876246452331543 0.872859954833984 0.817991971969604 0.810907363891602 0.73032134771347 0.640080392360687 0.276341378688812 0.247384667396545 0.200072139501572 0.14730478823185 0.21728852391243 0.166861906647682 0.108516499400139 0.0876518338918686 0.115905493497849 0.0675466433167458 0.0658384934067726 0.0499185211956501 0.0393256172537804 0.0323738269507885 0.0275728646665812 0.020294263958931 0.0186203140765429 0.00302956579253078 0.00289644417352974 0.00291493232361972 0.00294115650467575 0.00254173739813268 0.00234533939510584 0.00235610944218934 0.00227004755288363 0.00210855132900178 0.00227972073480487 0.0022615531925112 0.00268515129573643 0.00293715274892747 0.00312766409479082 0.00309036043472588 0.00249919621273875 0.00266593531705439 0.00329130236059427
-3.4e+38 0.524707019329071 0.521697819232941 0.823075890541077 0.854252517223358 0.884929537773132 0.900373101234436 0.882195234298706 0.849614024162292 0.796329498291016 0.806412756443024 0.730205774307251 0.650924563407898 0.300464808940887 0.257734328508377 0.374501645565033 0.331493228673935 0.228794574737549 0.171144440770149 0.136194333434105 0.158252477645874 0.100501634180546 0.0860584601759911 0.0558387227356434 0.0570642501115799 0.0335587151348591 0.0347603633999825 0.0277862045913935 0.0215775668621063 0.0215538889169693 0.0192092470824718 0.0157289579510689 0.0125607354566455 0.00229884427972138 0.00271908915601671 0.00238565681502223 0.00257338839583099 0.00232160068117082 0.00224146968685091 0.00251191016286612 0.00217525637708604 0.00284813926555216 0.00263591879047453 0.00332208513282239 0.00246317801065743 0.00286000152118504 0.00292573682963848 0.00292967795394361
-3.4e+38 0.515275239944458 0.505948185920715 0.789100408554077 0.817152500152588 0.858725965023041 0.887874603271484 0.903584420681 0.88888019323349 0.823284804821014 0.965072333812714 0.771292865276337 0.929888784885406 0.861262440681458 0.459855198860168 0.451463311910629 0.337454855442047 0.370061129331589 0.266849219799042 0.204226583242416 0.142227724194527 0.124805092811584 0.0855877250432968 0.0679394453763962 0.0540898554027081 0.0426291525363922 0.0326384827494621 0.0308083798736334 0.0249889269471169 0.0223671551793814 0.0215574912726879 0.0162165574729443 0.0139121087267995 0.0129746412858367 0.00215052790008485 0.00247719790786505 0.00245439843274653 0.00245522824116051 0.00191062281373888 0.00216423184610903 0.00248489202931523 0.00230106967501342 0.00269787083379924 0.00277969683520496 0.00250788335688412 0.00336297648027539 0.00332048907876015 0.0027156958822161
-3.4e+38 0.616502106189728 0.620682954788208 0.784224212169647 0.802891969680786 0.835036993026733 0.875268995761871 0.888032913208008 0.995339512825012 0.987986207008362 0.97878509759903 0.958290755748749 0.933955311775208 0.894966244697571 0.774347841739655 0.460854381322861 0.528131425380707 0.425063937902451 0.315996795892715 0.255771398544312 0.194991528987885 0.111890621483326 0.100595101714134 0.0766097530722618 0.0659168660640717 0.0433775708079338 0.0335837230086327 0.028910806402564 0.0250450931489468 0.0213043335825205 0.018731240183115 0.0163491033017635 0.0175468362867832 0.00291068758815527 0.00246224133297801 0.0024725659750402 0.00258385692723095 0.00242046522907913 0.00229178229346871 0.00198498880490661 0.00223410991020501 0.00263281003572047 0.00244716252200305 0.00289566325955093 0.00362275168299675 0.00334038026630878 0.00303453835658729 0.00337487319484353
-3.4e+38 -3.4e+38 0.607460498809814 0.504099667072296 0.520117819309235 0.814388871192932 0.831591963768005 0.988675951957703 0.993431210517883 0.992470681667328 0.986894130706787 0.958579361438751 0.952801883220673 0.974822223186493 0.910049200057983 0.614191472530365 0.535840392112732 0.407665848731995 0.305683106184006 0.261821657419205 0.181636661291122 0.154619455337524 0.107287213206291 0.0735166445374489 0.0712414532899857 0.0524590387940407 0.0411257334053516 0.0383779294788837 0.0326055400073528 0.0250776950269938 0.0197615288197994 0.0166324637830257 0.0195697993040085 0.00280463905073702 0.00233063311316073 0.00255485181696713 0.00243350397795439 0.00236590020358562 0.00232035666704178 0.00207392079755664 0.00235437508672476 0.00247535808011889 0.00288026477210224 0.00285749603062868 0.00356287183240056 0.00337938987649977 0.00315644452348351 0.00383800896815956
-3.4e+38 -3.4e+38 -3.4e+38 0.504351198673248 0.489774882793427 0.801485478878021 0.848913311958313 0.862529337406158 0.989766299724579 0.987947762012482 0.98604542016983 0.968709111213684 0.988682210445404 0.984000325202942 0.969607412815094 0.588369965553284 0.508102715015411 0.515537679195404 0.364316821098328 0.239450633525848 0.187697440385818 0.148203670978546 0.120794497430325 0.0812572911381721 0.0640675351023674 0.0567421354353428 0.0416760183870792 0.037141852080822 0.0349851809442043 0.0257483869791031 0.0239862352609634 0.019395200535655 0.0181676521897316 0.0145992934703827 0.0146326655521989 0.0141438096761703 0.00291863596066833 0.00276220845989883 0.00269046355970204 0.00219829194247723 0.00243581994436681 0.00239731767214835 0.00247155549004674 0.00320880464278162 0.00362966838292778 0.00376753066666424 0.00310126435942948 0.0148555301129818
-3.4e+38 -3.4e+38 -3.4e+38 -3.4e+38 0.49356210231781 0.491789072751999 0.539476096630096 0.844048678874969 0.988284766674042 0.991657257080078 0.982235014438629 0.974290370941162 0.987884759902954 0.982838094234467 0.958012282848358 0.864439129829407 0.594702959060669 0.488934457302094 0.390440076589584 0.292877078056335 0.208632305264473 0.131060719490051 0.112544268369675 0.0919833108782768 0.0783679038286209 0.0613591335713863 0.0486963912844658 0.0410833433270454 0.0320610702037811 0.0323976948857307 0.0265487097203732 0.0255373641848564 0.0194890592247248 0.0188231486827135 0.0149261308833957 0.0136426445096731 0.0156292337924242 0.0120245832949877 0.012648081406951 0.0024748956784606 0.00280871940776706 0.00290322117507458 0.00334468716755509 0.00317404931411147 0.00392682757228613 0.00350667582824826 0.0152365630492568 0.0156985092908144
-3.4e+38 -3.4e+38 -3.4e+38 -3.4e+38 -3.4e+38 0.480097442865372 0.785692453384399 0.811312019824982 0.978902459144592 0.871829926967621 0.988291144371033 0.971422016620636 0.996354401111603 0.981035351753235 0.957631289958954 0.922286868095398 0.585912346839905 0.525747120380402 0.41394567489624 0.305137604475021 0.223133772611618 0.183643788099289 0.15235447883606 0.101936779916286 0.0793499201536179 0.0545051842927933 0.0457597523927689 0.0456056818366051 0.0397338345646858 0.028180317953229 0.0249128565192223 0.0232983455061913 0.02126201428473 0.0169490780681372 0.0168758872896433 0.0183796975761652 0.01458197273314 0.0155758550390601 0.0124282818287611 0.00230268761515617 0.00243264017626643 0.00276705925352871 0.00300331483595073 0.00413136230781674 0.00358897750265896 0.00369479181244969 0.0154169090092182 0.0148960128426552
-3.4e+38 -3.4e+38 -3.4e+38 -3.4e+38 -3.4e+38 -3.4e+38 0.483437389135361 0.76958554983139 0.786031544208527 0.849168360233307 0.987958371639252 0.99812787771225 0.995351493358612 0.989951252937317 0.964628756046295 0.952090322971344 0.860934853553772 0.520504176616669 0.393915981054306 0.324269473552704 0.266944348812103 0.173392072319984 0.149083152413368 0.0949218571186066 0.0882279425859451 0.0758914798498154 0.0621944256126881 0.0438268259167671 0.0405601933598518 0.033620934933424 0.0289477650076151 0.0256471261382103 0.0292036253958941 0.0232445616275072 0.0224527362734079 0.0188653003424406 0.0175154842436314 0.00332717038691044 0.00331655843183398 0.00325138680636883 0.0158331897109747 0.0152557548135519 0.0154343973845243 0.0161071941256523 0.0190067961812019 0.0195865593850613 0.0221660826355219 0.0184150543063879
-3.4e+38 -3.4e+38 -3.4e+38 -3.4e+38 -3.4e+38 -3.4e+38 0.484714716672897 0.750666081905365 0.762510359287262 0.827577888965607 0.986376523971558 0.997276484966278 0.996271312236786 0.985410273075104 0.988025367259979 0.952849686145782 0.90866082906723 0.82100248336792 0.426973074674606 0.396880090236664 0.248330041766167 0.181886911392212 0.152042537927628 0.114545248448849 0.0929907858371735 0.0720354989171028 0.0750379264354706 0.0613929852843285 0.0478587672114372 0.0428093709051609 0.0334852375090122 0.0274631418287754 0.0301950238645077 0.0289240926504135 0.0278161820024252 0.0251377839595079 0.022826787084341 0.0202114842832088 0.0258850809186697 0.017660565674305 0.0216394048184156 0.0172873940318823 0.0143138561397791 0.0190819147974253 0.0216939896345139 0.0219303090125322 0.0235198624432087 0.0241351239383221
-3.4e+38 -3.4e+38 -3.4e+38 -3.4e+38 -3.4e+38 -3.4e+38 -3.4e+38 0.437104195356369 0.737559497356415 0.788671851158142 0.980794012546539 0.997520744800568 0.973847806453705 0.992220520973206 0.984274625778198 0.964954316616058 0.918569982051849 0.811893105506897 0.752332746982574 0.660908699035645 0.540642142295837 0.367631942033768 0.310522854328156 0.121001526713371 0.137177035212517 0.105672180652618 0.0717460736632347 0.0581974163651466 0.0531955435872078 0.0433464832603931 0.0441860593855381 0.0347905457019806 0.0317902937531471 0.0310049578547478 0.0314633212983608 0.0267879627645016 0.0265447609126568 0.0233836397528648 0.024634538218379 0.0229873321950436 0.0197251867502928 0.0197191927582026 0.0231250766664743 0.0266728177666664 0.0250434558838606 0.0248349849134684 0.0235245786607265 0.0234148111194372
-339999999999999996123846586046231871488.000000000000000 -3.4e+38 -3.4e+38 -3.4e+38 -3.4e+38 -3.4e+38 0.837217271327972 0.846947073936462 0.875281095504761 0.779154479503632 0.984216868877411 0.998429358005524 0.969102501869202 0.991783022880554 0.986327707767487 0.957643568515778 0.942858695983887 0.85363095998764 0.811322510242462 0.691827416419983 0.628188014030457 0.537298977375031 0.360102564096451 0.17162013053894 0.13203276693821 0.10511065274477 0.0928446277976036 0.0705552622675896 0.0606818534433842 0.0536281503736973 0.0497903078794479 0.0417364351451397 0.0409872569143772 0.0329644195735455 0.0306543409824371 0.031678095459938 0.028237983584404 0.0284002143889666 0.0289792977273464 0.0260096229612827 0.0250552278012037 0.0296201929450035 0.0256496425718069 0.0283492505550385 0.0272889342159033 0.0280383359640837 0.0267933048307896 0.0284426957368851
-3.4e+38 -3.4e+38 -3.4e+38 -3.4e+38 -3.4e+38 -3.4e+38 -3.4e+38 0.844048976898193 0.86885404586792 0.905892252922058 0.996573090553284 0.981947600841522 0.99705970287323 0.991007626056671 0.988116264343262 0.978845357894897 0.917240381240845 0.879139244556427 0.832261383533478 0.740512728691101 0.718793392181396 0.676326513290405 0.509192943572998 0.39062511920929 0.181304171681404 0.147239729762077 0.130361184477806 0.092420369386673 0.0774957612156868 0.0643187463283539 0.0531265437602997 0.0498451218008995 0.0396871790289879 0.0356306098401546 0.0358386747539043 0.0322864800691605 0.0331437438726425 0.0299246348440647 0.0332228131592274 0.0295755248516798 0.0343118868768215 0.0295592360198498 0.030772564932704 0.0293933097273111 0.0356920063495636 0.0400542914867401 0.0337309986352921 0.0318466126918793
