data/climate_estimation/maxent_output/Wurmbea_densiflora.asc
NCOLS 103 
NROWS 79 
XLLCORNER 114.25 
YLLCORNER -32.4166666666667 
CELLSIZE 0.0833333333333333 
NODATA_value -3.4e+38 
[rows 20 to 39 of 79, columns 45 to 89 of 103]
0.608936011791229 0.597783386707306 0.552143573760986 0.587847590446472 0.583504199981689 0.614533245563507 0.556391954421997 0.537236213684082 0.550700724124908 0.568296015262604 0.550372660160065 0.527985215187073 0.54052060842514 0.482616901397705 0.479060530662537 0.475970327854156 0.475667536258698 0.394409418106079 0.401879578828812 0.381537824869156 0.379184782505035 0.378681361675262 0.342739194631577 0.341937482357025 0.336998552083969 0.320207446813583 0.354130268096924 0.336942464113235 0.374362111091614 0.341117709875107 0.354928642511368 0.342507630586624 0.429391384124756 0.412331283092499 0.507146060466766 0.589182496070862 0.557065486907959 0.560288488864899 0.602922201156616 0.705268442630768 0.671062886714935 0.757156610488892 0.755898714065552 0.738479316234589 0.788193345069885
0.591104745864868 0.581086218357086 0.579021453857422 0.591225981712341 0.588123679161072 0.59772801399231 0.590560078620911 0.580241978168488 0.572537183761597 0.545780181884766 0.529080748558044 0.510487377643585 0.520554482936859 0.479885667562485 0.47815003991127 0.459754198789597 0.420658618211746 0.383940368890762 0.370893478393555 0.39896348118782 0.379599541425705 0.377762198448181 0.329444229602814 0.329976916313171 0.358608603477478 0.343062072992325 0.359009891748428 0.338760435581207 0.358892500400543 0.34190309047699 0.359915524721146 0.362264066934586 0.378135710954666 0.467320382595062 0.450816839933395 0.492266982793808 0.551725029945374 0.617504119873047 0.622853875160217 0.665465295314789 0.686428070068359 0.673378050327301 0.771904170513153 0.757649779319763 0.754338502883911
0.570613980293274 0.611160814762115 0.574646055698395 0.568683326244354 0.55905956029892 0.584159791469574 0.577282845973969 0.565569281578064 0.520475149154663 0.512104332447052 0.510324001312256 0.487229853868484 0.503789722919464 0.478969871997833 0.497886568307877 0.404444754123688 0.420480787754059 0.401905000209808 0.402771800756454 0.380128532648087 0.364699691534042 0.365512013435364 0.394755333662033 0.330311000347137 0.360844910144806 0.342429548501968 0.325203359127045 0.328880727291107 0.326116859912872 0.361081629991531 0.360848873853683 0.358496069908142 0.374164342880249 0.447726041078568 0.484990686178207 0.488006949424744 0.556028366088867 0.562811195850372 0.608647227287292 0.646473050117493 0.692795097827911 0.692432761192322 0.757261216640472 0.759007751941681 0.7779181599617
0.555481970310211 0.589003443717957 0.545653343200684 0.595359325408936 0.554170966148376 0.57257741689682 0.570527017116547 0.582923769950867 0.57628071308136 0.516192615032196 0.492828190326691 0.48643034696579 0.48565748333931 0.484395325183868 0.465639173984528 0.406355559825897 0.404618322849274 0.405337393283844 0.40097963809967 0.381881326436996 0.38060075044632 0.384257763624191 0.330309450626373 0.334379702806473 0.360005766153336 0.361113220453262 0.329337567090988 0.312355697154999 0.392812788486481 0.35871559381485 0.360702514648438 0.372526377439499 0.411359578371048 0.430804282426834 0.472530692815781 0.478446036577225 0.556068539619446 0.579523503780365 0.625581324100494 0.627827882766724 0.673180520534515 0.69335550069809 0.695583701133728 0.763151168823242 0.760815620422363
0.608591318130493 0.568617403507233 0.565945625305176 0.551951467990875 0.536771655082703 0.553561389446259 0.550210535526276 0.542218565940857 0.559067785739899 0.47547322511673 0.471766620874405 0.467711120843887 0.471397280693054 0.469267755746841 0.468041151762009 0.397271752357483 0.392010807991028 0.388090848922729 0.357579618692398 0.385285496711731 0.382411479949951 0.369471520185471 0.334430694580078 0.335749953985214 0.349927216768265 0.347261279821396 0.347137451171875 0.326721280813217 0.377285659313202 0.357350409030914 0.359054088592529 0.373922139406204 0.362902909517288 0.377268373966217 0.435132741928101 0.494911849498749 0.554297804832458 0.55592405796051 0.603678464889526 0.667053818702698 0.690659582614899 0.67496132850647 0.741197288036346 0.741665422916412 0.759853422641754
0.573438346385956 0.584476232528687 0.620099246501923 0.59261554479599 0.530073285102844 0.511300981044769 0.532513499259949 0.525250196456909 0.540751576423645 0.515722811222076 0.457720428705215 0.451314598321915 0.455956757068634 0.47162738442421 0.473623692989349 0.466141432523727 0.465763717889786 0.408745914697647 0.374923348426819 0.387493878602982 0.375087052583694 0.327268421649933 0.35574933886528 0.385016620159149 0.324598252773285 0.337756097316742 0.36750316619873 0.331981688737869 0.361798375844955 0.395153373479843 0.375401884317398 0.376518815755844 0.381873846054077 0.396511644124985 0.450763344764709 0.49230283498764 0.479556918144226 0.621127068996429 0.629591882228851 0.695715308189392 0.712615787982941 0.757020115852356 0.765076279640198 0.765480756759644 0.745994389057159
0.569130718708038 0.601692914962769 0.589739739894867 0.587596952915192 0.605898439884186 0.551537275314331 0.54728227853775 0.527082741260529 0.524230062961578 0.539592862129211 0.482351690530777 0.457503706216812 0.453209489583969 0.470300257205963 0.471816837787628 0.454728007316589 0.451949805021286 0.451049566268921 0.407733052968979 0.392902761697769 0.394604355096817 0.374484926462173 0.392173707485199 0.374527812004089 0.356722712516785 0.358583241701126 0.369391322135925 0.365092039108276 0.397156208753586 0.349250614643097 0.360922425985336 0.360922425985336 0.364195346832275 0.43356466293335 0.434857130050659 0.481873601675034 0.5019171833992 0.6065434217453 0.625055134296417 0.694621324539185 0.715605497360229 0.700718343257904 0.782880306243896 0.783621191978455 0.768544733524323
0.560073733329773 0.557842373847961 0.573934376239777 0.573703646659851 0.588292419910431 0.603704810142517 0.544457972049713 0.524270057678223 0.564155042171478 0.53527420759201 0.466094702482224 0.460486948490143 0.439933687448502 0.438843458890915 0.458068311214447 0.462798297405243 0.441223591566086 0.400991261005402 0.434217810630798 0.380552172660828 0.37880340218544 0.368403404951096 0.391795694828033 0.395309895277023 0.358619004487991 0.374187827110291 0.355766177177429 0.369724482297897 0.337675273418427 0.369351238012314 0.366832166910172 0.394214540719986 0.395043432712555 0.433688431978226 0.436956971883774 0.496499568223953 0.498908400535583 0.562758386135101 0.630478858947754 0.631988525390625 0.675483047962189 0.779084622859955 0.778212368488312 0.802406191825867 0.768369197845459
0.58840936422348 0.567182779312134 0.875896275043488 0.570795953273773 0.586698412895203 0.551945805549622 0.528789043426514 0.585169076919556 0.548080742359161 0.504074215888977 0.501801788806915 0.446530640125275 0.446413099765778 0.426240384578705 0.427664279937744 0.464550226926804 0.429956257343292 0.389175683259964 0.421444684267044 0.40390145778656 0.366241127252579 0.382329553365707 0.397513687610626 0.399335920810699 0.360322564840317 0.359179049730301 0.359389692544937 0.324021846055984 0.355501115322113 0.353597313165665 0.370517581701279 0.334754079580307 0.385944008827209 0.42191356420517 0.439755946397781 0.471643507480621 0.493740767240524 0.550113499164581 0.581442594528198 0.662200331687927 0.752297580242157 0.78425532579422 0.703689217567444 0.789079427719116 0.784367263317108
0.84034937620163 0.571984529495239 0.878267705440521 0.850450575351715 0.871314823627472 0.880870342254639 0.881014347076416 0.565911412239075 0.566896498203278 0.545386254787445 0.508166551589966 0.450692147016525 0.468318939208984 0.445652157068253 0.44661682844162 0.437452733516693 0.430588573217392 0.429355144500732 0.410291463136673 0.454809457063675 0.403967708349228 0.439345270395279 0.405460804700851 0.384689778089523 0.349281460046768 0.362952351570129 0.378271222114563 0.346076637506485 0.332879066467285 0.391202509403229 0.355179697275162 0.351519793272018 0.353889971971512 0.405680567026138 0.424091935157776 0.490685641765594 0.511230230331421 0.486464709043503 0.529466688632965 0.636833131313324 0.657077848911285 0.673502027988434 0.647640407085419 0.66594797372818 0.792552053928375
0.873705506324768 0.904047548770905 0.892356276512146 0.875107049942017 0.881927192211151 0.917368352413177 0.90974235534668 0.571830213069916 0.547983229160309 0.504688084125519 0.510133564472198 0.5305455327034 0.554043650627136 0.512739658355713 0.451710224151611 0.456171780824661 0.454161286354065 0.452700674533844 0.446937084197998 0.42688450217247 0.44621729850769 0.392956554889679 0.404285341501236 0.405292809009552 0.416030645370483 0.399043351411819 0.380075961351395 0.397514343261719 0.361625909805298 0.391612440347672 0.358909249305725 0.374524384737015 0.390363603830338 0.386821031570435 0.409265339374542 0.450829774141312 0.513482511043549 0.510333597660065 0.542188346385956 0.602713406085968 0.621713757514954 0.594890356063843 0.608123242855072 0.675089836120605 0.765139758586884
0.900642096996307 0.913705468177795 0.924522399902344 0.909389913082123 0.909515678882599 0.918428361415863 0.564064562320709 0.544211149215698 0.527044534683228 0.506886422634125 0.491741538047791 0.494865745306015 0.537524521350861 0.498995780944824 0.497058123350143 0.455753177404404 0.454475611448288 0.458134055137634 0.416583508253098 0.431589871644974 0.401873797178268 0.448935329914093 0.393320471048355 0.404705017805099 0.365735620260239 0.363135248422623 0.362515777349472 0.367633193731308 0.400084912776947 0.375984191894531 0.394347846508026 0.391316115856171 0.375206589698792 0.369141221046448 0.408468514680862 0.468887507915497 0.460114717483521 0.440813064575195 0.515854477882385 0.608846545219421 0.607083737850189 0.574316084384918 0.557748675346375 0.633317053318024 0.595487713813782
0.913165092468262 0.943062126636505 0.921103656291962 0.914290964603424 0.913645684719086 0.905693233013153 0.942913770675659 0.5281081199646 0.53223192691803 0.506391108036041 0.489792466163635 0.516701817512512 0.48022049665451 0.484343647956848 0.501197755336761 0.497731894254684 0.443952769041061 0.462242096662521 0.482103258371353 0.457888305187225 0.440094351768494 0.392842262983322 0.409517139196396 0.405318289995193 0.401875972747803 0.394697666168213 0.389234691858292 0.372363299131393 0.392271995544434 0.390981554985046 0.409856379032135 0.365445554256439 0.327861756086349 0.400712072849274 0.381620347499847 0.397490650415421 0.423042207956314 0.478642106056213 0.52178019285202 0.542039692401886 0.551906168460846 0.52701610326767 0.572510302066803 0.545283496379852 0.582365036010742
0.908776879310608 0.942653000354767 0.924148559570312 0.926944196224213 0.902212262153625 0.924882233142853 0.522899925708771 0.483544588088989 0.534274697303772 0.4980848133564 0.494143635034561 0.51472282409668 0.498420804738998 0.485262304544449 0.504667699337006 0.505053460597992 0.446641564369202 0.445285350084305 0.446565449237823 0.443874031305313 0.45275667309761 0.484332531690598 0.445038378238678 0.402391135692596 0.399569928646088 0.394805938005447 0.41667965054512 0.396354347467422 0.374001532793045 0.374001532793045 0.38907527923584 0.370030105113983 0.360610991716385 0.38081693649292 0.363284140825272 0.367146551609039 0.41331946849823 0.426291942596436 0.46328216791153 0.528113067150116 0.53941023349762 0.585681855678558 0.599261164665222 0.574468553066254 0.556443452835083
0.944764018058777 0.967262327671051 0.952856779098511 0.930996656417847 0.923679232597351 0.930333018302917 0.943905770778656 0.469893515110016 0.4886674284935 0.499369114637375 0.504413425922394 0.498519271612167 0.499102473258972 0.518075823783875 0.486644268035889 0.487400978803635 0.487903267145157 0.4892717897892 0.490403324365616 0.422915548086166 0.443976163864136 0.437463611364365 0.444153785705566 0.420929819345474 0.388226687908173 0.385801523923874 0.403183609247208 0.430233389139175 0.439222276210785 0.415713429450989 0.431178897619247 0.36933559179306 0.420715987682343 0.358978360891342 0.376797795295715 0.352995634078979 0.418422996997833 0.383268892765045 0.423402309417725 0.490946829319 0.5589919090271 0.587317407131195 0.603026866912842 0.613379299640656 0.646118521690369
0.952060639858246 0.963709890842438 0.952453792095184 0.946722984313965 0.920554995536804 0.935130894184113 0.464260637760162 0.453680425882339 0.477734535932541 0.451451420783997 0.445153921842575 0.469715386629105 0.46782648563385 0.46583154797554 0.489174455404282 0.505862891674042 0.478329628705978 0.448295474052429 0.426450103521347 0.502797961235046 0.463114827871323 0.428084909915924 0.448244780302048 0.448422878980637 0.400041252374649 0.414312690496445 0.382991760969162 0.407043933868408 0.431742280721664 0.432599693536758 0.365920901298523 0.409934133291245 0.394720494747162 0.398815006017685 0.377397507429123 0.365126669406891 0.361075967550278 0.340339601039886 0.42814028263092 0.424236267805099 0.506805837154388 0.575961649417877 0.618213653564453 0.61096328496933 0.654830038547516
0.951425552368164 0.955831289291382 0.947973906993866 0.931061744689941 0.940497100353241 0.951668083667755 0.449250727891922 0.959906458854675 0.438862979412079 0.426624029874802 0.433651596307755 0.455770194530487 0.452434599399567 0.458204865455627 0.469415992498398 0.444790929555893 0.464195340871811 0.476920515298843 0.455919772386551 0.424829751253128 0.509140610694885 0.431370407342911 0.398440182209015 0.397123903036118 0.474949151277542 0.433973968029022 0.358850359916687 0.362443417310715 0.372687965631485 0.388859778642654 0.332411795854568 0.427447199821472 0.382951289415359 0.369787722826004 0.382000058889389 0.314192414283752 0.35041356086731 0.356470167636871 0.397004395723343 0.364170640707016 0.438983410596848 0.606555819511414 0.634377598762512 0.637648105621338 0.613806843757629
0.947938680648804 0.95581179857254 0.959816515445709 0.949810445308685 0.946204304695129 0.955083191394806 0.426899403333664 0.405519872903824 0.415028482675552 0.398579746484756 0.410955101251602 0.422303229570389 0.439031690359116 0.411967515945435 0.430791139602661 0.455325216054916 0.451156914234161 0.421865433454514 0.443846017122269 0.396226644515991 0.422185838222504 0.472306609153748 0.481468021869659 0.407411932945251 0.385258764028549 0.330346494913101 0.279425770044327 0.289136558771133 0.389035493135452 0.36720535159111 0.314130961894989 0.355640143156052 0.395110666751862 0.326102524995804 0.303514748811722 0.290032386779785 0.275546014308929 0.279332607984543 0.291768431663513 0.370561569929123 0.452993392944336 0.514835119247437 0.593036353588104 0.535088717937469 0.464018195867538
0.949452459812164 0.959335267543793 0.957123994827271 0.956581771373749 0.964477360248566 0.436516255140305 0.394203454256058 0.408754885196686 0.414998263120651 0.397849947214127 0.413612633943558 0.415469437837601 0.430632203817368 0.426804900169373 0.383366495370865 0.419725626707077 0.405272990465164 0.422905772924423 0.432293087244034 0.401401221752167 0.392973005771637 0.397756397724152 0.406564027070999 0.426658362150192 0.370437532663345 0.368663042783737 0.339965492486954 0.300752252340317 0.314584046602249 0.296600848436356 0.369059264659882 0.332626849412918 0.349690109491348 0.323405295610428 0.260805785655975 0.302636802196503 0.319986999034882 0.288494437932968 0.33390274643898 0.343919932842255 0.358770191669464 0.457024723291397 0.472677439451218 0.45526859164238 0.413069844245911
0.966217875480652 0.964284539222717 0.951710999011993 0.951813340187073 0.958951950073242 0.95828902721405 0.372881412506104 0.399331510066986 0.410439819097519 0.40664079785347 0.402189582586288 0.434075236320496 0.418532460927963 0.405558735132217 0.387597441673279 0.402491718530655 0.423420965671539 0.372684419155121 0.391715735197067 0.433697909116745 0.397994309663773 0.350790351629257 0.35094341635704 0.347927898168564 0.355024963617325 0.353019744157791 0.35564449429512 0.290160685777664 0.294949114322662 0.303559064865112 0.305949807167053 0.33723971247673 0.292871922254562 0.268955320119858 0.250261962413788 0.273259967565536 0.288466691970825 0.239072427153587 0.300934463739395 0.319428741931915 0.294318228960037 0.324100583791733 0.319298535585403 0.326738893985748 0.314503163099289
