data/climate_estimation/maxent_output/Wurmbea_drummondii.asc
NCOLS 454 
NROWS 45 
XLLCORNER 114.833333333333 
YLLCORNER -33.25 
CELLSIZE 0.0833333333333333 
NODATA_value -3.4e+38 
[rows 0 to 18 of 45, columns 129 to 171 of 454]
0.000616122328210622 0.000619743892457336 0.00063915818464011 0.000636680400930345 0.000585787172894925 0.000586165580898523 0.000591481395531446 0.000418526964494959 0.000433217850513756 0.000593805161770433 0.000589641917031258 0.000573765370063484 0.000522134942002594 0.000522134942002594 0.000522468821145594 0.000468001322587952 0.000466217956272885 0.000461485207779333 0.000415211718063802 0.000407405779697001 0.00040637215715833 0.000423744641011581 0.000435125519288704 0.000432124885264784 0.000405365222832188 0.000407938554417342 0.000412338791647926 0.000417033064877614 0.000415725487982854 0.000435635738540441 0.000381661404389888 0.000377846241462976 0.000381900696083903 0.000342284591170028 0.000339504447765648 0.000389713561162353 0.000394366652471945 0.000396090355934575 0.000398066535126418 0.000360681646270677 0.000365872692782432 0.000382396829081699 0.000414840877056122
0.005198591388762 0.000656969845294952 0.000664615479763597 0.000592924188822508 0.000596736674197018 0.000593304692301899 0.000599032326135784 0.000602487183641642 0.000592153752222657 0.000594043405726552 0.000600118248257786 0.000604702334385365 0.000535802391823381 0.000534448539838195 0.000534786784555763 0.000538857246283442 0.000545002636499703 0.00051809276919812 0.000475065317004919 0.000421754375565797 0.00041936943307519 0.000413553876569495 0.000413553876569495 0.000431720050983131 0.000427949998993427 0.000426073384005576 0.000381337071303278 0.000382769212592393 0.000382530270144343 0.000392598391044885 0.000400054588681087 0.000403800193453208 0.000364156992873177 0.000366641528671607 0.000355612806743011 0.000390523404348642 0.000391008710721508 0.000388586224289611 0.00039612891850993 0.00041705890907906 0.00041705890907906 0.000385768449632451 0.000389331777114421
0.00466717407107353 0.00439641950652003 0.00402971031144261 0.00441048899665475 0.00439140293747187 0.000663535261992365 0.00066903478000313 0.000671158311888576 0.000648538814857602 0.000601401086896658 0.000608274713158607 0.000613657757639885 0.000613657757639885 0.000589654373470694 0.000544418347999454 0.000542713154572994 0.000553689198568463 0.000527436437550932 0.000482699484564364 0.000443965982412919 0.000442858843598515 0.000394199567381293 0.000378359545720741 0.000380728335585445 0.000357379060005769 0.000392707326682284 0.000392951478715986 0.000381885911338031 0.00038212290382944 0.00038212290382944 0.000396134826587513 0.000365253392374143 0.000363462808309123 0.000378652359358966 0.000378652359358966 0.000378652359358966 0.000415566086303443 0.000420427095377818 0.000420427095377818 0.000421455246396363 0.000418375770095736 0.000351189606590196 0.000350975547917187
0.00397162046283484 0.00418830243870616 0.00429785344749689 0.00433888100087643 0.00439037475734949 0.00441541289910674 0.00406982935965061 0.00432202685624361 0.000545383372809738 0.000554007012397051 0.000618304300587624 0.000619464204646647 0.000619077414739877 0.000454855326097459 0.000457414018455893 0.000460554467281327 0.000504195457324386 0.000448696664534509 0.00044564445852302 0.000444538047304377 0.000410109001677483 0.000370069989003241 0.000397189054638147 0.00040238059591502 0.000396426243241876 0.000395692070014775 0.00036501872818917 0.000367495900718495 0.00040208498830907 0.000355681724613532 0.000360293663106859 0.000374865398043767 0.000378873257432133 0.000381425925297663 0.000387034757295623 0.000388916349038482 0.000405860104365274 0.000405860104365274 0.000405860104365274 0.000372045818949118 0.000372045818949118 0.000448390579549596 0.000445963756646961
0.000626526598352939 0.000640368438325822 0.00494591612368822 0.00476296478882432 0.00498003698885441 0.00510512059554458 0.0044694016687572 0.00452196644619107 0.00454735662788153 0.0044230786152184 0.00404341658577323 0.00404341658577323 0.00364486267790198 0.000457644782727584 0.000460490700788796 0.000468502956209704 0.000464208133053035 0.000452812440926209 0.000455327099189162 0.000416158844018355 0.000451408268418163 0.00042325074900873 0.00036954166716896 0.000399110635044053 0.000335853022988886 0.000402306293835863 0.000418050331063569 0.000383718608645722 0.000417462608311325 0.000344244210282341 0.0003725518763531 0.000371416506823152 0.000377116375602782 0.000380333338398486 0.00038241088623181 0.000384960178053007 0.000392115121940151 0.000392115121940151 0.000411371845984831 0.00037820782745257 0.000416070222854614 0.000466131343273446 0.000475608831038699
0.00073229888221249 0.000722252007108182 0.00529564032331109 0.00494988216087222 0.00494988216087222 0.00499284360557795 0.0047584380954504 0.00496402382850647 0.00505017442628741 0.00452173873782158 0.000594518962316215 0.00059488374972716 0.000600373547058553 0.000543044006917626 0.00054771761642769 0.000532923033460975 0.000478502683108672 0.000478502683108672 0.000475012231618166 0.000442943506641313 0.000411211920436472 0.00038811971899122 0.000383612263249233 0.000350600312231109 0.000353590497979894 0.000347991997841746 0.00038307681097649 0.000344156956998631 0.000359335768735036 0.00035642454167828 0.00035642454167828 0.000359223136911169 0.000357499229721725 0.000359439029125497 0.000366535212378949 0.000370059307897463 0.000371165049728006 0.000366315682185814 0.00040734899812378 0.000408564868848771 0.000426789920311421 0.000430855870945379 0.000433921522926539
0.00445555197075009 0.00441997032612562 0.00451842229813337 0.00550339557230473 0.00565399555489421 0.00417522015050054 0.00421105744317174 0.00410577701404691 0.00404867343604565 0.00375078595243394 0.00379425194114447 0.00384050374850631 0.00373527803458273 0.00051293388241902 0.000515423773322254 0.000489774800371379 0.000493643630761653 0.0004627390881069 0.000442686170572415 0.000460447772638872 0.000441036303527653 0.000386718340450898 0.000325157569022849 0.00032535326317884 0.000365822023013607 0.000366041931556538 0.000355491181835532 0.000344354164553806 0.000344147381838411 0.000355213356669992 0.000362520891940221 0.000377333955839276 0.000382070866180584 0.000385933293728158 0.000368611275916919 0.000377830350771546 0.000389546272344887 0.000431577296694741 0.000430307321948931 0.000396726187318563 0.000453693734016269 0.000397192285163328 0.000398592615965754
0.00444623595103621 0.00446478510275483 0.00402154959738255 0.00410809647291899 0.00455481931567192 0.00466963928192854 0.00454474193975329 0.00416193949058652 0.00424053752794862 0.00415941840037704 0.00372625282034278 0.00371283595450222 0.0037352149374783 0.0037352149374783 0.00376630597747862 0.000473197171231732 0.000429875974077731 0.000430133630288765 0.000462036172393709 0.000457632704637945 0.000467022735392675 0.000355828058673069 0.000368459994206205 0.000371107598766685 0.000371771398931742 0.000341781909810379 0.000367067666957155 0.000365548563422635 0.000396918476326391 0.000363169587217271 0.000359818339347839 0.000377161428332329 0.000388381740776822 0.000387015228625387 0.000391123961890116 0.000408245396101847 0.000417851173551753 0.000413736706832424 0.000416396098444238 0.000418336887378246 0.000421258708229288 0.000423948222305626 0.000463397009298205
0.00414326367899776 0.0042217718437314 0.00464182393625379 0.00511486036702991 0.0049420977011323 0.00503205647692084 0.00509897945448756 0.00490922387689352 0.00472840946167707 0.00457973638549447 0.00437917653471231 0.00421121204271913 0.00422879029065371 0.000554969301447272 0.00054218788864091 0.000554580881725997 0.00055721728131175 0.000450997787993401 0.000446664547780529 0.00043584595550783 0.000441051903180778 0.000442093703895807 0.000403803482186049 0.000390289147617295 0.000345154287060723 0.000376003008568659 0.000315979326842353 0.000314186239847913 0.000347254768712446 0.000348886387655511 0.000380661396775395 0.000379545788746327 0.000381779100280255 0.000391224515624344 0.000406659586587921 0.000408318883273751 0.000409506697906181 0.000383852020604536 0.000384960439987481 0.000386960542527959 0.000384073558961973 0.000406398816267028 0.000400774093577638
0.00462780660018325 0.00525514595210552 0.00528991734609008 0.0057632545940578 0.00581517163664103 0.00541169429197907 0.00546337338164449 0.00527584552764893 0.00538340816274285 0.00520804058760405 0.00477171130478382 0.00388663052581251 0.00429253606125712 0.00396744394674897 0.00394193176180124 0.00352303916588426 0.00306376488879323 0.0030908533371985 0.000475110835395753 0.000415750662796199 0.000411037559388205 0.000404044520109892 0.000416422204580158 0.000411254673963413 0.000389999826438725 0.000356398086296394 0.000316855031996965 0.000329536909703165 0.000325945176882669 0.000334359239786863 0.0003305223362986 0.000366955733625218 0.000369299639714882 0.000369299639714882 0.000371867208741605 0.000391344714444131 0.000391344714444131 0.000389680615626276 0.000388441229006276 0.000356578646460548 0.000354817981133237 0.000438127259258181 0.000436100584920496
0.00470300577580929 0.0059838374145329 0.00593074318021536 0.00589979952201247 0.00584763614460826 0.00558431772515178 0.00560408504679799 0.00563712976872921 0.00534832663834095 0.0044631352648139 0.00460146553814411 0.00418862607330084 0.00446968898177147 0.00442052120342851 0.0040251687169075 0.00397556181997061 0.00365461315959692 0.000494450330734253 0.000486629025544971 0.000487019453430548 0.000438000366557389 0.000442571967141703 0.000388315616874024 0.000422978569986299 0.000375854695448652 0.000375029310816899 0.000372871640138328 0.000329585280269384 0.000329014204908162 0.000330920214764774 0.000344222353305668 0.000343594147125259 0.000341088860295713 0.000349679583450779 0.000353936513420194 0.000346466025803238 0.000339762831572443 0.000353154406184331 0.000389177585020661 0.000427200284320861 0.0127489333972335 0.0126545708626509 0.0138798831030726
0.00498207658529282 0.00603326875716448 0.00565038248896599 0.00557023240253329 0.0055572148412466 0.0055897943675518 0.00571898743510246 0.00529445055872202 0.00508943572640419 0.00510713644325733 0.00506295636296272 0.00416974956169724 0.00426799571141601 0.00427045347169042 0.00405965279787779 0.00400449056178331 0.0036830804310739 0.00336420093663037 0.000510951096657664 0.000512196565978229 0.000398074800614268 0.000410329812439159 0.000405968225095421 0.000398098287405446 0.000390977220376953 0.000347296328982338 0.000378446071408689 0.000376832846086472 0.00033065167372115 0.000309085444314405 0.000304974673781544 0.000306230096612126 0.000305481691611931 0.000309965194901451 0.000333580188453197 0.000325442408211529 0.000340411497745663 0.000337556964950636 0.000363180588465184 0.0121044861152768 0.0118385134264827 0.01197449862957 0.013312797062099
0.00544056389480829 0.00611885543912649 0.00570901855826378 0.00645479746162891 0.00633208453655243 0.00646226713433862 0.00646598823368549 0.00653694290667772 0.00654443958774209 0.00574974482879043 0.00467842817306519 0.00513030868023634 0.00464144675061107 0.00422083586454391 0.00404813280329108 0.00376372039318085 0.00295310048386455 0.00291056511923671 0.00286766118369997 0.0004892906290479 0.000436042610090226 0.000395176029996946 0.00039270450361073 0.000377668824512511 0.000375329691451043 0.000373426562873647 0.000303397100651637 0.000306919653667137 0.000267514755250886 0.00029608781915158 0.000292902928777039 0.000289249932393432 0.000317449477734044 0.000320611870847642 0.000283884757664055 0.000320742867188528 0.00853815022855997 0.00766637362539768 0.0077144312672317 0.00834921095520258 0.00926828943192959 0.0099155493080616 0.00971818901598454
0.00650134775787592 0.00654819002375007 0.00650416314601898 0.00738456472754478 0.00739799346774817 0.00775012886151671 0.00708126230165362 0.00636163540184498 0.00627579912543297 0.00561192631721497 0.00527133047580719 0.00444388668984175 0.00443838210776448 0.00430138362571597 0.00382159627042711 0.00328812119551003 0.00304527790285647 0.00294514675624669 0.00260402727872133 0.00237033353187144 0.00218363828025758 0.00235513993538916 0.00033587499638088 0.000333796953782439 0.000328334193909541 0.000336104247253388 0.000294613157166168 0.000317721453029662 0.000286874681478366 0.000276946608209983 0.00842931307852268 0.00841883942484856 0.00833616964519024 0.00823474489152431 0.00861856620758772 0.00867192912846804 0.00863827299326658 0.00874671898782253 0.0075757154263556 0.00747151579707861 0.00812260806560516 0.0107256723567843 0.0107256723567843
0.00633990857750177 0.0071167298592627 0.00793998222798109 0.00701307412236929 0.00699379481375217 0.00678020482882857 0.00679568853229284 0.00668709818273783 0.0057832058519125 0.00480360630899668 0.00461957789957523 0.00422051781788468 0.0041412590071559 0.00364205753430724 0.00323819019831717 0.00325069227255881 0.00316150928847492 0.00287672900594771 0.00243818131275475 0.00226399558596313 0.00200754823163152 0.0018243946833536 0.00884906481951475 0.00870642345398664 0.00938750989735126 0.00824200268834829 0.00747567787766457 0.00765045825392008 0.00758396368473768 0.00743212131783366 0.00729456031695008 0.00706166215240955 0.00771819520741701 0.00797780603170395 0.00739804422482848 0.00816613528877497 0.00774912023916841 0.0076586939394474 0.00766480946913362 0.00831362791359425 0.00802868418395519 0.0104224793612957 0.0104224793612957
0.0063607357442379 0.00708617130294442 0.00841007102280855 0.00843975879251957 0.00743069965392351 0.00733710639178753 0.00721373641863465 0.00648566940799356 0.00569292111322284 0.00496316608041525 0.00496316608041525 0.00432865880429745 0.00425875093787909 0.00340152299031615 0.00310702249407768 0.00310702249407768 0.00300688366405666 0.00290430430322886 0.00263628223910928 0.00230279029347003 0.0099073788151145 0.00875478889793158 0.00764852482825518 0.00785285048186779 0.00695540104061365 0.00723180966451764 0.00678946683183312 0.0067824455909431 0.00599857466295362 0.00688283424824476 0.00680463900789618 0.00722601637244225 0.00699752941727638 0.00631870282813907 0.00735295610502362 0.0073034749366343 0.00718894600868225 0.00783286616206169 0.0075638834387064 0.00832336023449898 0.00820726621896029 0.00749997608363628 0.00727317715063691
0.00672034034505486 0.00824165809899569 0.0087095033377409 0.00849290657788515 0.00746112409979105 0.00724993972107768 0.00716412952169776 0.00679730158299208 0.00564275123178959 0.00562861235812306 0.00491519318893552 0.00449036946520209 0.00423002662137151 0.00344699923880398 0.00307450047694147 0.00310322619043291 0.00265498668886721 0.0115083064883947 0.0097698075696826 0.0089056920260191 0.00860125292092562 0.00848247017711401 0.00783429574221373 0.00712275644764304 0.00626943120732903 0.00655734492465854 0.00636417558416724 0.00554651953279972 0.00633245054632425 0.00554437423124909 0.00675920723006129 0.00648153480142355 0.00661753118038177 0.00574418995529413 0.00688072387129068 0.00625164294615388 0.00587692065164447 0.00657537626102567 0.00649510370567441 0.00656952429562807 0.00718675786629319 0.00736772920936346 0.00808322615921497
0.008872433565557 0.00825923401862383 0.00794548355042934 0.00794177036732435 0.00723503949120641 0.00706014549359679 0.00691554369404912 0.00563681637868285 0.00555928749963641 0.00550672831013799 0.00437034154310822 0.00415550032630563 0.00384986633434892 0.00345554575324059 0.00292296172119677 0.00258706696331501 0.00232178042642772 0.00227691326290369 0.00227691326290369 0.00919322203844786 0.00919322203844786 0.00740034831687808 0.00755713367834687 0.00649403966963291 0.00669476808980107 0.00584074854850769 0.00597185315564275 0.00585537869483232 0.00625872984528542 0.00518882367759943 0.00508425990119576 0.00531247816979885 0.00593726616352797 0.00556547893211246 0.00486910762265325 0.00608862424269319 0.00578841427341104 0.00626945775002241 0.00686290208250284 0.00676750438287854 0.00680266227573156 0.0069240634329617 0.00676437839865685
0.00886810664087534 0.0101096536964178 0.0104759130626917 0.0103001678362489 0.00832462962716818 0.00795118417590857 0.00701682968065143 0.00621991977095604 0.00572930788621306 0.00571480300277472 0.00490072462707758 0.00424654269590974 0.00380346924066544 0.00332938577048481 0.00306945340707898 0.00275467382743955 0.00246172770857811 0.00961615052074194 0.00948247592896223 0.00828579813241959 0.00808885134756565 0.00738859549164772 0.00687150051817298 0.00650444393977523 0.0052837273105979 0.0052837273105979 0.00595969194546342 0.00558875687420368 0.00575396977365017 0.00510319462046027 0.00523184332996607 0.00478066736832261 0.00544572714716196 0.005795877892524 0.00569415697827935 0.00547379767522216 0.00546204624697566 0.00569966621696949 0.006294802762568 0.00603522825986147 0.00666496437042952 0.00678391708061099 0.00739405024796724
