data/climate_estimation/maxent_output/Wurmbea_centralis.asc
NCOLS 304 
NROWS 158 
XLLCORNER 122 
YLLCORNER -38.0833333333333 
CELLSIZE 0.0833333333333334 
NODATA_value -3.4e+38 
[rows 40 to 59 of 158, columns 184 to 229 of 304]
0.138347625732422 0.140528321266174 0.337551921606064 0.331425905227661 0.35979562997818 0.35129052400589 0.312892258167267 0.317299842834473 0.300233602523804 0.295490503311157 0.302200555801392 0.302200555801392 0.323455661535263 0.360083848237991 0.3218614757061 0.304400771856308 0.326399087905884 0.335344314575195 0.308234125375748 0.343837082386017 0.169904708862305 0.16906601190567 0.181401520967484 0.166431352496147 0.166569471359253 0.17523504793644 0.174809753894806 0.353099554777145 0.369463354349136 0.359118461608887 0.364746928215027 0.178026497364044 0.183662682771683 0.167284399271011 0.156164884567261 0.135560974478722 0.277663588523865 0.260228872299194 0.246571123600006 0.0982471480965614 0.0902146399021149 0.0920228660106659 0.091803565621376 0.0968899428844452 0.0953574925661087 0.10424792021513
0.288261920213699 0.307901620864868 0.328748792409897 0.326417177915573 0.354618757963181 0.354362189769745 0.315175354480743 0.33337077498436 0.343355149030685 0.275028705596924 0.368809759616852 0.293707102537155 0.303286164999008 0.315921723842621 0.298562556505203 0.291814833879471 0.304414868354797 0.332140505313873 0.31150284409523 0.273644506931305 0.276843637228012 0.363251805305481 0.365345299243927 0.36839684844017 0.385241389274597 0.38687539100647 0.388512372970581 0.337138712406158 0.360676109790802 0.360176861286163 0.360176861286163 0.174755588173866 0.18441167473793 0.183669969439507 0.137074872851372 0.28048512339592 0.280916512012482 0.24443008005619 0.245393425226212 0.10665213316679 0.116096295416355 0.0907620713114738 0.0873598605394363 0.0958538576960564 0.0936865657567978 0.0973349884152412
0.277953594923019 0.28564241528511 0.334397584199905 0.333665788173676 0.332270294427872 0.309666156768799 0.312173843383789 0.309698402881622 0.285876005887985 0.274050682783127 0.253936201334 0.297070205211639 0.288469433784485 0.320914894342422 0.315448403358459 0.316680461168289 0.264076441526413 0.263663440942764 0.270154893398285 0.272590786218643 0.283796638250351 0.359192728996277 0.359464049339294 0.361960381269455 0.385531693696976 0.388800084590912 0.387436807155609 0.400976687669754 0.363296270370483 0.358621954917908 0.361475080251694 0.366689890623093 0.363315343856812 0.367489635944366 0.345756322145462 0.342989593744278 0.319282114505768 0.309719264507294 0.290959745645523 0.232480689883232 0.114958971738815 0.087814599275589 0.0852282419800758 0.0867796614766121 0.0930859968066216 0.0942988023161888
0.28462490439415 0.291767030954361 0.337861180305481 0.326469719409943 0.334225177764893 0.229994922876358 0.229994922876358 0.23461976647377 0.230450466275215 0.275316804647446 0.275092989206314 0.523458123207092 0.271380186080933 0.297016888856888 0.288195580244064 0.325194865465164 0.32785838842392 0.302260249853134 0.270576685667038 0.289937555789948 0.285106152296066 0.353125095367432 0.3285011947155 0.381574153900146 0.381304264068604 0.37807223200798 0.383213102817535 0.334045052528381 0.333799540996552 0.333574235439301 0.337178409099579 0.34039893746376 0.367489635944366 0.359017550945282 0.345782160758972 0.317884027957916 0.277809023857117 0.299953818321228 0.283610880374908 0.264646083116531 0.206050500273705 0.201688185334206 0.187141448259354 0.196450442075729 0.184198051691055 0.0836796835064888
0.281795740127563 0.279437899589539 0.299563944339752 0.337906420230865 0.248111411929131 0.229449108242989 0.44183212518692 0.478186279535294 0.47972697019577 0.275528162717819 0.275303989648819 0.274957567453384 0.27158984541893 0.297694325447083 0.290851712226868 0.29174017906189 0.32785838842392 0.304548770189285 0.291927546262741 0.287388056516647 0.280007064342499 0.353653311729431 0.330936640501022 0.378447949886322 0.374989926815033 0.379708409309387 0.37579083442688 0.339483767747879 0.328056305646896 0.33431002497673 0.309453040361404 0.338265359401703 0.312707275152206 0.305877447128296 0.296680301427841 0.291990250349045 0.277408987283707 0.286012440919876 0.283415347337723 0.209050670266151 0.201525315642357 0.202035844326019 0.180601805448532 0.180775120854378 0.178325489163399 0.195708364248276
0.285029619932175 0.279078841209412 0.239760890603065 0.258309721946716 0.25044572353363 0.21723361313343 0.45563679933548 0.483120650053024 0.482792854309082 0.516335666179657 0.253605335950851 0.277499496936798 0.273060172796249 0.293298780918121 0.295085817575455 0.294640213251114 0.260694324970245 0.259279042482376 0.267340928316116 0.260662794113159 0.259662717580795 0.257244169712067 0.540286004543304 0.353926926851273 0.35471373796463 0.350885719060898 0.381435424089432 0.378486216068268 0.328056305646896 0.327353924512863 0.330262571573257 0.316214472055435 0.312543839216232 0.301865547895432 0.296680301427841 0.300282120704651 0.281114369630814 0.279403358697891 0.261071503162384 0.237299457192421 0.231281310319901 0.198370054364204 0.18285807967186 0.178471937775612 0.176075503230095 0.189616426825523
0.21704974770546 0.211295142769814 0.232901573181152 0.247336328029633 0.252401322126389 0.454140424728394 0.458933919668198 0.477354735136032 0.477661490440369 0.520153641700745 0.512511074542999 0.582170307636261 0.288119912147522 0.315315246582031 0.310025990009308 0.258547127246857 0.49029728770256 0.235261932015419 0.25595036149025 0.259258657693863 0.261485725641251 0.253549069166183 0.309501647949219 0.570018351078033 0.572977900505066 0.563768982887268 0.572347044944763 0.382259845733643 0.330262571573257 0.310012936592102 0.309089154005051 0.30839729309082 0.299830555915833 0.301435112953186 0.298278898000717 0.299854695796967 0.274827033281326 0.275037705898285 0.237486258149147 0.232932299375534 0.231830805540085 0.183306559920311 0.164974987506866 0.160996332764626 0.173281207680702 0.172002494335175
0.215540334582329 0.45635575056076 0.35241425037384 0.413417369127274 0.250733464956284 0.445295304059982 0.450657099485397 0.473983764648438 0.484719097614288 0.550261795520782 0.290739059448242 0.576896905899048 0.572395026683807 0.308864235877991 0.476666539907455 0.486565589904785 0.454331487417221 0.495663613080978 0.255760461091995 0.289366871118546 0.280968010425568 0.257551729679108 0.31368014216423 0.308346390724182 0.286197513341904 0.288599163293839 0.575959503650665 0.576616227626801 0.513010025024414 0.51490843296051 0.30527600646019 0.304591447114944 0.299017906188965 0.299017906188965 0.291661441326141 0.275459349155426 0.278230965137482 0.256395161151886 0.233116194605827 0.233324781060219 0.230212599039078 0.180702313780785 0.178545355796814 0.160935282707214 0.157050952315331 0.172569990158081
0.457547605037689 0.455132901668549 0.552489101886749 0.573277354240417 0.590907752513885 0.452421575784683 0.457873553037643 0.482968211174011 0.480796277523041 0.510398983955383 0.508808434009552 0.454424560070038 0.453523367643356 0.481907457113266 0.444400310516357 0.448781698942184 0.455844789743423 0.230911701917648 0.253260552883148 0.265974581241608 0.262106984853745 0.26191771030426 0.277664691209793 0.311602383852005 0.287069499492645 0.300440967082977 0.292127639055252 0.579264283180237 0.507952988147736 0.510513305664062 0.516833603382111 0.485864877700806 0.294992446899414 0.277595609426498 0.272188007831573 0.270729869604111 0.272422283887863 0.273257106542587 0.232590094208717 0.232590094208717 0.229025140404701 0.176799461245537 0.174137368798256 0.162161126732826 0.159147277474403 0.157442510128021
0.378298878669739 0.363939046859741 0.402043551206589 0.391379415988922 0.399831801652908 0.469026207923889 0.46570286154747 0.482968211174011 0.482952028512955 0.511980652809143 0.444932997226715 0.45621332526207 0.445297092199326 0.478015452623367 0.446486383676529 0.448781698942184 0.235320419073105 0.257622748613358 0.256936401128769 0.262180030345917 0.261360973119736 0.260778963565826 0.266411513090134 0.30820232629776 0.282175004482269 0.283467978239059 0.531903088092804 0.505598187446594 0.469545066356659 0.503087043762207 0.503087043762207 0.47768759727478 0.466762185096741 0.272188007831573 0.275350749492645 0.267918467521667 0.267535358667374 0.270810335874557 0.249430328607559 0.226679980754852 0.224261447787285 0.222539573907852 0.172359600663185 0.173777475953102 0.160227417945862 0.15236109495163
0.372254580259323 0.374567598104477 0.399555653333664 0.404260188341141 0.439624756574631 0.445479720830917 0.433559745550156 0.490978062152863 0.487891554832458 0.455322235822678 0.461607068777084 0.481474697589874 0.441560000181198 0.474137961864471 0.470618575811386 0.441799134016037 0.229705169796944 0.252324342727661 0.233902126550674 0.251554131507874 0.251571089029312 0.257839560508728 0.268613696098328 0.311673879623413 0.305470019578934 0.278412699699402 0.289344042539597 0.295674413442612 0.46924152970314 0.470189809799194 0.472618043422699 0.48108446598053 0.479522615671158 0.438964277505875 0.517173409461975 0.516225934028625 0.520649492740631 0.27124959230423 0.26879894733429 0.24431411921978 0.228196978569031 0.174593180418015 0.174514696002007 0.173094183206558 0.168815732002258 0.166511222720146
0.377244055271149 0.380342185497284 0.402073919773102 0.409822791814804 0.417703032493591 0.441695362329483 0.477604597806931 0.493453949689865 0.401808738708496 0.421111285686493 0.453313201665878 0.440091341733932 0.485087156295776 0.44048747420311 0.466787189245224 0.465901643037796 0.441823482513428 0.246172606945038 0.244269788265228 0.251247614622116 0.257637232542038 0.260790586471558 0.285484164953232 0.283115565776825 0.305774480104446 0.277987450361252 0.286950618028641 0.287384927272797 0.290189236402512 0.474137306213379 0.475387990474701 0.489972919225693 0.473225593566895 0.463290691375732 0.435863375663757 0.510978102684021 0.516951441764832 0.264549046754837 0.272104561328888 0.244695752859116 0.236166372895241 0.191881701350212 0.404508769512177 0.402066558599472 0.384240984916687 0.385860204696655
0.371735721826553 0.414535284042358 0.400696247816086 0.410418957471848 0.441403955221176 0.481260001659393 0.414305716753006 0.404860705137253 0.395255148410797 0.396617233753204 0.441851109266281 0.449222207069397 0.450422823429108 0.469062238931656 0.447722434997559 0.460016429424286 0.456424325704575 0.22856380045414 0.224996134638786 0.23094417154789 0.272934526205063 0.277711927890778 0.280403763055801 0.246570810675621 0.255100429058075 0.28485494852066 0.286364555358887 0.291325777769089 0.290670067071915 0.308966964483261 0.507303476333618 0.477820187807083 0.472352057695389 0.478733032941818 0.468823969364166 0.516359925270081 0.513218820095062 0.511335492134094 0.506005227565765 0.500812411308289 0.469801515340805 0.41736176609993 0.403173416852951 0.420886278152466 0.410207539796829 0.471067905426025
0.381638556718826 0.444669902324677 0.406186252832413 0.431862741708755 0.431574612855911 0.392613381147385 0.382680505514145 0.40130478143692 0.428154587745667 0.369270831346512 0.442520380020142 0.451904892921448 0.44783353805542 0.475008219480515 0.436161756515503 0.389947503805161 0.442128002643585 0.419043362140656 0.411203473806381 0.230602979660034 0.246841281652451 0.254114925861359 0.275398850440979 0.218476623296738 0.272497951984406 0.281935006380081 0.291582942008972 0.288544774055481 0.286166906356812 0.307655245065689 0.306517601013184 0.50761616230011 0.504178464412689 0.471238434314728 0.46826234459877 0.474295884370804 0.509506285190582 0.502993941307068 0.500500917434692 0.498694628477097 0.494769185781479 0.438064336776733 0.426595062017441 0.412741750478745 0.443958669900894 0.484035491943359
0.375431686639786 0.408636093139648 0.327458530664444 0.352260321378708 0.351254940032959 0.381389707326889 0.432356417179108 0.431610375642776 0.460850149393082 0.561147928237915 0.437038034200668 0.448128163814545 0.478181034326553 0.447807908058167 0.361497074365616 0.364711850881577 0.375927448272705 0.386268258094788 0.413254171609879 0.390627890825272 0.244423672556877 0.244571283459663 0.26520636677742 0.276803016662598 0.22300386428833 0.230070993304253 0.247048765420914 0.304531663656235 0.305660903453827 0.30430606007576 0.303629904985428 0.502088129520416 0.509525299072266 0.477475196123123 0.477679640054703 0.470301926136017 0.469540596008301 0.510097563266754 0.533821523189545 0.526459753513336 0.438933134078979 0.434920638799667 0.416757255792618 0.449838191270828 0.450427442789078 0.519135117530823
0.376254618167877 0.317431569099426 0.345393598079681 0.370529860258102 0.369132250547409 0.3732088804245 0.535250544548035 0.571906387805939 0.571906387805939 0.400964170694351 0.386842668056488 0.387387692928314 0.443495512008667 0.363300234079361 0.350697934627533 0.356852889060974 0.352061420679092 0.402008712291718 0.383946150541306 0.40565100312233 0.24380150437355 0.21325458586216 0.215296551585197 0.201790198683739 0.216863080859184 0.236815854907036 0.243133455514908 0.238238289952278 0.242005050182343 0.245760962367058 0.24700927734375 0.24568372964859 0.502125382423401 0.50684642791748 0.470504820346832 0.468646675348282 0.471072614192963 0.545918226242065 0.533239543437958 0.525245547294617 0.445601731538773 0.444617569446564 0.451311767101288 0.475686877965927 0.483657658100128 0.512643277645111
0.32938414812088 0.347161680459976 0.340939313173294 0.363155871629715 0.369971573352814 0.420990526676178 0.52733588218689 0.568048119544983 0.535005927085876 0.624852657318115 0.592014849185944 0.517045676708221 0.393748819828033 0.376990914344788 0.544745445251465 0.548001050949097 0.390700489282608 0.390700489282608 0.385861605405807 0.187427952885628 0.242357850074768 0.190391138195992 0.213511899113655 0.459747344255447 0.218579068779945 0.462007880210876 0.221679136157036 0.456251233816147 0.463653653860092 0.227023348212242 0.242087349295616 0.251294732093811 0.251959651708603 0.516846120357513 0.50051212310791 0.472846537828445 0.493484675884247 0.540960907936096 0.537493228912354 0.480343222618103 0.475075900554657 0.466233134269714 0.480917751789093 0.491162121295929 0.494911223649979 0.518824875354767
0.319721132516861 0.335932403802872 0.433004468679428 0.425521224737167 0.490569442510605 0.332468181848526 0.552346765995026 0.554543256759644 0.59654027223587 0.600158095359802 0.55376136302948 0.550628840923309 0.579854488372803 0.523577153682709 0.556190192699432 0.552172183990479 0.34675121307373 0.38273212313652 0.373300403356552 0.380010604858398 0.414975106716156 0.415045976638794 0.45022252202034 0.451104193925858 0.375329911708832 0.376118093729019 0.460446745157242 0.406301409006119 0.488952666521072 0.246149733662605 0.232345685362816 0.24672919511795 0.248038962483406 0.243619188666344 0.467768311500549 0.49695211648941 0.49272882938385 0.541066825389862 0.533205151557922 0.476575762033463 0.471918374300003 0.463770002126694 0.486967951059341 0.490468740463257 0.460865199565887 0.520372986793518
0.344324290752411 0.313100665807724 0.451092213392258 0.43972048163414 0.473162472248077 0.471078753471375 0.533184826374054 0.433244913816452 0.547373592853546 0.360729485750198 0.584878981113434 0.576943755149841 0.583327114582062 0.551196873188019 0.514237344264984 0.521584689617157 0.356312483549118 0.38516753911972 0.347876757383347 0.330704838037491 0.378934115171432 0.337319076061249 0.342621117830276 0.336215823888779 0.37002021074295 0.392580717802048 0.397193282842636 0.403662830591202 0.417272597551346 0.502442836761475 0.414178282022476 0.250317811965942 0.243617713451385 0.242143511772156 0.496199637651443 0.4937943816185 0.488607555627823 0.477610141038895 0.478200644254684 0.477025538682938 0.461743801832199 0.463060051202774 0.491071999073029 0.461331874132156 0.465838700532913 0.517235994338989
0.406195342540741 0.424483388662338 0.423392653465271 0.380818068981171 0.459296554327011 0.454583734273911 0.491191208362579 0.396370559930801 0.56596565246582 0.380120128393173 0.547459363937378 0.538923025131226 0.544365346431732 0.50681859254837 0.508343875408173 0.514127790927887 0.507332503795624 0.482478022575378 0.446268677711487 0.48216238617897 0.487150877714157 0.483440220355988 0.482402771711349 0.515163064002991 0.517143845558167 0.455025136470795 0.468607246875763 0.475344985723495 0.409778028726578 0.413501590490341 0.410285830497742 0.416229516267776 0.508158326148987 0.238811567425728 0.497244387865067 0.499164938926697 0.40566611289978 0.40021824836731 0.481133610010147 0.471485584974289 0.562753677368164 0.557617664337158 0.491395980119705 0.465113401412964 0.467576831579208 0.454464018344879
