data/climate_estimation/maxent_output/Wurmbea_kraussii.asc
NCOLS 92 
NROWS 75 
XLLCORNER 24.9166666666667 
YLLCORNER -31.5 
CELLSIZE 0.0833333333333333 
NODATA_value -3.4e+38 
[rows 0 to 19 of 75, columns 45 to 89 of 92]
0.0283364076167345 0.0224645026028156 0.033569909632206 0.0415933318436146 0.0132857486605644 0.0101531026884913 0.00631481688469648 0.0152588663622737 0.00632050214335322 0.0134734427556396 0.0506255067884922 0.0738353580236435 0.171188175678253 0.243507280945778 0.276557505130768 0.793926537036896 0.931472659111023 0.942344307899475 0.959947407245636 0.939467668533325 0.166530132293701 0.700119316577911 0.823917746543884 0.649475753307343 0.778510987758636 0.69181102514267 0.619929015636444 0.492444217205048 0.473962783813477 0.374493330717087 0.189182281494141 0.214396551251411 0.273367434740067 0.183311238884926 0.141160294413567 0.0822632983326912 0.0849441736936569 0.0702799558639526 0.062928281724453 0.0665608048439026 0.0760970115661621 0.041684091091156 0.0363479927182198 0.0396929383277893 0.0512923337519169
0.0391493700444698 0.105338990688324 0.0531490556895733 0.033587958663702 0.0366677418351173 0.0449957363307476 0.0378558747470379 0.0154823232442141 0.00606427667662501 0.0153902219608426 0.0471019484102726 0.106732852756977 0.319816738367081 0.387880235910416 0.274428516626358 0.784220039844513 0.929678797721863 0.944932460784912 0.947108387947083 0.454581171274185 0.198227107524872 0.496078968048096 0.491485029459 0.66290557384491 0.615084290504456 0.629962503910065 0.515970826148987 0.473734557628632 0.471201390028 0.41044494509697 0.281114876270294 0.183431386947632 0.277975469827652 0.224205553531647 0.110099941492081 0.0947623401880264 0.0958968922495842 0.0719241946935654 0.0525472313165665 0.0492027103900909 0.0794765055179596 0.0406286381185055 0.0352787859737873 0.0435346104204655 0.0610123015940189
0.0920759290456772 0.125879272818565 0.0593252331018448 0.0469513423740864 0.0597935207188129 0.121041268110275 0.0485154464840889 0.0158318467438221 0.0377183370292187 0.0401007160544395 0.0765401870012283 0.110446870326996 0.527295768260956 0.783721685409546 0.273702651262283 0.874321162700653 0.926032364368439 0.934836864471436 0.854666650295258 0.337698966264725 0.471727252006531 0.673916101455688 0.959330797195435 0.714957654476166 0.595135748386383 0.574928641319275 0.504391670227051 0.337910920381546 0.343104124069214 0.330139875411987 0.389081567525864 0.359589189291 0.315152555704117 0.250525534152985 0.160406708717346 0.157100453972816 0.153850644826889 0.103877522051334 0.0502561293542385 0.0495933853089809 0.0460387617349625 0.040213830769062 0.0421232394874096 0.0500912815332413 0.0665322318673134
0.11547864228487 0.155715733766556 0.121559262275696 0.0616236254572868 0.0412485972046852 0.0379688441753387 0.0181723162531853 0.0935095846652985 0.189918085932732 0.115087255835533 0.141280129551888 0.15096652507782 0.491209894418716 0.796517431735992 0.435733497142792 0.847936511039734 0.920442163944244 0.939624786376953 0.920637786388397 0.869400858879089 0.889086723327637 0.936987936496735 0.923644959926605 0.724950015544891 0.749394834041595 0.846018970012665 0.625794529914856 0.596329212188721 0.565849900245667 0.497582942247391 0.479895025491714 0.30092653632164 0.245456829667091 0.242115691304207 0.331228613853455 0.24252937734127 0.167841196060181 0.10619280487299 0.0546355508267879 0.0571788512170315 0.0596377663314342 0.0402012728154659 0.0421425811946392 0.057204082608223 0.0885641425848007
0.140825212001801 0.137539774179459 0.105315774679184 0.062470331788063 0.054522555321455 0.086523026227951 0.0387386567890644 0.0814692974090576 0.0966274738311768 0.122600071132183 0.17572309076786 0.217765599489212 0.461245208978653 0.58225554227829 0.429550111293793 0.761483609676361 0.89901077747345 0.9276282787323 0.861884713172913 0.693002462387085 0.629926800727844 0.57356858253479 0.848222732543945 0.803358554840088 0.855104863643646 0.777911305427551 0.602488696575165 0.575813591480255 0.568665683269501 0.555510818958282 0.398359715938568 0.280538648366928 0.395571976900101 0.372900754213333 0.266974419355392 0.145205944776535 0.114543482661247 0.0879388898611069 0.0844583883881569 0.0794903934001923 0.0971744284033775 0.0528319664299488 0.0507470704615116 0.0632970035076141 0.0926044285297394
0.267433524131775 0.139957681298256 0.126750692725182 0.0783437192440033 0.0967850238084793 0.0879572555422783 0.0880337432026863 0.068351686000824 0.0758093297481537 0.0912777334451675 0.128931745886803 0.25538295507431 0.493009120225906 0.553345322608948 0.464660674333572 0.893268287181854 0.918849408626556 0.923339486122131 0.733179986476898 0.906833171844482 0.979618191719055 0.983885407447815 0.9787358045578 0.925853490829468 0.908329963684082 0.747774302959442 0.563339531421661 0.501193344593048 0.449243068695068 0.514662504196167 0.429737865924835 0.408360719680786 0.428154051303864 0.293369263410568 0.180130213499069 0.195585265755653 0.163749739527702 0.115699350833893 0.123127311468124 0.215043216943741 0.170505255460739 0.0778284817934036 0.0621510483324528 0.0722948089241982 0.108977600932121
0.144153267145157 0.119878001511097 0.106062479317188 0.110101841390133 0.102721944451332 0.0998443514108658 0.104086875915527 0.0774067342281342 0.110192909836769 0.0689069628715515 0.0902751907706261 0.213389337062836 0.275352567434311 0.384994924068451 0.584536135196686 0.818991482257843 0.840859293937683 0.881992638111115 0.719635546207428 0.964228212833405 0.970355272293091 0.935810148715973 0.908322334289551 0.866268336772919 0.876852929592133 0.868227362632751 0.67317807674408 0.541785538196564 0.589650332927704 0.565743446350098 0.489990532398224 0.400207489728928 0.251741468906403 0.211972907185555 0.231236815452576 0.228302657604218 0.202609807252884 0.14990571141243 0.18804258108139 0.34920546412468 0.305864840745926 0.0876033008098602 0.0834282487630844 0.0989487320184708 0.112359374761581
0.140520259737968 0.218829125165939 0.1144954636693 0.202100604772568 0.188678309321404 0.17929507791996 0.132580295205116 0.0904604122042656 0.105945356190205 0.130087375640869 0.179713353514671 0.181012451648712 0.279881596565247 0.338115692138672 0.394960880279541 0.441328644752502 0.650716304779053 0.40769100189209 0.42166405916214 0.866489708423615 0.958212733268738 0.884648561477661 0.860307157039642 0.663284659385681 0.771461844444275 0.861172914505005 0.805532097816467 0.82384067773819 0.803440570831299 0.608337342739105 0.48920738697052 0.438965201377869 0.358193337917328 0.351053148508072 0.216880068182945 0.216936051845551 0.187766686081886 0.153266742825508 0.230566710233688 0.447725832462311 0.371795654296875 0.170866876840591 0.105405926704407 0.116057798266411 0.105533875524998
0.231590002775192 0.224555879831314 0.180802717804909 0.222846254706383 0.192458271980286 0.203289598226547 0.131197705864906 0.110538683831692 0.135971933603287 0.144559890031815 0.18793398141861 0.131014749407768 0.16890949010849 0.324346274137497 0.367876529693604 0.408309906721115 0.373314529657364 0.392685055732727 0.707971036434174 0.931572437286377 0.979279279708862 0.925424695014954 0.768305063247681 0.626900255680084 0.626385867595673 0.625485718250275 0.742242097854614 0.704786002635956 0.596897482872009 0.600897073745728 0.535823225975037 0.541530311107635 0.457914739847183 0.26195102930069 0.168716579675674 0.162626132369041 0.14326123893261 0.158537641167641 0.349954217672348 0.523303329944611 0.441863387823105 0.208956465125084 0.144598409533501 0.112639769911766 0.105165176093578
0.236782371997833 0.246332690119743 0.221131831407547 0.218021094799042 0.220614477992058 0.205663546919823 0.126951977610588 0.116772808134556 0.131126910448074 0.174761950969696 0.201992273330688 0.147251531481743 0.181260004639626 0.204937651753426 0.225903570652008 0.246020019054413 0.249141603708267 0.48156526684761 0.798246324062347 0.920134425163269 0.93060976266861 0.923466324806213 0.902686297893524 0.783424139022827 0.734401643276215 0.613852560520172 0.523947834968567 0.534666359424591 0.514541506767273 0.476937592029572 0.443518191576004 0.353017181158066 0.396018266677856 0.201464205980301 0.15838460624218 0.18390479683876 0.145284667611122 0.129893183708191 0.230534330010414 0.360202252864838 0.396161258220673 0.160495772957802 0.123993955552578 0.0973416268825531 0.115345202386379
0.233710169792175 0.252633094787598 0.22938460111618 0.230230703949928 0.233782306313515 0.206751689314842 0.138491094112396 0.12620384991169 0.137104272842407 0.153535544872284 0.204791784286499 0.262494534254074 0.186755552887917 0.242399752140045 0.236682265996933 0.292966842651367 0.30477100610733 0.512346804141998 0.819452226161957 0.942193448543549 0.977267682552338 0.987357556819916 0.954545021057129 0.982626855373383 0.973630428314209 0.953085780143738 0.851283967494965 0.626542210578918 0.765941739082336 0.77272766828537 0.639566004276276 0.429485708475113 0.339684098958969 0.21291795372963 0.16091600060463 0.165938168764114 0.100813210010529 0.100981861352921 0.108460262417793 0.128289818763733 0.33103346824646 0.175122946500778 0.0711093544960022 0.122730918228626 0.137974038720131
0.242780745029449 0.227505132555962 0.217453733086586 0.242673620581627 0.256140142679214 0.212219342589378 0.138469591736794 0.126534357666969 0.147621154785156 0.151015788316727 0.199291422963142 0.15457658469677 0.201466858386993 0.241502538323402 0.268109142780304 0.310290068387985 0.360087037086487 0.535684883594513 0.804800391197205 0.976242184638977 0.991370320320129 0.994167268276215 0.996602416038513 0.995741665363312 0.991816103458405 0.988562226295471 0.957800269126892 0.925057291984558 0.849697530269623 0.816669106483459 0.667740941047668 0.587054967880249 0.514569997787476 0.333236932754517 0.163621917366982 0.0981436744332314 0.0878702029585838 0.0957556888461113 0.103911101818085 0.0698894187808037 0.269822329282761 0.107010506093502 0.0696785897016525 0.134806126356125 0.159535184502602
0.236055701971054 0.233350723981857 0.221233233809471 0.243674114346504 0.247686207294464 0.231125295162201 0.133945390582085 0.135172203183174 0.16401232779026 0.155996322631836 0.194397762417793 0.1549232006073 0.217857971787453 0.284225344657898 0.308552533388138 0.319959431886673 0.359854519367218 0.587800979614258 0.752957761287689 0.93339592218399 0.981780827045441 0.995802164077759 0.996147572994232 0.993310451507568 0.98325502872467 0.946965157985687 0.958774209022522 0.900998592376709 0.848570585250854 0.789550423622131 0.701640784740448 0.587145328521729 0.494990617036819 0.380977869033813 0.174133718013763 0.0718940794467926 0.0852424800395966 0.0937119647860527 0.135437980294228 0.236617386341095 0.465788125991821 0.192707136273384 0.0558382123708725 0.174350515007973 0.188537061214447
0.266086101531982 0.280583828687668 0.293016880750656 0.292030692100525 0.274367332458496 0.224466979503632 0.147338449954987 0.141562148928642 0.168804153800011 0.187051936984062 0.204758867621422 0.16436393558979 0.230735778808594 0.292274057865143 0.219278901815414 0.209022969007492 0.325746089220047 0.388873487710953 0.612736225128174 0.807374060153961 0.954060971736908 0.994101107120514 0.996618807315826 0.996905922889709 0.991435706615448 0.94281131029129 0.933112800121307 0.913171350955963 0.744026362895966 0.703737795352936 0.690264523029327 0.664196491241455 0.592319369316101 0.457225054502487 0.143933236598969 0.148188054561615 0.0992906764149666 0.101321414113045 0.194507956504822 0.631282150745392 0.544461309909821 0.280967622995377 0.171091690659523 0.275303065776825 0.247247457504272
0.224452078342438 0.283636063337326 0.292992681264877 0.225012212991714 0.228030800819397 0.236641779541969 0.154194489121437 0.182307153940201 0.189606621861458 0.206524446606636 0.214133858680725 0.272847265005112 0.218144595623016 0.244848862290382 0.191842466592789 0.131103008985519 0.234424158930779 0.404331564903259 0.417383253574371 0.634971797466278 0.84877473115921 0.96419757604599 0.990239024162292 0.994917094707489 0.993584871292114 0.979993581771851 0.838734209537506 0.907655537128448 0.761967599391937 0.744546115398407 0.606216430664062 0.61242413520813 0.643134236335754 0.605718016624451 0.194755762815475 0.185839951038361 0.127920970320702 0.0802710130810738 0.163856148719788 0.712717890739441 0.485229998826981 0.323435962200165 0.237583681941032 0.332676500082016 0.271698534488678
0.160490944981575 0.2735316157341 0.251255095005035 0.222630739212036 0.193206802010536 0.153195753693581 0.153689980506897 0.171692162752151 0.189309179782867 0.179419696331024 0.212095394730568 0.238844394683838 0.200916960835457 0.222639635205269 0.165421664714813 0.134293362498283 0.226214274764061 0.263562262058258 0.433972477912903 0.673909783363342 0.841863870620728 0.854609072208405 0.942820310592651 0.980222702026367 0.988581418991089 0.974308013916016 0.903544008731842 0.846175372600555 0.759243667125702 0.761942148208618 0.660894155502319 0.659770548343658 0.54680198431015 0.243470057845116 0.342601954936981 0.13403707742691 0.088165819644928 0.0547151975333691 0.104736015200615 0.290877163410187 0.653274416923523 0.349348664283752 0.233724966645241 0.273875892162323 0.284045726060867
0.184647887945175 0.173862159252167 0.260143548250198 0.227474257349968 0.130686894059181 0.138634115457535 0.156152963638306 0.166212737560272 0.161840185523033 0.173836097121239 0.175002306699753 0.2226223051548 0.190993100404739 0.20694175362587 0.165620550513268 0.213429763913155 0.230643466114998 0.266010135412216 0.434726387262344 0.671405017375946 0.763432562351227 0.789739370346069 0.934901893138885 0.90226274728775 0.953109860420227 0.954573571681976 0.926531970500946 0.926017343997955 0.848946154117584 0.8286292552948 0.825244009494781 0.758115470409393 0.180538848042488 0.104568682610989 0.343900769948959 0.0716076493263245 0.056774515658617 0.0502570010721684 0.0681496784090996 0.0968248173594475 0.505272567272186 0.291892111301422 0.184083387255669 0.230436757206917 0.236473277211189
0.180884853005409 0.16650079190731 0.237797752022743 0.180552735924721 0.123170398175716 0.130797013640404 0.0877873599529266 0.0890710800886154 0.107530400156975 0.102669112384319 0.0991129502654076 0.178167149424553 0.249067947268486 0.165894106030464 0.228171139955521 0.204927027225494 0.314100086688995 0.400189459323883 0.402484685182571 0.523567616939545 0.731472790241241 0.876084804534912 0.891547203063965 0.898174047470093 0.903813123703003 0.879371464252472 0.801681101322174 0.857347309589386 0.843422710895538 0.879805386066437 0.914973676204681 0.760743200778961 0.226619631052017 0.26562887430191 0.33355987071991 0.0574625805020332 0.0424625016748905 0.0408501997590065 0.0620340071618557 0.0521774888038635 0.308900505304337 0.236357972025871 0.13708920776844 0.145210713148117 0.175707414746284
0.232820197939873 0.21463468670845 0.182652309536934 0.172614172101021 0.121997155249119 0.0768639966845512 0.0816987603902817 0.0822421535849571 0.0955284461379051 0.106667876243591 0.0955444499850273 0.184092149138451 0.213092759251595 0.22060564160347 0.191837191581726 0.247475028038025 0.313752800226212 0.405279129743576 0.6255002617836 0.572969436645508 0.674104034900665 0.853402853012085 0.896233260631561 0.940132737159729 0.932561576366425 0.896848380565643 0.87255197763443 0.863119184970856 0.885693550109863 0.9339200258255 0.956822395324707 0.81821620464325 0.600687444210052 0.854172587394714 0.706687927246094 0.0801539942622185 0.0575565956532955 0.0461798571050167 0.0547237806022167 0.0432872772216797 0.240279674530029 0.150208339095116 0.100772336125374 0.110188044607639 0.120339393615723
0.200572520494461 0.176924869418144 0.161226898431778 0.113294743001461 0.111521609127522 0.0686066895723343 0.0460805222392082 0.045920692384243 0.0826538428664207 0.0881322547793388 0.139944523572922 0.165841579437256 0.180873781442642 0.216486662626266 0.253883689641953 0.374481528997421 0.481510400772095 0.539735198020935 0.632368803024292 0.724891602993011 0.657318413257599 0.833504319190979 0.922995507717133 0.930649280548096 0.930246949195862 0.945100665092468 0.900873482227325 0.903901219367981 0.906253457069397 0.951752901077271 0.907241106033325 0.553050458431244 0.837116718292236 0.738992512226105 0.270755767822266 0.108737431466579 0.0585167109966278 0.0502083525061607 0.0458057075738907 0.0437752194702625 0.436114192008972 0.0964175760746002 0.0661202669143677 0.0830240473151207 0.122387379407883
