data/climate_estimation/maxent_output/Wurmbea_drummondii.asc
NCOLS 454 
NROWS 45 
XLLCORNER 114.833333333333 
YLLCORNER -33.25 
CELLSIZE 0.0833333333333333 
NODATA_value -3.4e+38 
[rows 0 to 18 of 45, columns 301 to 343 of 454]
0.000273537501925603 0.000634153548162431 0.000642076134681702 0.000573082535993308 0.000569980184081942 0.000587141956202686 0.000957082607783377 0.000925343716517091 0.000834151636809111 0.000699265801813453 0.000696562638040632 0.000650357222184539 0.000706011254806072 0.000733483873773366 0.000856654602102935 0.000864678469952196 0.000776637869421393 0.000755008251871914 0.00115124380681664 0.00095362908905372 0.000737016554921865 0.000563260982744396 0.000567232782486826 0.000571108830627054 0.000487735436763614 0.000555236067157239 0.000619783997535706 0.000705004786141217 0.000813385879155248 0.000940551748499274 0.000845040834974498 0.000961132522206753 0.00124141783453524 0.0010185664286837 0.0010090924333781 0.00105229974724352 0.00107490597292781 0.00108332536183298 0.000984050915576518 0.000997170456685126 0.001057272660546 0.000949511071667075 0.000925994012504816
0.00028767590993084 0.000289234769297764 0.000694484217092395 0.000631385541055351 0.000592609052546322 0.00063362083164975 0.000944931176491082 0.000952432164922357 0.000798157998360693 0.000770995044149458 0.000696057744789869 0.000728379818610847 0.000813051883596927 0.00082129257498309 0.000887840462382883 0.000882357300724834 0.000693329609930515 0.000947128108236939 0.0008526825113222 0.000833044527098536 0.00074853707337752 0.000779667811002582 0.000592149677686393 0.00060275086434558 0.000508775585331023 0.000483027019072324 0.000623180938418955 0.000629612302873284 0.000778864079620689 0.000855955469887704 0.000841295812278986 0.00104925769846886 0.000898907193914056 0.00102528359275311 0.000886406167410314 0.000880894483998418 0.00095141923520714 0.000880574225448072 0.000806132156867534 0.000855384743772447 0.000855384743772447 0.000780027126893401 0.000847057497594506
0.000281779997749254 0.000284840352833271 0.000272753619356081 0.000573209079448134 0.000644957181066275 0.000631177274044603 0.00096728274365887 0.00094540772261098 0.000795308675151318 0.000770647311583161 0.000733083521481603 0.00080212892498821 0.0008140136487782 0.000738857837859541 0.000894732249435037 0.000797491287812591 0.00109351403079927 0.000856121827382594 0.000882270687725395 0.000832828984130174 0.000760915805585682 0.000580147432629019 0.000592595199123025 0.000550691271200776 0.000618552381638438 0.000575264915823936 0.00051676225848496 0.000552400073502213 0.000691802066285163 0.000700900389347225 0.000775839143898338 0.000757546862587333 0.000715676578693092 0.00074021884938702 0.000832063960842788 0.000800116395112127 0.00078833824954927 0.000765710952691734 0.000746500911191106 0.000805868534371257 0.000747013080399483 0.000776861270423979 0.000867165275849402
0.000320040184305981 0.000279219268122688 0.000275793368928134 0.000642479280941188 0.000649595283903182 0.000628355948720127 0.000799607310909778 0.000802071881480515 0.000815902778413147 0.000742293428629637 0.00074747035978362 0.000816533342003822 0.000758003210648894 0.000776301196310669 0.00089500576723367 0.000902375264558941 0.000951277907006443 0.000761342816986144 0.000757215078920126 0.000797157874330878 0.000656978168990463 0.000567964278161526 0.000580147432629019 0.000563240319024771 0.000502164359204471 0.000585178378969431 0.000587618036661297 0.000734184111934155 0.000765956181567162 0.000626777589786798 0.000614220334682614 0.000686694169417024 0.000667002983391285 0.00073427427560091 0.000737125112209469 0.000725210062228143 0.00070646742824465 0.000625313958153129 0.000692715228069574 0.00062802730826661 0.00067268218845129 0.000672139518428594 0.000717017683200538
0.000535135855898261 0.000723270757589489 0.000272657780442387 0.000661186699289829 0.000683505146298558 0.000487680517835543 0.000469582213554531 0.000833605125080794 0.000786961580161005 0.000647905748337507 0.00062776351114735 0.000837029423564672 0.000773326610215008 0.000783476745709777 0.000742590113077313 0.00101583974901587 0.000895057979505509 0.000854854588396847 0.000878244114574045 0.000804590643383563 0.000711083179339767 0.000725798425264657 0.000759681744966656 0.00062586588319391 0.000633373449090868 0.000630435184575617 0.000654993171337992 0.00065957719925791 0.000752068881411105 0.00062690960476175 0.000603144289925694 0.000606481684371829 0.000732587417587638 0.000649477238766849 0.000583593675401062 0.000715493166353554 0.000700448756106198 0.000622286752332002 0.000674876500852406 0.000614850025158376 0.000554926285985857 0.000622551655396819 0.000621368933934718
0.000517761334776878 0.000535959668923169 0.000282115448499098 0.000494462146889418 0.000497119326610118 0.000491439015604556 0.000488791789393872 0.000673253613058478 0.000665033410768956 0.000618162855971605 0.000693204288836569 0.000642480910755694 0.00075759959872812 0.000780559726990759 0.000735883542802185 0.000844076334033161 0.000941490812692791 0.000895057979505509 0.00079718156484887 0.00071771361399442 0.000793160812463611 0.000725798425264657 0.000748310296330601 0.000697584531735629 0.000775415915995836 0.000695649127010256 0.000578460399992764 0.000668304972350597 0.000601460633333772 0.000574337260331959 0.000579249986913055 0.000617420300841331 0.00061312154866755 0.000557307328563184 0.000629937741905451 0.000620427599642426 0.000561824068427086 0.000584029126912355 0.000514524173922837 0.00050878815818578 0.00054497952805832 0.000558818399440497 0.000552585581317544
0.00052863173186779 0.000257274892646819 0.000286034366581589 0.000504388241097331 0.000504136318340898 0.000487298704683781 0.000504447205457836 0.000670650159008801 0.000651405600365251 0.000642974162474275 0.00071271404158324 0.000655403186101466 0.000990920583717525 0.0010759187862277 0.00102918676566333 0.000877831422258168 0.000865154026541859 0.000842382723931223 0.000840444350615144 0.000903664098586887 0.00078309525270015 0.000728872662875801 0.000757024390622973 0.000763215299230069 0.000713685993105173 0.000723661738447845 0.000587472692131996 0.000535293016582727 0.00059799017617479 0.000509168370626867 0.000504461757373065 0.000555302540306002 0.000527343130670488 0.000540553010068834 0.000548523210454732 0.000564539746847004 0.000573757104575634 0.000511807505972683 0.000499451300129294 0.00054455641657114 0.000556498707737774 0.000456698093330488 0.000489536207169294
0.000277204148005694 0.000260447151958942 0.000573599012568593 0.000574911304283887 0.000495555170346051 0.000505215837620199 0.000478771922644228 0.000700025702826679 0.000658916891552508 0.000658414035569876 0.000686320592649281 0.000612994248513132 0.000970771419815719 0.000979693257249892 0.000983429607003927 0.00106537831015885 0.000868476170580834 0.000855395221151412 0.00076698133489117 0.00092474470147863 0.000709916464984417 0.000760141178034246 0.000763465359341353 0.000633668096270412 0.000650290632620454 0.000655812851618975 0.000533289101440459 0.000600824190769345 0.000547037459909916 0.000453125539934263 0.000501537113450468 0.000488484220113605 0.000501867674756795 0.000505348842125386 0.000486352830193937 0.000426348007749766 0.000464852782897651 0.000472227169666439 0.000470875907922164 0.000518777698744088 0.0005074652726762 0.000503163959365338 0.00052379525732249
0.000282125372905284 0.000622240186203271 0.000653582043014467 0.000597339414525777 0.000461392744909972 0.000444308039732277 0.000461626128526405 0.000456405599834397 0.000613461539614946 0.000664468156173825 0.000682540819980204 0.000609157257713377 0.000603164953645319 0.000592105556279421 0.000925140979234129 0.000889756891410798 0.000877787417266518 0.000905846420209855 0.000852127384860069 0.000771704304497689 0.000766136217862368 0.000775474414695054 0.000628979643806815 0.000643488368950784 0.000646953587420285 0.000535077007953078 0.000483819399960339 0.000500783324241638 0.000529321026988328 0.000434410729212686 0.000434075453085825 0.000440824689576402 0.000540882989298552 0.000407912768423557 0.00038462074007839 0.000420991564169526 0.000430341606261209 0.000467794161522761 0.00045725581003353 0.000469422142487019 0.000493548577651381 0.000511795515194535 0.000462942000012845
0.000291376607492566 0.000645977852400392 0.000642565486487001 0.0005819559446536 0.000497484172228724 0.000463376607513055 0.000469012971734628 0.000458488240838051 0.000623811676632613 0.000657146680168808 0.000622865161858499 0.00061147433007136 0.00062802602769807 0.000546948460396379 0.000574848265387118 0.000831457553431392 0.000902176776435226 0.000712247448973358 0.000795662519522011 0.000793240789789706 0.00076885981252417 0.000643244304228574 0.000649110588710755 0.000636745186056942 0.000580190389882773 0.000479123060358688 0.000478021829621866 0.00043156580068171 0.000393231137422845 0.000439292722148821 0.000441322656115517 0.000438270479207858 0.000358851626515388 0.000391374022001401 0.000432835280662403 0.000396841700421646 0.000451304804300889 0.000480749120470136 0.000438917457358912 0.000444388948380947 0.000520174158737063 0.000456558307632804 0.000466528668766841
0.000302264234051108 0.000657784810755402 0.00059800868621096 0.000576933613047004 0.000463376607513055 0.000457308633485809 0.000461816642200574 0.000454207824077457 0.000649004825390875 0.000648515298962593 0.000528959732037038 0.000494848471134901 0.000555302016437054 0.000579209008719772 0.000579209008719772 0.000505978998262435 0.000844307767692953 0.000787043536547571 0.000667098676785827 0.000729900901205838 0.000668619701173156 0.000618730904534459 0.000598346639890224 0.000588351162150502 0.000534868740942329 0.000485504802782089 0.000432673317845911 0.000380056269932538 0.000345234526321292 0.000382594967959449 0.000356219243258238 0.000318379956297576 0.000351041642716154 0.000390650006011128 0.000433045963291079 0.000384919490898028 0.000421318487497047 0.000441312906332314 0.000387916981708258 0.000389622873626649 0.000398748641600832 0.000445456389570609 0.000418107520090416
0.000324705266393721 0.000323975429637358 0.000587477115914226 0.000586592825129628 0.000480616639833897 0.000472508021630347 0.000471442996058613 0.000473930937005207 0.000664823572151363 0.000586231530178338 0.000479957408970222 0.000455691653769463 0.000544870970770717 0.000525161914993078 0.000525952724274248 0.000521614798344672 0.000820084940642118 0.000820084940642118 0.000686047889757901 0.000614337739534676 0.000610160059295595 0.000623340310994536 0.000558924861252308 0.000498529640026391 0.000390320899896324 0.000390320899896324 0.000324056920362636 0.000304731249343604 0.000291558157186955 0.000332569878082722 0.00031191878952086 0.000319953833241016 0.000348742032656446 0.00038749779923819 0.000357739336322993 0.000399492273572832 0.00039170344825834 0.000444050587248057 0.000384829414542764 0.000387091218726709 0.000433918263297528 0.00046222357195802 0.000483177544083446
0.000312923744786531 0.000682692276313901 0.000584553636144847 0.000443543511210009 0.000482538569485769 0.000434436165960506 0.000445123761892319 0.000600481929723173 0.000597789767198265 0.000493605970405042 0.000474350614240393 0.000482126721180975 0.000472928339149803 0.000529920624103397 0.000453287822892889 0.000491022132337093 0.000775535590946674 0.000586264883168042 0.000580993306357414 0.000619810656644404 0.000623205560259521 0.000472879968583584 0.000411707675084472 0.000452465814305469 0.000355379277607426 0.000345001026289538 0.000317230413202196 0.000307954556774348 0.000259753229329363 0.000279795116512105 0.000272396544460207 0.000274519057711586 0.000278361811069772 0.000283564208075404 0.000358953315299004 0.000363290426321328 0.000398720032535493 0.000444050587248057 0.000386751431506127 0.00037216953933239 0.000431908993050456 0.000458322785561904 0.000440597621491179
0.000763366057071835 0.00053905847016722 0.000489342433866113 0.000592047988902777 0.000499580637551844 0.000448130071163177 0.000448465056251734 0.000613378128036857 0.000563925772439688 0.000482954201288521 0.000444477918790653 0.000440714095020667 0.000479713809909299 0.000505175674334168 0.000423971767304465 0.00038660631980747 0.000594087701756507 0.000349888141499832 0.000350414164131507 0.000313668686430901 0.000418167939642444 0.000415036134654656 0.000425593927502632 0.000462884054286405 0.000331786111928523 0.000286647584289312 0.000280399050097913 0.000253554055234417 0.000266883318545297 0.00026692877872847 0.000303387496387586 0.000254438869887963 0.000310528208501637 0.000305852357996628 0.000340369064360857 0.000386600528145209 0.000395498209400102 0.000436409114627168 0.000383231585146859 0.000345051754266024 0.000346655724570155 0.000362911145202816 0.000474952772492543
0.000578796956688166 0.000558927771635354 0.00050663435831666 0.000502563663758337 0.0004586054419633 0.000444837351096794 0.000514987274073064 0.000456026202300563 0.000454536726465449 0.000452511041657999 0.00045352301094681 0.000435218418715522 0.000449820945505053 0.000349974783603102 0.000384956278139725 0.000359337573172525 0.00029589282348752 0.000317452970193699 0.000282465625787154 0.000513581791892648 0.000218469998799264 0.000215853797271848 0.000220369518501684 0.000223121081944555 0.000319645652780309 0.00028771921643056 0.000257633597357199 0.000248216820182279 0.000224514951696619 0.000216163840377703 0.000221043388592079 0.000273259618552402 0.000275848375167698 0.00027315245824866 0.00027665524976328 0.000313265307340771 0.000385410967282951 0.000350388378137723 0.000340294936904684 0.000333577016135678 0.000361518701538444 0.000450259016361088 0.000464983488200232
0.000583535933401436 0.00051308493129909 0.00052407052135095 0.000414769863709807 0.000414769863709807 0.000453855813248083 0.000478759029647335 0.000525263894814998 0.000456908892374486 0.000470478407805786 0.000425523525336757 0.000384022307116538 0.000368539680493996 0.000360679550794885 0.000319170707371086 0.000278666469966993 0.000266237853793427 0.000264476868323982 0.00023333026911132 0.000207152683287859 0.000315661483909935 0.000336226104991511 0.000299241481116042 0.00020353238505777 0.000301121675875038 0.000186090939678252 0.000276035920251161 0.000469006627099589 0.000228997843805701 0.00022664008429274 0.000229473764193244 0.000223879484110512 0.000215109743294306 0.000240582143305801 0.000302813976304606 0.000308113638311625 0.000356912583811209 0.000399314216338098 0.000429068662924692 0.000349059759173542 0.000409280037274584 0.000465174845885485 0.000474227621452883
0.000604892964474857 0.000515722436830401 0.000469914171844721 0.000417852803366259 0.000520748842973262 0.000526163436006755 0.000484957854496315 0.000475022854516283 0.000471524137537926 0.000434109155321494 0.000388304208172485 0.000379457662347704 0.000385662686312571 0.000346261891536415 0.000331339047988877 0.00027082723681815 0.000237081199884415 0.000237609929172322 0.000212186292628758 0.000213772233109921 0.000172662665136158 0.000163648161105812 0.000198122012079693 0.000355379801476374 0.000193096580915153 0.000167340724146925 0.000162570926477201 0.000207965989829972 0.000204071402549744 0.000255701103014871 0.000229473764193244 0.000220351488678716 0.000210204714676365 0.000231536876526661 0.000282989436527714 0.000343390594935045 0.000357577868271619 0.000388837914215401 0.000436391943367198 0.00041639999835752 0.000465174845885485 0.000436264701420441 0.000436264701420441
0.000571450509596616 0.000523000315297395 0.000609729497227818 0.000607047695666552 0.000528886914253235 0.000493607425596565 0.000397794297896326 0.000395174487493932 0.000435613706940785 0.000428622995968908 0.000352440314600244 0.000348826026311144 0.00036069584893994 0.00034214070183225 0.000249773438554257 0.000229442011914216 0.000223556780838408 0.000199354573851451 0.000169004866620526 0.000174606961081736 0.000166383499163203 0.000132607747218572 0.000188750491361134 0.000200780035811476 0.000182943491381593 0.000309953757096082 0.00017155971727334 0.000274539197562262 0.000135896494612098 0.000240412162384018 0.000212831335375085 0.000202839262783527 0.000218166038393974 0.000256531202467158 0.000289526564301923 0.000327306479448453 0.00032601915881969 0.00038180616684258 0.000361711252480745 0.000373154587578028 0.000385540857678279 0.000431542459409684 0.00044082643580623
0.000746607198379934 0.000757463567424566 0.000624185893684626 0.000549331307411194 0.000506432785186917 0.000450029619969428 0.000397210969822481 0.000373661168850958 0.000373388320440426 0.00034772211802192 0.000362817198038101 0.000363083032425493 0.000299786566756666 0.000282740569673479 0.000236891108215787 0.000233540966291912 0.000219884939724579 0.000177224239450879 0.00013213453348726 0.000141356897074729 0.000151944492245093 0.000137526309117675 0.000181328359758481 0.000186783101526089 0.000223480921704322 0.000183890879270621 0.000178729867911898 0.000158087466843426 0.000153767934534699 0.00024110300000757 0.000202380062546581 0.000194405976799317 0.000221921771299094 0.00026461310335435 0.000272578909061849 0.000305573281366378 0.000342822429956868 0.00037968426477164 0.000346810818882659 0.000341018865583465 0.000390262110158801 0.000390558678191155 0.000403806247049943
