data/climate_estimation/maxent_output/Wurmbea_pygmaea.asc
NCOLS 48 
NROWS 80 
XLLCORNER 114 
YLLCORNER -33.75 
CELLSIZE 0.0833333333333333 
NODATA_value -3.4e+38 
[rows 44 to 65 of 80, columns 0 to 47 of 48]
-3.4e+38 -3.4e+38 -3.4e+38 -3.4e+38 -3.4e+38 -3.4e+38 -3.4e+38 -3.4e+38 -3.4e+38 -3.4e+38 -3.4e+38 -3.4e+38 -3.4e+38 -3.4e+38 0.380512267351151 0.774479746818542 0.88635528087616 0.995674908161163 0.999524474143982 0.999921262264252 0.999959886074066 0.999980986118317 0.99998939037323 0.999972641468048 0.996830463409424 0.966043710708618 0.955123484134674 0.940762937068939 0.91959822177887 0.91578209400177 0.884235382080078 0.905980885028839 0.912510931491852 0.888872981071472 0.87024986743927 0.860178589820862 0.821317911148071 0.323105871677399 0.25939878821373 0.286586254835129 0.232527509331703 0.228678196668625 0.609032332897186 0.558080911636353 0.528743088245392 0.161675706505775 0.135978236794472 0.147224456071854
-3.4e+38 -3.4e+38 -3.4e+38 -3.4e+38 -3.4e+38 -3.4e+38 -3.4e+38 -3.4e+38 -3.4e+38 -3.4e+38 -3.4e+38 -3.4e+38 -3.4e+38 -3.4e+38 0.381100386381149 0.696517169475555 0.807287275791168 0.985657274723053 0.955141007900238 0.999924659729004 0.9999680519104 0.999939560890198 0.999979496002197 0.999991774559021 0.999954462051392 0.999329745769501 0.997975170612335 0.982024073600769 0.955126762390137 0.93612152338028 0.941645085811615 0.933955550193787 0.946376442909241 0.930525004863739 0.886017143726349 0.869329988956451 0.791870415210724 0.276939690113068 0.246585294604301 0.231005996465683 0.229241326451302 0.206837251782417 0.586700856685638 0.518150389194489 0.496648579835892 0.154450982809067 0.15454775094986 0.141757249832153
-3.4e+38 -3.4e+38 -3.4e+38 -3.4e+38 -3.4e+38 -3.4e+38 -3.4e+38 -3.4e+38 -3.4e+38 -3.4e+38 -3.4e+38 -3.4e+38 -3.4e+38 -3.4e+38 -3.4e+38 0.36380273103714 0.718714654445648 0.96371591091156 0.994224727153778 0.999216139316559 0.999790787696838 0.999965369701385 0.999988973140717 0.999991357326508 0.999987483024597 0.999884963035583 0.999195158481598 0.99778026342392 0.970654964447021 0.972503066062927 0.956664502620697 0.939555585384369 0.941842198371887 0.926680982112885 0.871241509914398 0.857183277606964 0.81443977355957 0.282351493835449 0.260928422212601 0.230988353490829 0.238588884472847 0.20147879421711 0.225298643112183 0.509438633918762 0.199912846088409 0.165236592292786 0.150698095560074 0.143381789326668
-3.4e+38 -3.4e+38 -3.4e+38 -3.4e+38 -3.4e+38 -3.4e+38 -3.4e+38 -3.4e+38 -3.4e+38 -3.4e+38 -3.4e+38 -3.4e+38 -3.4e+38 -3.4e+38 -3.4e+38 0.345576494932175 0.656914710998535 0.922027051448822 0.978758037090302 0.995490610599518 0.998688399791718 0.999760270118713 0.999886453151703 0.999965369701385 0.999985992908478 0.99993884563446 0.999535799026489 0.998936533927917 0.98216849565506 0.975192964076996 0.960347712039948 0.94713282585144 0.93341737985611 0.911860883235931 0.879474759101868 0.856951057910919 0.761951982975006 0.633050501346588 0.232171356678009 0.2325768917799 0.214665547013283 0.204168260097504 0.563868641853333 0.185578867793083 0.17766535282135 0.166163757443428 0.182888016104698 0.146507263183594
-3.4e+38 -3.4e+38 -3.4e+38 -3.4e+38 -3.4e+38 -3.4e+38 -3.4e+38 -3.4e+38 -3.4e+38 -3.4e+38 -3.4e+38 -3.4e+38 -3.4e+38 -3.4e+38 -3.4e+38 -3.4e+38 0.619695067405701 0.712260663509369 0.856520354747772 0.982978224754333 0.993260979652405 0.999503791332245 0.999612808227539 0.999862730503082 0.999948382377625 0.999882221221924 0.999664485454559 0.990432322025299 0.9850754737854 0.971062898635864 0.963153421878815 0.970758616924286 0.946895122528076 0.913401544094086 0.898380041122437 0.848765313625336 0.801229238510132 0.727801501750946 0.709680795669556 0.67511373758316 0.203498259186745 0.565935373306274 0.186665534973145 0.580991387367249 0.569614827632904 0.185941681265831 0.156859219074249 0.133287250995636
-3.4e+38 -3.4e+38 -3.4e+38 -3.4e+38 -3.4e+38 -3.4e+38 -3.4e+38 -3.4e+38 -3.4e+38 -3.4e+38 -3.4e+38 -3.4e+38 -3.4e+38 -3.4e+38 -3.4e+38 -3.4e+38 0.622547686100006 0.673752427101135 0.803982794284821 0.886368274688721 0.989140391349792 0.997540295124054 0.99763411283493 0.999736607074738 0.999704003334045 0.999707996845245 0.999780833721161 0.98032146692276 0.987723112106323 0.983166396617889 0.968062877655029 0.961404323577881 0.945005118846893 0.933726727962494 0.911330163478851 0.846883654594421 0.811380922794342 0.776707351207733 0.746720612049103 0.724682688713074 0.643570125102997 0.618242859840393 0.593990623950958 0.596331179141998 0.53521466255188 0.165749281644821 0.149307489395142 0.130233615636826
-3.4e+38 -3.4e+38 -3.4e+38 -3.4e+38 -3.4e+38 -3.4e+38 -3.4e+38 -3.4e+38 -3.4e+38 -3.4e+38 -3.4e+38 -3.4e+38 -3.4e+38 -3.4e+38 -3.4e+38 -3.4e+38 -3.4e+38 0.657792448997498 0.45493096113205 0.867152512073517 0.911553680896759 0.989308297634125 0.995853781700134 0.998389661312103 0.999457240104675 0.999459087848663 0.988679170608521 0.978678643703461 0.987846553325653 0.979875028133392 0.981026470661163 0.953931212425232 0.951216876506805 0.929665088653564 0.904193758964539 0.908162891864777 0.857388019561768 0.761236190795898 0.732798755168915 0.646561861038208 0.667180061340332 0.648640632629395 0.596488177776337 0.568638801574707 0.523168385028839 0.469971150159836 0.491206705570221 0.128667831420898
-3.4e+38 -3.4e+38 -3.4e+38 -3.4e+38 -3.4e+38 -3.4e+38 -3.4e+38 -3.4e+38 -3.4e+38 -3.4e+38 -3.4e+38 -3.4e+38 -3.4e+38 -3.4e+38 -3.4e+38 -3.4e+38 -3.4e+38 0.369875311851501 0.43112125992775 0.53983610868454 0.59030282497406 0.908739387989044 0.993414521217346 0.997829675674438 0.997515559196472 0.996712744235992 0.97242796421051 0.972958445549011 0.970170140266418 0.98718923330307 0.974579036235809 0.959660172462463 0.948952615261078 0.924302399158478 0.884757399559021 0.864634096622467 0.876203715801239 0.825363516807556 0.781229674816132 0.767992198467255 0.672303736209869 0.659801125526428 0.652027249336243 0.61406284570694 0.539939999580383 0.471991509199142 0.41393631696701 0.417214602231979
-3.4e+38 -3.4e+38 -3.4e+38 -3.4e+38 -3.4e+38 -3.4e+38 -3.4e+38 -3.4e+38 -3.4e+38 -3.4e+38 -3.4e+38 -3.4e+38 -3.4e+38 -3.4e+38 -3.4e+38 -3.4e+38 -3.4e+38 -3.4e+38 0.718953251838684 0.783331215381622 0.828938961029053 0.852877616882324 0.980435132980347 0.995082259178162 0.996402978897095 0.994921684265137 0.998892724514008 0.965816795825958 0.972688794136047 0.97669243812561 0.953979134559631 0.953388392925262 0.945717036724091 0.931471765041351 0.927199482917786 0.887726664543152 0.886923670768738 0.867433726787567 0.81585955619812 0.84485650062561 0.7870734333992 0.634790003299713 0.652591586112976 0.571405708789825 0.513381481170654 0.513934552669525 0.488759249448776 0.451292306184769
-3.4e+38 -3.4e+38 -3.4e+38 -3.4e+38 -3.4e+38 -3.4e+38 -3.4e+38 -3.4e+38 -3.4e+38 -3.4e+38 -3.4e+38 -3.4e+38 -3.4e+38 -3.4e+38 -3.4e+38 -3.4e+38 -3.4e+38 -3.4e+38 -3.4e+38 0.75057852268219 0.811272978782654 0.967525720596313 0.987670361995697 0.988369762897491 0.993949353694916 0.997682809829712 0.973357737064362 0.987283885478973 0.987500488758087 0.974303245544434 0.962695777416229 0.963228762149811 0.942431926727295 0.929598927497864 0.919365048408508 0.913477718830109 0.904140889644623 0.913567066192627 0.916644632816315 0.865431487560272 0.784570455551147 0.704554259777069 0.683430314064026 0.651097118854523 0.571011781692505 0.563175201416016 0.532744467258453 0.496250629425049
-3.4e+38 -3.4e+38 -3.4e+38 -3.4e+38 -3.4e+38 -3.4e+38 -3.4e+38 -3.4e+38 -3.4e+38 -3.4e+38 -3.4e+38 -3.4e+38 -3.4e+38 -3.4e+38 -3.4e+38 -3.4e+38 -3.4e+38 -3.4e+38 -3.4e+38 0.884539783000946 0.912280142307281 0.956238985061646 0.98674064874649 0.992397665977478 0.993291735649109 0.997935950756073 0.999082207679749 0.996651351451874 0.971984624862671 0.952705085277557 0.953102827072144 0.958545744419098 0.947489142417908 0.95279324054718 0.947876036167145 0.920784652233124 0.9033123254776 0.914960384368896 0.921827435493469 0.898507535457611 0.860515475273132 0.806167840957642 0.75601851940155 0.658789575099945 0.568722188472748 0.60286819934845 0.495235115289688 0.469124644994736
-3.4e+38 -3.4e+38 -3.4e+38 -3.4e+38 -3.4e+38 -3.4e+38 -3.4e+38 -3.4e+38 -3.4e+38 -3.4e+38 -3.4e+38 -3.4e+38 -3.4e+38 -3.4e+38 -3.4e+38 -3.4e+38 -3.4e+38 -3.4e+38 -3.4e+38 -3.4e+38 0.925232172012329 0.944121420383453 0.98077529668808 0.987796604633331 0.996404051780701 0.996552109718323 0.996868908405304 0.998427987098694 0.989621162414551 0.925560355186462 0.964677274227142 0.963439583778381 0.939058005809784 0.944554209709167 0.948789894580841 0.927683293819427 0.956365585327148 0.943244338035583 0.92632657289505 0.915217936038971 0.879457414150238 0.791885256767273 0.79737251996994 0.714076280593872 0.659822881221771 0.589560508728027 0.546949505805969 0.481114059686661
-3.4e+38 -3.4e+38 -3.4e+38 -3.4e+38 -3.4e+38 -3.4e+38 -3.4e+38 -3.4e+38 -3.4e+38 -3.4e+38 -3.4e+38 -3.4e+38 -3.4e+38 -3.4e+38 -3.4e+38 -3.4e+38 -3.4e+38 -3.4e+38 -3.4e+38 -3.4e+38 0.912119805812836 0.927702367305756 0.969717383384705 0.987539291381836 0.996456921100616 0.981176376342773 0.994737505912781 0.99368804693222 0.99626898765564 0.992698431015015 0.940249800682068 0.958833992481232 0.964245021343231 0.957172214984894 0.930401861667633 0.94080650806427 0.956336259841919 0.932379364967346 0.901356160640717 0.931569159030914 0.89722353219986 0.858958780765533 0.846057593822479 0.732956826686859 0.706378161907196 0.59045684337616 0.517143905162811 0.462644577026367
-3.4e+38 -3.4e+38 -3.4e+38 -3.4e+38 -3.4e+38 -3.4e+38 -3.4e+38 -3.4e+38 -3.4e+38 -3.4e+38 -3.4e+38 -3.4e+38 -3.4e+38 -3.4e+38 -3.4e+38 -3.4e+38 -3.4e+38 -3.4e+38 -3.4e+38 -3.4e+38 0.852379858493805 0.943189024925232 0.958461999893188 0.978302240371704 0.989174425601959 0.944178700447083 0.960057497024536 0.980978906154633 0.986234724521637 0.986842930316925 0.915103316307068 0.911173045635223 0.95713597536087 0.954938650131226 0.951199471950531 0.968535184860229 0.948918342590332 0.963608264923096 0.95099002122879 0.894873321056366 0.92642205953598 0.91730397939682 0.887421131134033 0.738430619239807 0.628516137599945 0.625738859176636 0.566621780395508 0.586771249771118
-3.4e+38 -3.4e+38 -3.4e+38 -3.4e+38 -3.4e+38 -3.4e+38 -3.4e+38 -3.4e+38 -3.4e+38 -3.4e+38 -3.4e+38 -3.4e+38 -3.4e+38 -3.4e+38 -3.4e+38 -3.4e+38 -3.4e+38 0.392456233501434 0.502886712551117 -3.4e+38 0.916358351707458 0.942390441894531 0.93263852596283 0.950276970863342 0.978437066078186 0.944642782211304 0.972050428390503 0.980237364768982 0.984855771064758 0.992909550666809 0.990294754505157 0.893934428691864 0.913840472698212 0.964343190193176 0.94295746088028 0.963189780712128 0.966116607189178 0.952342927455902 0.926493585109711 0.90577358007431 0.897859215736389 0.87372899055481 0.852457523345947 0.703092515468597 0.666468322277069 0.626503765583038 0.610924243927002 0.565500795841217
-3.4e+38 -3.4e+38 -3.4e+38 -3.4e+38 -3.4e+38 -3.4e+38 -3.4e+38 -3.4e+38 -3.4e+38 -3.4e+38 -3.4e+38 -3.4e+38 -3.4e+38 -3.4e+38 -3.4e+38 -3.4e+38 -3.4e+38 0.380423575639725 0.50817745923996 -3.4e+38 0.922345757484436 0.948312282562256 0.931257903575897 0.960371732711792 0.951874136924744 0.813185214996338 0.880309402942657 0.942809820175171 0.972062528133392 0.979842782020569 0.989847004413605 0.991258800029755 0.913120448589325 0.958930611610413 0.942162752151489 0.930953562259674 0.963916718959808 0.92533951997757 0.945009291172028 0.926812589168549 0.91139280796051 0.894039750099182 0.876816868782043 0.789516389369965 0.718817889690399 0.592729091644287 0.588307678699493 0.569568872451782
-339999999999999996123846586046231871488.000000000000000 -3.4e+38 -3.4e+38 -3.4e+38 -3.4e+38 -3.4e+38 -3.4e+38 -3.4e+38 -3.4e+38 -3.4e+38 -3.4e+38 -3.4e+38 -3.4e+38 -3.4e+38 -3.4e+38 -3.4e+38 -3.4e+38 -3.4e+38 -3.4e+38 0.802961945533752 0.814571738243103 0.942769467830658 0.908836424350739 0.94059145450592 0.930620789527893 0.793146252632141 0.808170080184937 0.844257950782776 0.96283495426178 0.973849654197693 0.98927241563797 0.993265807628632 0.955300688743591 0.955707013607025 0.946202635765076 0.937999904155731 0.931444406509399 0.925983607769012 0.941843092441559 0.930707454681396 0.935888290405273 0.908472239971161 0.81147575378418 0.784414231777191 0.638787031173706 0.53179794549942 0.545970022678375 0.522644519805908
-3.4e+38 -3.4e+38 -3.4e+38 -3.4e+38 -3.4e+38 -3.4e+38 -3.4e+38 -3.4e+38 -3.4e+38 -3.4e+38 -3.4e+38 -3.4e+38 -3.4e+38 -3.4e+38 -3.4e+38 -3.4e+38 -3.4e+38 -3.4e+38 -3.4e+38 0.791661441326141 0.798773109912872 0.877753734588623 0.883325815200806 0.914119720458984 0.8398277759552 0.732434809207916 0.766919672489166 0.847928524017334 0.890520870685577 0.967100143432617 0.975001454353333 0.992317914962769 0.993958532810211 0.962192058563232 0.958893179893494 0.970375895500183 0.960049450397491 0.966094076633453 0.955111145973206 0.939307451248169 0.92020183801651 0.858017861843109 0.848762810230255 0.773088574409485 0.714667081832886 0.633929789066315 0.555384337902069 0.542034149169922
-3.4e+38 -3.4e+38 -3.4e+38 -3.4e+38 -3.4e+38 -3.4e+38 -3.4e+38 -3.4e+38 -3.4e+38 -3.4e+38 -3.4e+38 -3.4e+38 -3.4e+38 -3.4e+38 -3.4e+38 -3.4e+38 -3.4e+38 -3.4e+38 -3.4e+38 -3.4e+38 0.829289555549622 0.877906918525696 0.886370480060577 0.911944210529327 0.77446985244751 0.693402528762817 0.705100774765015 0.853406488895416 0.869731247425079 0.938806116580963 0.971648812294006 0.992804944515228 0.993472635746002 0.919029772281647 0.932364165782928 0.948454678058624 0.964374542236328 0.96100515127182 0.924854457378387 0.920803487300873 0.893234372138977 0.848706960678101 0.777807414531708 0.776785850524902 0.664957106113434 0.606286883354187 0.582179605960846 0.586158514022827
-3.4e+38 -3.4e+38 -3.4e+38 -3.4e+38 -3.4e+38 -3.4e+38 -3.4e+38 -3.4e+38 -3.4e+38 -3.4e+38 -3.4e+38 -3.4e+38 -3.4e+38 -3.4e+38 -3.4e+38 -3.4e+38 -3.4e+38 -3.4e+38 -3.4e+38 -3.4e+38 0.80911248922348 0.845229208469391 0.875476956367493 0.883142471313477 0.650359988212585 0.682099640369415 0.69972175359726 0.745266437530518 0.863873541355133 0.910250782966614 0.957924067974091 0.984542727470398 0.991579234600067 0.992729842662811 0.900471806526184 0.933363556861877 0.951032876968384 0.91782158613205 0.890669524669647 0.921273708343506 0.898490071296692 0.853524267673492 0.766458630561829 0.695298731327057 0.726844191551208 0.592650592327118 0.565688252449036 0.529901564121246
-3.4e+38 -3.4e+38 -3.4e+38 -3.4e+38 -3.4e+38 -3.4e+38 -3.4e+38 -3.4e+38 -3.4e+38 -3.4e+38 -3.4e+38 -3.4e+38 -3.4e+38 -3.4e+38 -3.4e+38 -3.4e+38 -3.4e+38 -3.4e+38 -3.4e+38 -3.4e+38 0.838761329650879 0.865415215492249 0.880413353443146 0.842557609081268 0.527795493602753 0.575752258300781 0.606678307056427 0.733224391937256 0.808332324028015 0.88995486497879 0.93713116645813 0.963740289211273 0.979488849639893 0.993995189666748 0.989678084850311 0.864272832870483 0.916322648525238 0.878173589706421 0.846630811691284 0.860707402229309 0.792930781841278 0.785478711128235 0.750032663345337 0.641791105270386 0.647284388542175 0.567474901676178 0.529068529605865 0.481478482484818
-3.4e+38 -3.4e+38 -3.4e+38 -3.4e+38 -3.4e+38 -3.4e+38 -3.4e+38 -3.4e+38 -3.4e+38 -3.4e+38 -3.4e+38 -3.4e+38 -3.4e+38 -3.4e+38 -3.4e+38 -3.4e+38 -3.4e+38 -3.4e+38 -3.4e+38 0.733593344688416 0.798621416091919 0.876904308795929 0.868039786815643 0.829877078533173 0.496735841035843 0.517843544483185 0.632432758808136 0.719886243343353 0.811084449291229 0.875414729118347 0.93997460603714 0.943982481956482 0.962672352790833 0.980338931083679 0.988258004188538 0.860699653625488 0.86762273311615 0.838941276073456 0.838763833045959 0.770045697689056 0.700345873832703 0.755437552928925 0.732849955558777 0.689487218856812 0.589540004730225 0.524063885211945 0.485488057136536 0.433657437562943
