data/climate_estimation/maxent_output/Wurmbea_australis.asc
NCOLS 429 
NROWS 221 
XLLCORNER 118.416666666667 
YLLCORNER -43.25 
CELLSIZE 0.0833333333333333 
NODATA_value -3.4e+38 
[rows 138 to 160 of 221, columns 312 to 363 of 429]
0.871089220046997 0.829022765159607 0.812701284885406 0.817372024059296 0.839586019515991 0.817078411579132 0.815701961517334 0.812174260616302 0.81523334980011 0.800613760948181 0.825607717037201 0.796191275119781 0.737657368183136 0.754355430603027 0.739679396152496 0.743476212024689 0.780827105045319 0.7790806889534 0.745053589344025 0.750558316707611 0.736401617527008 0.654131054878235 0.786808252334595 0.818643033504486 0.795308589935303 0.587428092956543 0.275307029485703 0.142920032143593 0.124665312469006 0.215228036046028 0.109116852283478 0.34685081243515 0.188605234026909 0.22610442340374 0.334522277116776 0.212627872824669 0.235469147562981 0.189948216080666 0.115238629281521 0.133838474750519 0.237136825919151 0.216899484395981 0.218359336256981 0.305100381374359 0.196559071540833 0.256840884685516 0.0171694923192263 0.00311941932886839 0.00412060786038637 0.0657140016555786 0.196296721696854 0.160350352525711
0.832743465900421 0.803484857082367 0.674443900585175 0.811554253101349 0.839359879493713 0.808299243450165 0.782527387142181 0.825385093688965 0.811313986778259 0.808562934398651 0.813517212867737 0.781942546367645 0.761011719703674 0.729494690895081 0.749069273471832 0.734161972999573 0.773010075092316 0.770628929138184 0.72972559928894 0.723713636398315 0.777009427547455 0.679548561573029 0.789037108421326 0.797811508178711 0.827779412269592 0.750760614871979 0.575659513473511 0.192078799009323 0.126398414373398 0.192602902650833 0.126356184482574 0.318264037370682 0.129215821623802 0.238701641559601 0.284188747406006 0.23958232998848 0.220180600881577 0.188001319766045 0.110476829111576 0.0913662910461426 0.153485462069511 0.131408333778381 0.110820680856705 0.196739509701729 0.248231887817383 0.0271185170859098 0.00731417862698436 0.00644933199509978 0.0355695784091949 0.108936682343483 0.16203261911869 0.0890765935182571
0.814498007297516 0.816457867622375 0.679017245769501 0.794056355953217 0.829255342483521 0.819445908069611 0.820682168006897 0.775808811187744 0.799430847167969 0.783370971679688 0.789637386798859 0.784491717815399 0.762072324752808 0.738198101520538 0.733001172542572 0.726749956607819 0.732191264629364 0.705003917217255 0.713446795940399 0.731207132339478 0.673676729202271 0.651735723018646 0.750458478927612 0.77992308139801 0.749423086643219 0.640920042991638 0.5678790807724 0.421762824058533 0.272104322910309 0.215267345309258 0.129458174109459 0.231351763010025 0.123786352574825 0.159117847681046 0.161067739129066 0.28522527217865 0.266204982995987 0.199683547019958 0.245000869035721 0.221726566553116 0.124872647225857 0.126788258552551 0.0406468622386456 0.0786330923438072 0.399142384529114 0.0488499850034714 0.00854070484638214 0.0101477857679129 0.0424641035497189 0.107454650104046 0.107107594609261 0.118427626788616
0.836290299892426 0.817545711994171 0.802561938762665 0.799831330776215 0.818565487861633 0.834574460983276 0.772854864597321 0.778262317180634 0.754948318004608 0.784285724163055 0.771644234657288 0.744368255138397 0.725372910499573 0.698186278343201 0.718859851360321 0.700195014476776 0.695976376533508 0.638685524463654 0.667260766029358 0.66216629743576 0.648451864719391 0.639499008655548 0.603592455387115 0.660770058631897 0.559074461460114 0.541844844818115 0.335810840129852 0.354784220457077 0.259458839893341 0.221279710531235 0.130057722330093 0.120243914425373 0.164420425891876 0.121615707874298 0.127982556819916 0.18313992023468 0.208647325634956 0.248320981860161 0.309480339288712 0.177018523216248 0.0948071107268333 0.0865291580557823 0.0395096875727177 0.0950476303696632 0.0757051110267639 0.125696510076523 0.0143256410956383 0.064357303082943 0.0580149330198765 0.179090529680252 0.113951526582241 0.121123746037483
0.845988512039185 0.851929068565369 0.829255700111389 0.809750080108643 0.817422866821289 0.789635598659515 0.762814819812775 0.745384037494659 0.752177596092224 0.76314502954483 0.732901036739349 0.723167777061462 0.705573558807373 0.6800337433815 0.684061050415039 0.487149119377136 0.394702106714249 0.467923134565353 0.54461807012558 0.615797281265259 0.501124978065491 0.437752306461334 0.438212096691132 0.481704294681549 0.574277102947235 0.30443075299263 0.297112822532654 0.170028835535049 0.0509582236409187 0.203113704919815 0.145117223262787 0.114217214286327 0.128675267100334 0.134691283106804 0.060944277793169 0.101822599768639 0.218761324882507 0.183555528521538 0.360996425151825 0.218121483922005 0.275315374135971 0.147164419293404 0.0970970839262009 0.051159929484129 0.0448599681258202 0.047771979123354 0.0672021582722664 0.147601410746574 0.198608919978142 0.320799827575684 0.18085689842701 0.220012992620468
0.865029096603394 0.874753773212433 0.829978346824646 0.814028382301331 0.795279264450073 0.77943879365921 0.77783477306366 0.751646757125854 0.735548257827759 0.717676401138306 0.708398103713989 0.706172049045563 0.661825299263 0.603387236595154 0.559069395065308 0.353947550058365 0.215314596891403 0.200786113739014 0.481837183237076 0.514961779117584 0.365127980709076 0.186517044901848 0.2043726593256 0.299426674842834 0.416251689195633 0.177241921424866 0.306294441223145 0.192018866539001 0.0675622895359993 0.152239099144936 0.117753088474274 0.108722925186157 0.110714048147202 0.110964775085449 0.0392282046377659 0.0654032379388809 0.104776047170162 0.191569849848747 0.330518364906311 0.400707095861435 0.138753265142441 0.255468517541885 0.0597616843879223 0.0631797835230827 0.0802552178502083 0.0517009571194649 0.0799254029989243 0.259339839220047 0.30484202504158 0.24737149477005 0.099967285990715 0.200543999671936
0.830426096916199 0.856776416301727 0.827010631561279 0.798170268535614 0.777834951877594 0.781122326850891 0.760212182998657 0.727130770683289 0.715178728103638 0.717331409454346 0.677402257919312 0.538917899131775 0.509027481079102 0.550057947635651 0.509513556957245 0.274438291788101 0.197938293218613 0.118460133671761 0.259152978658676 0.304486155509949 0.159967854619026 0.114353619515896 0.127913802862167 0.25964429974556 0.263934940099716 0.256902128458023 0.214085072278976 0.185996010899544 0.104606248438358 0.115530893206596 0.107714749872684 0.105500854551792 0.0651713386178017 0.0318677648901939 0.0245145093649626 0.0469378866255283 0.169496819376945 0.125886157155037 0.426156610250473 0.377502471208572 0.307491511106491 0.263853222131729 0.102118752896786 0.0945205837488174 0.0364790558815002 0.121110565960407 0.186434090137482 0.263682782649994 0.298222988843918 0.16736064851284 0.219295173883438 0.10326199233532
0.804805159568787 0.83237224817276 0.814844369888306 0.767656326293945 0.763063788414001 0.750286161899567 0.729174375534058 0.721845746040344 0.720213711261749 0.660750329494476 0.591522336006165 0.537184834480286 0.516436159610748 0.418572336435318 0.475905030965805 0.401076048612595 0.359552770853043 0.231544315814972 0.307264357805252 0.37179046869278 0.304503738880157 0.168381929397583 0.10223076492548 0.132244065403938 0.159097731113434 0.19265228509903 0.154042959213257 0.158931002020836 0.129073470830917 0.102033890783787 0.108523152768612 0.0857847034931183 0.0386953018605709 0.031418040394783 0.0404982604086399 0.0869398415088654 0.260660856962204 0.268161296844482 0.404643356800079 0.404944956302643 0.34473192691803 0.219561696052551 0.116829074919224 0.0605258047580719 0.118458062410355 0.083082802593708 0.22973795235157 0.32739183306694 0.263726353645325 0.210968837141991 0.252353966236115 0.168310612440109
0.762099087238312 0.787743330001831 0.767988562583923 0.720100820064545 0.670038044452667 0.691079080104828 0.715448319911957 0.737339377403259 0.731346666812897 0.694726467132568 0.614031732082367 0.487596929073334 0.437630593776703 0.326351940631866 0.58906102180481 0.440083652734756 0.385557293891907 0.42893522977829 0.349244683980942 0.366669476032257 0.318302035331726 0.250211507081985 0.133212596178055 0.0738006308674812 0.0794375389814377 0.0911884680390358 0.0787657126784325 0.146130964159966 0.132687240839005 0.0861699283123016 0.0848776325583458 0.0596625246107578 0.053014513105154 0.0547346286475658 0.0678668841719627 0.131803706288338 0.26473605632782 0.302427411079407 0.386335909366608 0.365049362182617 0.334600150585175 0.263775259256363 0.0894450172781944 0.093123584985733 0.16552896797657 0.154403612017632 0.195885792374611 0.29436406493187 0.284666508436203 0.291797071695328 0.213013023138046 0.178444087505341
0.690170347690582 0.710068047046661 0.65282541513443 0.62649405002594 0.647548675537109 0.695293962955475 0.732700645923615 0.724220335483551 0.615325391292572 0.542863070964813 0.609129548072815 0.582132458686829 0.474111974239349 0.505693256855011 0.603933691978455 0.487625628709793 0.230609953403473 0.362539798021317 0.327436417341232 0.299604386091232 0.259773671627045 0.251510888338089 0.165730178356171 0.0818975642323494 0.0272198244929314 0.0449287407100201 0.0412605740129948 0.0713663697242737 0.113964825868607 0.126387551426888 0.0818215534090996 0.0936404764652252 0.0456353351473808 0.064032718539238 0.132680892944336 0.134627461433411 0.178429186344147 0.275250166654587 0.332917004823685 0.274442881345749 0.403049677610397 0.21527011692524 0.103761397302151 0.0918968170881271 0.188704967498779 0.151786863803864 0.218622639775276 0.316419839859009 0.193835571408272 0.219872042536736 0.20729099214077 0.24370601773262
0.639637768268585 0.623633980751038 0.527542352676392 0.583134412765503 0.583387434482574 0.681481897830963 0.712115347385406 0.719654440879822 0.595179438591003 0.585027039051056 0.662182688713074 0.656810581684113 0.651953935623169 0.450478911399841 0.550875723361969 0.537659704685211 0.366381496191025 0.341536700725555 0.214915946125984 0.213346689939499 0.222967132925987 0.196139350533485 0.133093804121017 0.104582212865353 0.0556569918990135 0.0351285189390182 0.0296951849013567 0.0363130941987038 0.150604084134102 0.169688805937767 0.105205208063126 0.178761944174767 0.104588136076927 0.101390480995178 0.186055913567543 0.119909144937992 0.131973206996918 0.252487689256668 0.294693917036057 0.381457775831223 0.374770998954773 0.187395483255386 0.140472114086151 0.145039603114128 0.253155261278152 0.186407059431076 0.212442979216576 0.283874869346619 0.237821280956268 0.18271778523922 0.142333716154099 0.205009967088699
0.601931571960449 0.580250084400177 0.588084638118744 0.622507691383362 0.633465528488159 0.693121194839478 0.703631162643433 0.684054434299469 0.528177440166473 0.503301799297333 0.579357862472534 0.527094066143036 0.607235491275787 0.36646980047226 0.229290544986725 0.449740350246429 0.34462970495224 0.124339938163757 0.120368517935276 0.131873056292534 0.12596932053566 0.130615159869194 0.105178065598011 0.0643313974142075 0.0448597222566605 0.0349570475518703 0.0499576702713966 0.0287295635789633 0.045463889837265 0.133922427892685 0.167747169733047 0.279078811407089 0.20821538567543 0.111928157508373 0.283118575811386 0.261473774909973 0.197579547762871 0.16119384765625 0.263525098562241 0.365711987018585 0.406496465206146 0.360021084547043 0.17969822883606 0.273906528949738 0.240561425685883 0.241152659058571 0.232547491788864 0.287503182888031 0.210448503494263 0.178173258900642 0.196476235985756 0.245760649442673
0.491615623235703 0.502203524112701 0.383041769266129 0.590698719024658 0.665953814983368 0.710752785205841 0.667703211307526 0.635000765323639 0.35251060128212 0.196147218346596 0.378743708133698 0.512925207614899 0.56161242723465 0.376363784074783 0.110558815300465 0.314261019229889 0.0424401350319386 0.0127474963665009 0.0230199843645096 0.0976586118340492 0.0564815066754818 0.107616603374481 0.0653910711407661 0.0482149943709373 0.0455050393939018 0.0868223384022713 0.0672946646809578 0.0334848836064339 0.0407359153032303 0.155210703611374 0.199531465768814 0.349321186542511 0.296149581670761 0.188893973827362 0.316357731819153 0.320775896310806 0.244014754891396 0.142645642161369 0.217382550239563 0.276676923036575 0.384822517633438 0.385863721370697 0.316897302865982 0.327756196260452 0.295489579439163 0.26765102148056 0.221563965082169 0.305768638849258 0.264429897069931 0.260565102100372 0.240363299846649 0.258775025606155
0.404166013002396 0.561065077781677 0.57688444852829 0.646857917308807 0.685277044773102 0.658422827720642 0.675670444965363 0.67183929681778 0.546244144439697 0.298570662736893 0.251563668251038 0.395765364170074 0.262605488300323 0.0996639877557755 0.0927228927612305 0.250853627920151 0.0209534075111151 0.00689633516594768 0.0203592218458652 0.0386802889406681 0.0364983454346657 0.0555442683398724 0.0490945354104042 0.0220837090164423 0.0657584071159363 0.109400913119316 0.0839693769812584 0.034841638058424 0.0395304635167122 0.0657255351543427 0.0739321783185005 0.111159019172192 0.342488169670105 0.30661079287529 0.385638862848282 0.356663227081299 0.297398507595062 0.294511198997498 0.270672410726547 0.258131116628647 0.332741379737854 0.342229872941971 0.275852084159851 0.342455804347992 0.276039600372314 0.32037490606308 0.332881897687912 0.307538330554962 0.276206195354462 0.322287052869797 0.309887319803238 0.297921657562256
0.583311438560486 0.614884912967682 0.600374937057495 0.590949594974518 0.572539150714874 0.617319703102112 0.65464848279953 0.68049281835556 0.678759038448334 0.644622027873993 0.496929973363876 0.351063400506973 0.259760737419128 0.0521307066082954 0.101028084754944 0.113749675452709 0.021965280175209 0.0112889315932989 0.0260833539068699 0.0434683114290237 0.0223632585257292 0.0167598538100719 0.0457544736564159 0.0319166891276836 0.0371336899697781 0.140998408198357 0.187840357422829 0.161396086215973 0.0596905723214149 0.103216022253036 0.138889461755753 0.177281573414803 0.29219263792038 0.364570170640945 0.434574812650681 0.403885781764984 0.336649894714355 0.273249536752701 0.366621464490891 0.333487242460251 0.346025824546814 0.331087440252304 0.334314912557602 0.349914520978928 0.316065341234207 0.32384580373764 0.378829836845398 0.368780136108398 0.299807637929916 0.366566568613052 0.339270830154419 0.251983642578125
0.193797096610069 0.217614844441414 0.520774185657501 0.524081468582153 0.552705645561218 0.551627159118652 0.672568321228027 0.669171214103699 0.687439501285553 0.732586562633514 0.672184586524963 0.690624713897705 0.579736411571503 0.269310832023621 0.105548016726971 0.0373232029378414 0.0181899815797806 0.0603431053459644 0.0433401167392731 0.0188364274799824 0.0115996282547712 0.0173189714550972 0.0306612588465214 0.0280302800238132 0.024488341063261 0.0719448179006577 0.302064716815948 0.137984648346901 0.104955971240997 0.253968894481659 0.289879113435745 0.241065144538879 0.315209537744522 0.278534293174744 0.336681336164474 0.14452987909317 0.362662464380264 0.376211255788803 0.379703998565674 0.379589885473251 0.407358318567276 0.422119528055191 0.392875820398331 0.395570695400238 0.388465791940689 0.392001688480377 0.419155597686768 0.406038820743561 0.370449960231781 0.377314299345016 0.364369004964828 0.313166558742523
0.189945921301842 0.203573480248451 0.203812018036842 0.514084875583649 0.523083508014679 0.592678427696228 0.637980163097382 0.71103698015213 0.704931437969208 0.685942351818085 0.698632419109344 0.722839772701263 0.585942566394806 0.315098106861115 0.0619401298463345 0.0433774292469025 0.122739888727665 0.112519353628159 0.0678859874606133 0.0329104401171207 0.0136374142020941 0.0231157410889864 0.0491408668458462 0.0561577677726746 0.0384664610028267 0.0499062985181808 0.274043321609497 0.274819910526276 0.2418152987957 0.286460429430008 0.337633699178696 0.352872967720032 0.422691911458969 0.359424591064453 0.424093782901764 0.16795688867569 0.14397931098938 0.372597426176071 0.404684752225876 0.424019783735275 0.412556082010269 0.452683329582214 0.429583728313446 0.409766882658005 0.441201627254486 0.475218892097473 0.475108921527863 0.494253575801849 0.478439182043076 0.449174344539642 0.358645796775818 0.346359938383102
0.520621299743652 0.456446409225464 0.460070341825485 0.459423512220383 0.509076178073883 0.610112547874451 0.645554721355438 0.663240373134613 0.623632311820984 0.605510473251343 0.600849270820618 0.506009101867676 0.500900089740753 0.43903636932373 0.329293757677078 0.106792747974396 0.0751128271222115 0.0468121021986008 0.0598210766911507 0.0305631589144468 0.015025794506073 0.0144544169306755 0.0131775913760066 0.0786407366394997 0.0664559081196785 0.0694034323096275 0.170143872499466 0.363284528255463 0.280713081359863 0.435952872037888 0.477280646562576 0.464173972606659 0.436991274356842 0.16878454387188 0.168668985366821 0.157216683030128 0.378547847270966 0.384641259908676 0.394593834877014 0.391704797744751 0.372286111116409 0.396218448877335 0.38525927066803 0.411187440156937 0.417059481143951 0.460328489542007 0.464067578315735 0.468198150396347 0.461200535297394 0.450238108634949 0.42885822057724 0.395897954702377
0.449716001749039 0.419627845287323 0.406840175390244 0.423099309206009 0.475294589996338 0.563072681427002 0.650345981121063 0.666579246520996 0.598477780818939 0.587970674037933 0.539280712604523 0.27950245141983 0.446495801210403 0.413183122873306 0.245889037847519 0.162665367126465 0.0962870493531227 0.10960228741169 0.152492091059685 0.142178609967232 0.0870372802019119 0.0937065929174423 0.0202855784446001 0.055788092315197 0.098728321492672 0.116322606801987 0.201841086149216 0.388421893119812 0.416057288646698 0.455077230930328 0.483949840068817 0.201699882745743 0.172635316848755 0.173701897263527 0.407609194517136 0.382388710975647 0.350792109966278 0.380697727203369 0.367163866758347 0.382057309150696 0.347081303596497 0.361705362796783 0.367435336112976 0.372153490781784 0.387055099010468 -3.4e+38 -3.4e+38 -3.4e+38 -3.4e+38 -3.4e+38 -3.4e+38 -3.4e+38
0.407965511083603 0.410612314939499 0.405755341053009 0.447132647037506 0.465705215930939 -3.4e+38 0.648151934146881 0.621641576290131 0.620241284370422 0.594114005565643 0.587091445922852 0.524582922458649 0.424549490213394 0.370171457529068 0.335822641849518 0.360814809799194 0.228047236800194 0.170121386647224 0.202875107526779 0.217861115932465 0.215890601277351 0.229069009423256 0.180818736553192 0.152702152729034 0.146540492773056 0.169869154691696 0.251741826534271 0.435287564992905 0.472512394189835 0.466275900602341 0.206062167882919 0.209659963846207 0.179811954498291 0.483143389225006 0.40449184179306 0.359126776456833 0.371513396501541 0.377056390047073 0.363461345434189 0.352350533008575 0.35073983669281 0.342256218194962 -3.4e+38 -3.4e+38 -3.4e+38 -3.4e+38 -3.4e+38 -3.4e+38 -3.4e+38 -3.4e+38 -3.4e+38 -3.4e+38
0.398397356271744 0.408053636550903 0.391528755426407 -3.4e+38 -3.4e+38 -3.4e+38 -3.4e+38 0.680828034877777 0.625510692596436 0.645153045654297 0.624801933765411 0.596152663230896 0.57756245136261 0.550166189670563 0.483389496803284 0.499797523021698 0.487716108560562 0.384045958518982 0.353036046028137 0.306183487176895 0.345273554325104 0.342617630958557 0.31643271446228 0.241763651371002 0.211355835199356 0.241170167922974 0.396027237176895 0.43986901640892 0.481472551822662 0.455458849668503 0.433316677808762 0.393530130386353 0.405758678913116 0.447466969490051 0.395048469305038 0.348627924919128 0.348805278539658 0.336684286594391 0.344727784395218 0.323582142591476 -3.4e+38 -3.4e+38 -3.4e+38 -3.4e+38 -3.4e+38 -3.4e+38 -3.4e+38 -3.4e+38 -3.4e+38 -3.4e+38 -3.4e+38 -3.4e+38
0.45013302564621 0.487615376710892 0.517817676067352 0.53869640827179 -3.4e+38 -3.4e+38 -3.4e+38 -3.4e+38 0.653800845146179 0.614302933216095 0.637762784957886 0.632965683937073 0.610195338726044 0.596634566783905 0.571524143218994 0.576761364936829 0.536297857761383 0.465629607439041 0.426415592432022 0.398420929908752 0.413346856832504 0.454355090856552 0.444770336151123 0.375061511993408 0.373400241136551 0.383737921714783 0.422134160995483 0.49325168132782 0.467158555984497 0.453736871480942 0.389469563961029 0.407200813293457 0.364098995923996 0.373544305562973 0.35991644859314 0.355478048324585 0.313037514686584 0.35189300775528 -3.4e+38 -3.4e+38 -3.4e+38 -3.4e+38 -3.4e+38 -3.4e+38 -3.4e+38 -3.4e+38 -3.4e+38 -3.4e+38 -3.4e+38 -3.4e+38 -3.4e+38 -3.4e+38
0.497315317392349 0.563845932483673 0.526529848575592 0.564317941665649 -3.4e+38 -3.4e+38 -3.4e+38 0.647112548351288 0.627898752689362 0.604208886623383 0.594037711620331 0.60727071762085 0.594480454921722 0.618901968002319 0.615813314914703 0.550411105155945 0.524682104587555 0.491706073284149 0.465109139680862 0.419654756784439 0.432114005088806 0.417510539293289 0.454617887735367 0.451307862997055 0.428606569766998 0.444980353116989 0.459904760122299 0.433484345674515 0.44732654094696 0.391854375600815 0.380750775337219 0.385435819625854 0.349454939365387 0.321871161460876 0.347195535898209 0.357005476951599 0.318487256765366 -3.4e+38 -3.4e+38 -3.4e+38 -3.4e+38 -3.4e+38 -3.4e+38 -3.4e+38 -3.4e+38 -3.4e+38 -3.4e+38 -3.4e+38 -3.4e+38 -3.4e+38 -3.4e+38 -3.4e+38
