data/climate_estimation/maxent_output/Wurmbea_odorata.asc
NCOLS 60 
NROWS 105 
XLLCORNER 113 
YLLCORNER -30.3333333333333 
CELLSIZE 0.0833333333333333 
NODATA_value -3.4e+38 
[rows 60 to 79 of 105, columns 0 to 44 of 60]
-3.4e+38 -3.4e+38 -3.4e+38 -3.4e+38 -3.4e+38 0.301704347133636 0.257145434617996 0.256562799215317 0.305105537176132 0.432490468025208 0.525205910205841 0.317794889211655 0.386263281106949 0.3968905210495 0.458625167608261 0.4198357462883 0.462072044610977 0.471198499202728 0.456607609987259 0.459262877702713 0.484580993652344 0.491482228040695 0.492721676826477 0.45816770195961 0.449794113636017 0.425386518239975 0.325543373823166 0.274007558822632 0.2292740046978 0.18525992333889 0.135989397764206 0.113638125360012 0.0964317172765732 0.0757957696914673 0.0618055872619152 0.0377507545053959 0.0410361774265766 0.0131755704060197 0.0134852863848209 0.0125608136877418 0.0127832647413015 0.0151230907067657 0.0141036659479141 0.0139768039807677 0.0105013456195593
-3.4e+38 -3.4e+38 -3.4e+38 -3.4e+38 -3.4e+38 -3.4e+38 0.237839564681053 0.213942542672157 0.224961534142494 0.33190256357193 0.423822313547134 0.262546449899673 0.317444324493408 0.321685522794724 0.405131608247757 0.478606909513474 0.404490917921066 0.419291019439697 0.454251110553741 0.452934354543686 0.451791316270828 0.461159855127335 0.459748327732086 0.458111464977264 0.447984844446182 0.436785519123077 0.395808190107346 0.323875516653061 0.257066935300827 0.199321463704109 0.160974532365799 0.115202531218529 0.0931915044784546 0.0784768313169479 0.0471009910106659 0.0444639958441257 0.0354443229734898 0.0135838678106666 0.0127736963331699 0.0132982395589352 0.0128629598766565 0.0139521295204759 0.0139978555962443 0.0104258432984352 0.0103520965203643
-3.4e+38 -3.4e+38 -3.4e+38 -3.4e+38 -3.4e+38 -3.4e+38 -3.4e+38 0.24333244562149 0.235488027334213 0.275789797306061 0.341193020343781 0.348514944314957 0.3896524310112 0.278968304395676 0.31166285276413 0.339899688959122 0.305335313081741 0.36935818195343 0.410767644643784 0.424017697572708 0.44412025809288 0.441626369953156 0.439260810613632 0.453255146741867 0.46529695391655 0.457014620304108 0.42856964468956 0.381623595952988 0.265780389308929 0.23605714738369 0.162037596106529 0.128209486603737 0.0954839512705803 0.0561456605792046 0.0463448688387871 0.0435580015182495 0.0117704337462783 0.0117001887410879 0.0115189673379064 0.0135996695607901 0.0126683674752712 0.0108535438776016 0.0106498282402754 0.0103526944294572 0.00993947591632605
-3.4e+38 -3.4e+38 -3.4e+38 -3.4e+38 -3.4e+38 -3.4e+38 -3.4e+38 -3.4e+38 0.216266199946404 0.221514791250229 0.297885924577713 0.312405377626419 0.337842226028442 0.393887847661972 0.296570807695389 0.330710709095001 0.266433835029602 0.315871626138687 0.333098530769348 0.398404657840729 0.427449822425842 0.406505256891251 0.431929528713226 0.427753925323486 0.426011741161346 0.455076932907104 0.430893898010254 0.403365522623062 0.331098198890686 0.234926179051399 0.196705102920532 0.138541594147682 0.0836218819022179 0.0675094723701477 0.0542586930096149 0.0384830646216869 0.0120064243674278 0.0117512391880155 0.0113221192732453 0.012944208458066 0.00925015471875668 0.0106937810778618 0.0103996898978949 0.0104303332045674 0.00912942457944155
-3.4e+38 -3.4e+38 -3.4e+38 -3.4e+38 -3.4e+38 -3.4e+38 -3.4e+38 -3.4e+38 -3.4e+38 0.254902452230453 0.216637015342712 0.272111266851425 0.296844094991684 0.354850351810455 0.407126247882843 0.482052057981491 0.437074065208435 0.281589537858963 0.287150591611862 0.327589124441147 0.358898013830185 0.389910668134689 0.406799763441086 0.412828296422958 0.436273097991943 0.449839204549789 0.43101578950882 0.418475180864334 0.369855433702469 0.274876296520233 0.204339861869812 0.169992417097092 0.0848205611109734 0.0676948204636574 0.0557899437844753 0.0336325541138649 0.0120237898081541 0.0112576661631465 0.0112709645181894 0.0127033423632383 0.00900843366980553 0.0109701231122017 0.00870809890329838 0.00872111972421408 0.00880128424614668
-3.4e+38 -3.4e+38 -3.4e+38 -3.4e+38 -3.4e+38 -3.4e+38 -3.4e+38 -3.4e+38 -3.4e+38 0.248903885483742 0.205697074532509 0.239132225513458 0.265829414129257 0.336121559143066 0.348868638277054 0.412055343389511 0.389660477638245 0.226924538612366 0.273121446371078 0.279655605554581 0.333092778921127 0.35828959941864 0.364604979753494 0.396327257156372 0.404946327209473 0.427284121513367 0.418080359697342 0.431769013404846 0.409948617219925 0.325611501932144 0.231118455529213 0.168597981333733 0.0996608063578606 0.0684405043721199 0.0429657660424709 0.035050805658102 0.00915353558957577 0.0117191318422556 0.0108275841921568 0.00928651541471481 0.00912918336689472 0.00910638738423586 0.00875464081764221 0.00900124572217464 0.00895709171891212
-3.4e+38 -3.4e+38 -3.4e+38 -3.4e+38 -3.4e+38 -3.4e+38 -3.4e+38 -3.4e+38 -3.4e+38 -3.4e+38 0.19670632481575 0.196744844317436 0.236794218420982 0.285813838243484 0.335438787937164 0.291284799575806 0.33305823802948 0.332695662975311 0.418504148721695 0.261598467826843 0.308731496334076 0.320850700139999 0.348515957593918 0.357775300741196 0.377740174531937 0.39954885840416 0.428174823522568 0.433777630329132 0.440050542354584 0.373565495014191 0.264497578144073 0.168958723545074 0.113005205988884 0.0841115042567253 0.0510995723307133 0.041973203420639 0.0113659799098969 0.0101936096325517 0.00993312150239944 0.00917845964431763 0.00804112479090691 0.00907945446670055 0.0085528576746583 0.00842088088393211 0.00850020628422499
-3.4e+38 -3.4e+38 -3.4e+38 -3.4e+38 -3.4e+38 -3.4e+38 -3.4e+38 -3.4e+38 -3.4e+38 -3.4e+38 -3.4e+38 0.182567834854126 0.205406874418259 0.252057403326035 0.194530382752419 0.223195761442184 0.290723204612732 0.292959779500961 0.389990001916885 0.422788709402084 0.459462314844131 0.295353204011917 0.311914592981339 0.332099765539169 0.364786207675934 0.388808339834213 0.387623369693756 0.429952323436737 0.433969467878342 0.407856374979019 0.319933772087097 0.171245560050011 0.135159894824028 0.0722585543990135 0.0525503419339657 0.0318667814135551 0.026066092774272 0.00943698920309544 0.0086212744936347 0.00847830343991518 0.00931049417704344 0.00860418379306793 0.00876807980239391 0.00869279447942972 0.00814470369368792
-3.4e+38 -3.4e+38 -3.4e+38 -3.4e+38 -3.4e+38 -3.4e+38 -3.4e+38 -3.4e+38 -3.4e+38 -3.4e+38 -3.4e+38 0.16955903172493 0.166219457983971 0.165492400527 0.188864827156067 0.192051768302917 0.252906620502472 0.268604934215546 0.345593333244324 0.362608224153519 0.436457753181458 0.257858455181122 0.280631303787231 0.304651737213135 0.345233678817749 0.346945703029633 0.370322942733765 0.40949085354805 0.41415199637413 0.444520711898804 0.369782626628876 0.230534479022026 0.161988347768784 0.0853952169418335 0.0592630840837955 0.0363325327634811 0.0262881945818663 0.0112551962956786 0.0103412913158536 0.00972702074795961 0.00919200945645571 0.00902260467410088 0.00854902528226376 0.00845900550484657 0.00849232356995344
-3.4e+38 -3.4e+38 -3.4e+38 -3.4e+38 -3.4e+38 -3.4e+38 -3.4e+38 -3.4e+38 -3.4e+38 -3.4e+38 -3.4e+38 -3.4e+38 0.119961574673653 0.141074419021606 0.146633476018906 0.172087237238884 0.207451120018959 0.23098424077034 0.298216372728348 0.326885432004929 0.33753165602684 0.18139211833477 0.190913811326027 0.219310969114304 0.322842568159103 0.264219015836716 0.277801752090454 0.382105231285095 0.404113531112671 0.417739480733871 0.412369906902313 0.279010504484177 0.198405891656876 0.102897949516773 0.0557969808578491 0.0369746126234531 0.0314174368977547 0.0264883972704411 0.0103995064273477 0.0122023401781917 0.0106578059494495 0.0106962155550718 0.0103580597788095 0.0102280117571354 0.00966682843863964
-3.4e+38 -3.4e+38 -3.4e+38 -3.4e+38 -3.4e+38 -3.4e+38 -3.4e+38 -3.4e+38 -3.4e+38 -3.4e+38 -3.4e+38 -3.4e+38 0.145742788910866 0.122498862445354 0.12100525945425 0.170640125870705 0.200398817658424 0.204554185271263 0.206939086318016 0.221961691975594 0.259242475032806 0.293212682008743 0.171819671988487 0.200456544756889 0.220931351184845 0.241289705038071 0.261586844921112 0.299625962972641 0.305835574865341 0.332369595766068 0.327393472194672 0.314959824085236 0.233487084507942 0.123135551810265 0.0643869265913963 0.0501704514026642 0.0422919541597366 0.0294408816844225 0.0125188818201423 0.01144246943295 0.0111002409830689 0.0105273788794875 0.0101130427792668 0.0119177252054214 0.00982398632913828
-3.4e+38 -3.4e+38 -3.4e+38 -3.4e+38 -3.4e+38 -3.4e+38 -3.4e+38 -3.4e+38 -3.4e+38 -3.4e+38 -3.4e+38 -3.4e+38 -3.4e+38 0.0854167193174362 0.0960391685366631 0.129576489329338 0.132181197404861 0.146224096417427 0.164918392896652 0.166872322559357 0.219283938407898 0.241396233439445 0.277078956365585 0.168491080403328 0.196766212582588 0.223407432436943 0.250989675521851 0.270797491073608 0.295946180820465 0.294277131557465 0.323295086622238 0.313020408153534 0.2080999314785 0.143385708332062 0.0772949159145355 0.06065484136343 0.0485618263483047 0.0353662520647049 0.0324965864419937 0.0134492171928287 0.0128215281292796 0.0124477781355381 0.0124563351273537 0.0105471573770046 0.00918091181665659
-3.4e+38 -3.4e+38 -3.4e+38 -3.4e+38 -3.4e+38 -3.4e+38 -3.4e+38 -3.4e+38 -3.4e+38 -3.4e+38 -3.4e+38 -3.4e+38 -3.4e+38 0.0800832286477089 0.0933277606964111 0.0874042361974716 0.0913733690977097 0.124726988375187 0.134702980518341 0.155152127146721 0.184531629085541 0.226224079728127 0.258582025766373 0.283547788858414 0.175713032484055 0.190654754638672 0.211162075400352 0.248425394296646 0.277789652347565 0.269270271062851 0.220155760645866 0.220144718885422 0.206371933221817 0.127362042665482 0.0879355221986771 0.0703344345092773 0.0578908398747444 0.04896180331707 0.0397848971188068 0.0363859459757805 0.0156060671433806 0.01450708322227 0.0126284174621105 0.0120535315945745 0.0107776755467057
-3.4e+38 -3.4e+38 -3.4e+38 -3.4e+38 -3.4e+38 -3.4e+38 -3.4e+38 -3.4e+38 -3.4e+38 -3.4e+38 -3.4e+38 -3.4e+38 -3.4e+38 0.0633875206112862 0.0697020962834358 0.06499994546175 0.0828626155853271 0.099535271525383 0.11230730265379 0.129628986120224 0.155562698841095 0.188548311591148 0.227166548371315 0.240675047039986 0.149113982915878 0.129560947418213 0.145781725645065 0.167010277509689 0.193176135420799 0.2111626714468 0.201959997415543 0.213715463876724 0.166060596704483 0.14208909869194 0.119497023522854 0.0837342217564583 0.066818542778492 0.0563565641641617 0.0475077852606773 0.0435356870293617 0.0365278460085392 0.0341345556080341 0.0142658473923802 0.0126995667815208 0.0123159615322948
-3.4e+38 -3.4e+38 -3.4e+38 -3.4e+38 -3.4e+38 -3.4e+38 -3.4e+38 -3.4e+38 -3.4e+38 -3.4e+38 -3.4e+38 -3.4e+38 -3.4e+38 0.0348556116223335 0.041131716221571 0.0499765612185001 0.0636928454041481 0.086860716342926 0.0684994235634804 0.0811205133795738 0.146148473024368 0.162317648530006 0.144260302186012 0.170067667961121 0.19233326613903 0.11148826777935 0.134168982505798 0.152872860431671 0.166028335690498 0.183263495564461 0.20381860435009 0.161281362175941 0.168056562542915 0.163200676441193 0.137584075331688 0.100547812879086 0.0820040255784988 0.0665425360202789 0.0516870208084583 0.0513081178069115 0.0429527685046196 0.0416842103004456 0.0151012418791652 0.0143058989197016 0.0141874356195331
-3.4e+38 -3.4e+38 -3.4e+38 -3.4e+38 -3.4e+38 -3.4e+38 -3.4e+38 -3.4e+38 -3.4e+38 -3.4e+38 -3.4e+38 -3.4e+38 -3.4e+38 0.0274131782352924 0.0300303064286709 0.0378363393247128 0.0368447713553905 0.0536401122808456 0.0589594021439552 0.0713638067245483 0.0846916809678078 0.101788900792599 0.111987121403217 0.140520662069321 0.16133476793766 0.101416744291782 0.116275072097778 0.140028953552246 0.153845876455307 0.130075290799141 0.139366835355759 0.156885653734207 0.159457519650459 0.138888508081436 0.14131210744381 0.119754329323769 0.100389674305916 0.0794727206230164 0.0653036087751389 0.0625488087534904 0.0511511154472828 0.0487822219729424 0.0171167757362127 0.017412431538105 0.0143459374085069
-3.4e+38 -3.4e+38 -3.4e+38 -3.4e+38 -3.4e+38 -3.4e+38 -3.4e+38 -3.4e+38 -3.4e+38 -3.4e+38 -3.4e+38 -3.4e+38 -3.4e+38 0.0275200754404068 0.0263741090893745 0.0225190967321396 0.0314338803291321 0.0369326323270798 0.0490955449640751 0.0641623809933662 0.0711440071463585 0.0906589925289154 0.0994131788611412 0.125368148088455 0.149961158633232 0.0866764187812805 0.110567435622215 0.0969916880130768 0.110183641314507 0.117117322981358 0.125528827309608 0.142217829823494 0.128717467188835 0.137985616922379 0.138607874512672 0.137031003832817 0.117931671440601 0.0972287952899933 0.0804962441325188 0.0632499903440475 0.0620901472866535 0.0587405003607273 0.048219408839941 0.0414508804678917 0.035065270960331
-3.4e+38 -3.4e+38 -3.4e+38 -3.4e+38 -3.4e+38 -3.4e+38 -3.4e+38 -3.4e+38 -3.4e+38 -3.4e+38 -3.4e+38 -3.4e+38 -3.4e+38 0.0246857441961765 0.0235578902065754 0.0187350083142519 0.0230768695473671 0.0306221581995487 0.0383106358349323 0.0488470159471035 0.0569391176104546 0.070634737610817 0.0691466778516769 0.104464054107666 0.100212067365646 0.118772730231285 0.0783878415822983 0.0856350585818291 0.0986403226852417 0.0940874218940735 0.114463046193123 0.124055117368698 0.129957050085068 0.135631829500198 0.139789864420891 0.133300021290779 0.130392149090767 0.109830990433693 0.0932387262582779 0.0905405730009079 0.0746869891881943 0.0618098713457584 0.0586047060787678 0.0434239320456982 0.0419281348586082
-3.4e+38 -3.4e+38 -3.4e+38 -3.4e+38 -3.4e+38 -3.4e+38 -3.4e+38 -3.4e+38 -3.4e+38 -3.4e+38 -3.4e+38 -3.4e+38 -3.4e+38 0.0341397300362587 0.0387103520333767 0.0169227346777916 0.0194480288773775 0.0243147388100624 0.031903550028801 0.040421649813652 0.0346542671322823 0.0432429201900959 0.0534655041992664 0.0714728981256485 0.0842218622565269 0.100614763796329 0.125005379319191 0.0716212093830109 0.0779798924922943 0.0865201726555824 0.105501994490623 0.114386841654778 0.118978463113308 0.134968146681786 0.132197096943855 0.12691955268383 0.127694368362427 0.124739609658718 0.116940975189209 0.102560058236122 0.085845448076725 0.0732264220714569 0.062577061355114 0.0516779758036137 0.0444177240133286
-3.4e+38 -3.4e+38 -3.4e+38 -3.4e+38 -3.4e+38 -3.4e+38 -3.4e+38 -3.4e+38 -3.4e+38 -3.4e+38 -3.4e+38 -3.4e+38 -3.4e+38 -3.4e+38 0.0343505926430225 0.0231765694916248 0.0262518208473921 0.0203896313905716 0.0254601910710335 0.0285908933728933 0.029939653351903 0.0342651307582855 0.0443913228809834 0.0596016123890877 0.0700613781809807 0.0721841007471085 0.0980548933148384 0.0597942546010017 0.0714030414819717 0.0864630565047264 0.103836946189404 0.113155849277973 0.115829423069954 0.116197481751442 0.121439322829247 0.125486701726913 0.120478324592113 0.120595373213291 0.118754521012306 0.116593234241009 0.112169660627842 0.0900911018252373 0.0751896649599075 0.0636439397931099 0.0506529174745083
