data/climate_estimation/maxent_output/Wurmbea_stricta.asc
NCOLS 99 
NROWS 57 
XLLCORNER 17.4166666666667 
YLLCORNER -34.75 
CELLSIZE 0.0833333333333333 
NODATA_value -3.4e+38 
[rows 19 to 37 of 57, columns 44 to 87 of 99]
0.000360014382749796 0.000411353190429509 0.000376512878574431 0.00041496055200696 0.000445103098172694 0.000609257549513131 0.00093941274099052 0.000819102569948882 0.00036037145764567 0.000278420920949429 0.000362039223546162 0.000334825395839289 0.000287652626866475 0.000302205793559551 0.000310575996991247 0.000319159677019343 0.000276937673334032 0.000215370586374775 0.000323675310937688 0.000316582503728569 0.000422800716478378 0.000362183549441397 0.000330599636072293 0.000328826921759173 0.000333323929226026 0.00028234175988473 0.000304058165056631 0.000763408956117928 0.000874488498084247 0.000858294544741511 0.000638721045106649 0.000631375645752996 0.000914913835003972 0.000901705352589488 0.000697640469297767 0.000262339104665443 0.000287596951238811 0.000345983542501926 0.000382600555894896 0.000476799585158005 0.000440556148532778 0.00043154796003364 0.000561891996767372 0.000702750461641699
0.000351807713741437 0.000383492530090734 0.000321721046930179 0.000398602685891092 0.000386374566005543 0.000686470826622099 0.000538234657142311 0.000272277015028521 0.000368804845493287 0.000317462167004123 0.000278560619335622 0.000256772065768018 0.000283872504951432 0.000250852317549288 0.000251192337600514 0.000321981147862971 0.000280688866041601 0.000238326902035624 0.000294733996270224 0.00048199700540863 0.000514748564455658 0.000544820621144027 0.00045500067062676 0.000423924357164651 0.000391982204746455 0.000370169087545946 0.000469890946988016 0.000457399582955986 0.000572321354411542 0.00054406828712672 0.00092437252169475 0.000906500616110861 0.000811750302091241 0.000758249312639236 0.000731980544514954 0.000308137416141108 0.000300014042295516 0.000324961787555367 0.000342248211381957 0.000411064131185412 0.00030520957079716 0.000396866729715839 0.000449851300800219 0.00063121085986495
0.000318600912578404 0.000245669769356027 0.000332817086018622 0.000321915693348274 0.000332877942128107 0.000587568094488233 0.000488428864628077 0.000546911614947021 0.000616210687439889 0.000267821567831561 0.000240511202719063 0.000337618490448222 0.00030491707730107 0.000401142024202272 0.000273414654657245 0.000249167584115639 0.000240358669543639 0.000321472645737231 0.000342325773090124 0.000458346970845014 0.000495791900902987 0.000620186736341566 0.00060414633480832 0.00058185268426314 0.000413439818657935 0.000354800373315811 0.00039609833038412 0.000975181814283133 0.000956666364800185 0.000636757875327021 0.00113780389074236 0.00102420512121171 0.000958935357630253 0.000821655907202512 0.000783426803536713 0.000372714159311727 0.000371100759366527 0.000453328888397664 0.000432420609286055 0.000573871599044651 0.00056918733753264 0.000644276617094874 0.000828082382213324 0.000663200276903808
0.000260225700912997 0.000232408667216077 0.000296828802675009 0.000237722022575326 0.000315609679091722 0.000411853863624856 0.000470322032924742 0.000488472694996744 0.000261569657595828 0.000337621109792963 0.000314014381729066 0.000273543642833829 0.000338301091687754 0.000319067650707439 0.000332649768097326 0.000305218185530975 0.000310714123770595 0.000345301406923681 0.000447065103799105 0.000481735245557502 0.000432647939305753 0.000444118399173021 0.00084385764785111 0.000674312992487103 0.000620739010628313 0.000639120291452855 0.000619782600551844 0.000556864077225327 0.000666392617858946 0.00121577561367303 0.00126246502622962 0.000937456265091896 0.00096797855803743 0.000693486945237964 0.000886633293703198 0.000846399692818522 0.000464307435322553 0.00064785365248099 0.00067349907476455 0.00072252651443705 0.0010376499267295 0.00121746188960969 0.00104439468123019 0.000888496811967343
0.000223206166992895 0.00020459116785787 0.000257520296145231 0.000263212656136602 0.000304907094687223 0.00030154176056385 0.000416277616750449 0.000420954689616337 0.000461390416603535 0.000286584254354239 0.000282748194877058 0.000350488058757037 0.000322428590152413 0.00029735712450929 0.000349971087416634 0.00036111765075475 0.000328737893141806 0.00038542685797438 0.000490876787807792 0.000452755484730005 0.000475502834888175 0.000587395683396608 0.000907910114619881 0.00095399294514209 0.000597173871938139 0.00071963801747188 0.00076142541365698 0.00088597071589902 0.000777442590333521 0.000766495009884238 0.00121544674038887 0.000895280099939555 0.00106699916068465 0.000892034033313394 0.000824188522528857 0.00103959580883384 0.000455339468317106 0.000559356529265642 0.000795106869190931 0.00114755693357438 0.00140160333830863 0.00149749533738941 0.00158624979667366 0.00158025755081326
0.00018369646568317 0.000258558080531657 0.000271922996034846 0.000243769929511473 0.000241143861785531 0.000304300920106471 0.000309722381643951 0.000379915232770145 0.00018828698375728 0.000209863239433616 0.00025449667009525 0.000296860700473189 0.000310650240862742 0.000337435078108683 0.000372379727195948 0.000321252446155995 0.000340463244356215 0.00031933281570673 0.000349598005414009 0.000402217847295105 0.000453056243713945 0.000678398180752993 0.00109084928408265 0.00122542458120733 0.000895113626029342 0.00101429864298552 0.00107330782338977 0.00109011109452695 0.00086132250726223 0.000504332012496889 0.00109878927469254 0.000660540594253689 0.000764147087465972 0.000878846098203212 0.000387573323678225 0.000413156289141625 0.000534378283191472 0.000604872184339911 0.000738359987735748 0.00118116103112698 0.00169500045012683 0.00151075515896082 0.00197471049614251 0.00188356265425682
0.000154201290570199 0.000180888440809213 0.000169957012985833 0.000216955624637194 0.00023438771313522 0.000240216919337399 0.000245644710958004 0.000325981905916706 0.000418714073020965 0.000454248423920944 0.000267818017164245 0.000450296676717699 0.000263152178376913 0.000370778841897845 0.000454296474345028 0.00028993611340411 0.000320972787449136 0.000299344304949045 0.000358548189979047 0.000912523537408561 0.000840611639432609 0.000852860044687986 0.00111075351014733 0.00145099044311792 0.0010851031402126 0.000974162307102233 0.00118812965229154 0.00123506051022559 0.00108600175008178 0.000586419657338411 0.000667827320285141 0.00098983442876488 0.000702444056514651 0.000770289974752814 0.000441509037045762 0.000445270037744194 0.000620340346358716 0.00120350916404277 0.00136643368750811 0.0016793345566839 0.00204842071980238 0.00283903675153852 0.00255546206608415 0.00266865943558514
0.00060984306037426 0.000164436656632461 0.000176574700162746 0.00019052553398069 0.00021285458933562 0.000280846550595015 0.000312366319121793 0.000264689064351842 0.000466134602902457 0.000420377240516245 0.000351152615621686 0.000462818337837234 0.000628170499112457 0.00109280832111835 0.00134869921021163 0.000449665152700618 0.000409995671361685 0.000477671448606998 0.000621043844148517 0.0014227902283892 0.0015163536882028 0.00162898690905422 0.00162003678269684 0.00159877853002399 0.00128453818615526 0.00130887306295335 0.00120187143329531 0.00140093173831701 0.00143880024552345 0.000949227483943105 0.00100063486024737 0.000777298293542117 0.000547391246072948 0.000408809166401625 0.000553982332348824 0.000619882775936276 0.00107944128103554 0.00191432063002139 0.00239689042791724 0.00276321428827941 0.00278733484447002 0.00357037340290844 0.0025247719604522 0.00185085483826697
0.000464337092125788 0.000137078037369065 0.000148872757563367 0.000195657936274074 0.000237389365793206 0.000254950573435053 0.000578921695705503 0.000758868118282408 0.00041861561476253 0.000426371087087318 0.00045088108163327 0.00056217476958409 0.000959648517891765 0.00141938915476203 0.00126897334121168 0.0017149280756712 0.000908316171262413 0.000989617197774351 0.00174646265804768 0.00180531502701342 0.00179147545713931 0.00129502138588578 0.00187282334081829 0.00183726486284286 0.00153700110968202 0.00152625027112663 0.00104855105746537 0.00124268687795848 0.00117376702837646 0.0012729677837342 0.00103638367727399 0.00121295196004212 0.000648159708362073 0.000529315031599253 0.000941282603889704 0.00192512455396354 0.00112662743777037 0.00190694176126271 0.00282557355239987 0.00326441088691354 0.00292731146328151 0.00393163459375501 0.00264922482892871 0.0022042877972126
0.000475986424135044 0.000508604047354311 0.000150411608046852 0.000205218835617416 0.000281271088169888 0.00044846287346445 0.000680962984915823 0.000540505396202207 0.000747242069337517 0.0011133560910821 0.00090861163334921 0.00159220327623188 0.00130179687403142 0.00193774013314396 0.0019622421823442 0.00228126696310937 0.002247802214697 0.00216999021358788 0.0028936502058059 0.00181482022162527 0.00200581480748951 0.00175410858355463 0.00162291317246854 0.00170946132857352 0.00173124391585588 0.00167185952886939 0.00163042068015784 0.00120106909889728 0.00122069579083472 0.0015632736030966 0.00131849735043943 0.00120841094758362 0.000893731019459665 0.000707005732692778 0.00166365806944668 0.0024892152287066 0.00194457499310374 0.00278801075182855 0.00303420890122652 0.00351902865804732 0.00414197938516736 0.0048423963598907 0.00423409417271614 0.00248677795752883
0.000424877478508279 0.00050113198813051 0.000658489007037133 0.000310389237711206 0.000408785213949159 0.000808338925708085 0.000910887261852622 0.000660254387184978 0.000942706072237343 0.00176044751424342 0.00138335081283003 0.00122010230552405 0.00217064307071269 0.00175951595883816 0.00192857894580811 0.00161996891256422 0.00193133426364511 0.0023304435890168 0.00206857454031706 0.00207834457978606 0.00205648504197598 0.00192623864859343 0.00186822097748518 0.00189884891733527 0.00176992255728692 0.00173198396805674 0.00185412354767323 0.00169249274767935 0.00140118272975087 0.00183854915667325 0.00131208938546479 0.00142746907658875 0.00144372961949557 0.00149227038491517 0.00199723173864186 0.00231918785721064 0.0033615124411881 0.00333519815467298 0.00293239927850664 0.00308608892373741 0.00429512653499842 0.00414021778851748 0.00402249023318291 0.00327811553142965
0.000491376034915447 0.000648210116196424 0.000265938433585688 0.00033333821920678 0.00031261402182281 0.000592760508880019 0.000501767382957041 0.000594466109760106 0.0010576059576124 0.00330748013220727 0.00129534478764981 0.00180305039975792 0.0018547730287537 0.0016025536460802 0.00166667264420539 0.00168554543051869 0.00228640134446323 0.00190885167103261 0.00219731591641903 0.00203961948864162 0.00168586592189968 0.00187373603694141 0.00189178343862295 0.00178338075056672 0.00150530564133078 0.00129828555509448 0.00142987095750868 0.00135698495432734 0.00131155061535537 0.0013068945845589 0.0015233390731737 0.00156345381401479 0.00144721439573914 0.00156008847989142 0.0020787175744772 0.00215707905590534 0.00269698840565979 0.00238047773018479 0.00264293211512268 0.00261827721260488 0.00400742702186108 0.00400033453479409 0.00413283938542008 0.00354161579161882
0.000560797401703894 0.000939049699809402 0.000344306230545044 0.000538886059075594 0.000580322986934334 0.000337382836733013 0.000507483608089387 0.00136193644721061 0.00192904472351074 0.00270620617084205 0.00236648065038025 0.00374925835058093 0.00171113759279251 0.00171406427398324 0.00173047941643745 0.00177093001548201 0.00178431812673807 0.00176605756860226 0.00183220102917403 0.00171359058003873 0.00157403363846242 0.00169939722400159 0.00172569847200066 0.00174681073985994 0.00154220219701529 0.001686095376499 0.0013384100748226 0.00140405690763146 0.00143295607995242 0.00124055834021419 0.00140681909397244 0.00126628112047911 0.00182597222737968 0.00160173291806132 0.00146441371180117 0.00191671575885266 0.00253074383363128 0.00261060218326747 0.00294057326391339 0.00366670987568796 0.00352923641912639 0.0033544774632901 0.00431612087413669 0.00333173875696957
0.000539490720257163 0.000975892820861191 0.000292695796815678 0.000491585698910058 0.000695904425811023 0.00031078964821063 0.000444074510596693 0.000565164315048605 0.00107425358146429 0.00281554483808577 0.00224415492266417 0.00305967009626329 0.00335118896327913 0.00131592992693186 0.00171693949960172 0.00134137272834778 0.00158182752784342 0.00172105734236538 0.00176820729393512 0.00177566462662071 0.00153977889567614 0.00144722370896488 0.00133963616099209 0.00164633675012738 0.00128821993712336 0.00127045926637948 0.00129668542649597 0.00121623836457729 0.00135796517133713 0.00151380989700556 0.00143746880348772 0.0015387429157272 0.00148411735426635 0.00133074226323515 0.00142334145493805 0.0017166476463899 0.00256014871411026 0.00268062576651573 0.00337734608910978 0.00320030306465924 0.00330646079964936 0.00441480614244938 0.00407900149002671 0.00392024591565132
0.000558610598091036 0.000736715621314943 0.000249010336119682 0.000197332527022809 0.000691062130499631 0.000358594872523099 0.000798978609964252 0.000663768558297306 0.00154414272401482 0.00174303434323519 0.00219401367940009 0.00196416210383177 0.00236309925094247 0.00117646052967757 0.00155177793931216 0.00133955082856119 0.00140555168036371 0.00131194677669555 0.00138508237432688 0.00162043853197247 0.00157252396456897 0.00150106055662036 0.00128742365632206 0.00154606869909912 0.00142576266080141 0.00121980253607035 0.00141680636443198 0.00132301519624889 0.00127398874610662 0.00124447839334607 0.00153495406266302 0.00144161586649716 0.00127814488951117 0.00125890946947038 0.00154344027396291 0.00207762257196009 0.00250958022661507 0.00214699865318835 0.00300803920254111 0.00232376088388264 0.00276069389656186 0.00366476969793439 0.00371060078032315 0.00323187932372093
0.000705628248397261 0.000770182348787785 0.000259269610978663 0.000463665230199695 0.000541927525773644 0.000782894610892981 0.000921797414775938 0.000921047816518694 0.00123687402810901 0.00177022954449058 0.00200820108875632 0.00187691708561033 0.00173902057576925 0.00119427428580821 0.00113645801320672 0.00124481425154954 0.00103890476748347 0.00110281049273908 0.00130262912716717 0.00129517260938883 0.00122093118261546 0.00125862727873027 0.00149647367652506 0.0013077111216262 0.00132843619212508 0.00133666256442666 0.00117217109072953 0.00128004094585776 0.00120071705896407 0.00133798620663583 0.00142458104528487 0.00123896228615195 0.001329266699031 0.00147516361903399 0.00192814948968589 0.00266635650768876 0.0029513044282794 0.00236221076920629 0.00335046416148543 0.00327402376569808 0.00285196560434997 0.00360770244151354 0.00398298678919673 0.00333854765631258
0.000699218304362148 0.000211450576898642 0.00029630571953021 0.00045309925917536 0.00040611086296849 0.000617215991951525 0.00106249644886702 0.000996615970507264 0.00135271064937115 0.00154802086763084 0.00136278907302767 0.00197031209245324 0.00155593373347074 0.00185499631334096 0.00102047657128423 0.00120520638301969 0.000974858412519097 0.000956760544795543 0.00102997606154531 0.00132391415536404 0.00100150471553206 0.00103350065182894 0.00117970095016062 0.0012150164693594 0.00128617510199547 0.00111278239637613 0.00116713717579842 0.000997182680293918 0.00110958470031619 0.00148657767567784 0.00100576097611338 0.00111638312228024 0.00124019442591816 0.00145713612437248 0.00246026017703116 0.00237180851399899 0.00338347861543298 0.0031355656683445 0.00318800075910985 0.00425534648820758 0.00389067828655243 0.00431064097210765 0.0042488225735724 0.0039234790019691
0.000178618429345079 0.000251683901296929 0.000363974017091095 0.000447840779088438 0.000631455041002482 0.00072998582618311 0.000964573177043349 0.000973065674770623 0.00120713072828948 0.00150998018216342 0.0013333756942302 0.00175744062289596 0.00160549907013774 0.000717991963028908 0.000975910923443735 0.000917200755793601 0.000849547446705401 0.00106790626887232 0.00108275806996971 0.00104796898085624 0.00115623127203435 0.00112730520777404 0.00119280640501529 0.00123422627802938 0.0011475469218567 0.00109024927951396 0.00117653678171337 0.00111033685971051 0.00108982005622238 0.000997141585685313 0.000999314710497856 0.00110006285831332 0.00140032218769193 0.00158543570432812 0.00204022577963769 0.00231315614655614 0.00250800349749625 0.00271171145141125 0.00319136097095907 0.00324467499740422 0.00406523421406746 0.0044504078105092 0.00383012113161385 0.00322721153497696
0.000251803518040106 0.000259020540397614 0.000355335359927267 0.000537734653335065 0.000514594838023186 0.000677038042340428 0.000845991307869554 0.00106038944795728 0.00110307324212044 0.00118575955275446 0.00116422353312373 0.00131075223907828 0.00128765124827623 0.000786479620728642 0.000770804705098271 0.000880370382219553 0.0010819953167811 0.00110676279291511 0.00110708572901785 0.000963408150710166 0.00119892950169742 0.0011017817305401 0.00115074915811419 0.00115464185364544 0.00116490572690964 0.00114275177475065 0.00112641672603786 0.00116994045674801 0.00102337554562837 0.00101318501401693 0.00117083115037531 0.00159179838374257 0.00151373294647783 0.00202375347726047 0.00194402376655489 0.00198303698562086 0.00232811761088669 0.00286305253393948 0.00393518107011914 0.00314970407634974 0.00307638570666313 0.00306385266594589 0.00325947790406644 0.00310998153872788
