data/climate_estimation/maxent_output/Wurmbea_biglandulosa.asc
NCOLS 197 
NROWS 138 
XLLCORNER 137.583333333333 
YLLCORNER -37.8333333333333 
CELLSIZE 0.0833333333333333 
NODATA_value -3.4e+38 
[rows 100 to 119 of 138, columns 90 to 134 of 197]
0.304560005664825 0.306011587381363 0.305494010448456 0.334511607885361 0.300893545150757 0.3091981112957 0.430911958217621 0.430911958217621 0.309602588415146 0.27898308634758 0.210511073470116 0.119352571666241 0.0909621641039848 0.11163467168808 0.223485320806503 0.25553771853447 0.331760793924332 0.428523540496826 0.450432479381561 0.369976192712784 0.365065038204193 0.287791043519974 0.215271562337875 0.21143713593483 0.11710199713707 0.118774570524693 0.243566527962685 0.321356922388077 0.230726689100266 0.208430424332619 0.219206526875496 0.283069103956223 0.331308662891388 0.559334874153137 0.553884565830231 0.281899124383926 0.46323561668396 0.666794419288635 0.478328078985214 0.403703063726425 0.351365059614182 0.447037249803543 0.449929356575012 0.435811340808868 0.423411130905151
0.352197080850601 0.35226583480835 0.427254766225815 0.309043556451797 0.304471492767334 0.307834446430206 0.259167939424515 0.442742139101028 0.430322647094727 0.394985318183899 0.223476365208626 0.172033697366714 0.13520435988903 0.140708774328232 0.218944221735001 0.232689172029495 0.320314437150955 0.498452633619308 0.533570885658264 0.360488951206207 0.370081424713135 0.309182524681091 0.205661401152611 0.208255261182785 0.118187367916107 0.147604092955589 0.219155594706535 0.320162743330002 0.300633072853088 0.190953016281128 0.188806042075157 0.280619591474533 0.314991742372513 0.536784589290619 0.674002587795258 0.523316442966461 0.437258183956146 0.588851988315582 0.484058380126953 0.397621333599091 0.540372788906097 0.664758741855621 0.558839797973633 0.657743334770203 0.450870484113693
0.317294806241989 0.434129118919373 0.464763164520264 0.426434606313705 0.279381960630417 0.307228684425354 0.301327556371689 0.301721423864365 0.2666275203228 0.408046066761017 0.344441831111908 0.231546625494957 0.196246817708015 0.197301715612411 0.200185775756836 0.230026051402092 0.405341535806656 0.490674912929535 0.494596272706985 0.437039822340012 0.467308551073074 0.397266834974289 0.285877704620361 0.253641903400421 0.171760216355324 0.167067855596542 0.344002991914749 0.32899421453476 0.229654565453529 0.213580325245857 0.321395576000214 0.325527101755142 0.248323440551758 0.403065651655197 0.723876059055328 0.652063310146332 0.570409774780273 0.693144798278809 0.496258944272995 0.515919864177704 0.665248990058899 0.740764737129211 0.734991788864136 0.675442934036255 0.357387572526932
0.404101133346558 0.397983074188232 0.440990030765533 0.263385117053986 0.279416859149933 0.274274557828903 0.26906806230545 0.275667786598206 0.285330086946487 0.228671863675117 0.212742447853088 0.209395706653595 0.301432937383652 0.229952037334442 0.171775862574577 0.26482304930687 0.293197482824326 0.432767868041992 0.523437678813934 0.431042641401291 0.42527762055397 0.463636845350266 0.34778693318367 0.343353688716888 0.352425783872604 0.349942237138748 0.350405067205429 0.246773287653923 0.241585791110992 0.259046256542206 0.504845917224884 0.379926204681396 0.38028484582901 0.523409128189087 0.742705702781677 0.764872491359711 0.676584899425507 0.685550272464752 0.62782895565033 0.782266855239868 0.799793899059296 0.803699135780334 0.797853827476501 0.57088029384613 0.381994813680649
0.37018695473671 0.405221223831177 0.360459059476852 0.398409485816956 0.263351857662201 0.27936577796936 0.273796677589417 0.259102553129196 0.262037247419357 0.231580629944801 0.219764426350594 0.217350780963898 0.190416470170021 0.19347956776619 0.233860015869141 0.263683050870895 0.281105786561966 0.41890761256218 0.517656147480011 0.510950326919556 0.517269313335419 0.423879504203796 0.441057085990906 0.33008399605751 0.321666151285172 0.356958568096161 0.369465798139572 0.293481290340424 0.288860440254211 0.580693006515503 0.539946258068085 0.362212508916855 0.55386757850647 0.533264815807343 0.691812813282013 0.791578590869904 0.65272182226181 0.784545063972473 0.839975655078888 0.831251680850983 0.794853329658508 0.79986983537674 0.815617382526398 0.782417953014374 0.67573344707489
0.333389908075333 0.365041643381119 0.329109311103821 0.236077979207039 0.264000356197357 0.254376292228699 0.278692245483398 0.275225430727005 0.240424156188965 0.265416502952576 0.22615273296833 0.211183547973633 0.206417873501778 0.182812735438347 0.140572369098663 0.242851793766022 0.374936431646347 0.430285423994064 0.504138171672821 0.498775869607925 0.571256577968597 0.531077980995178 0.531324446201324 0.436585336923599 0.58044022321701 0.533559799194336 0.52903425693512 0.440151184797287 0.343975186347961 0.439328551292419 0.414418935775757 0.560982823371887 0.66139829158783 0.72315376996994 0.710298359394073 0.745694577693939 0.83796614408493 0.805617570877075 0.844186663627625 0.810835063457489 0.789813101291656 0.763295531272888 0.757034420967102 0.780020713806152 0.70720911026001
0.275888741016388 0.333026468753815 0.214115142822266 0.2402383685112 0.231860607862473 0.231003478169441 0.226517841219902 0.254343152046204 0.250355243682861 0.232161238789558 0.235703006386757 0.211810365319252 0.234073430299759 0.171369269490242 0.19624137878418 0.237929403781891 0.364150881767273 0.379234910011292 0.496571272611618 0.555484116077423 0.581983208656311 0.550386846065521 0.521022379398346 0.574585497379303 0.629857540130615 0.615246474742889 0.708234429359436 0.712444663047791 0.633145391941071 0.622361421585083 0.599546670913696 0.743725657463074 0.795592606067657 0.836783766746521 0.845000982284546 0.841894268989563 0.832109689712524 0.829282343387604 0.845385372638702 0.797655403614044 0.769731402397156 0.716298282146454 0.755626618862152 0.761297166347504 0.585516750812531
0.18330380320549 0.174043506383896 0.174509286880493 0.206249490380287 0.207167565822601 0.236903414130211 0.232014834880829 0.236198797821999 0.227705925703049 0.248932898044586 0.232332035899162 0.259088903665543 0.216457113623619 0.176189512014389 0.131846308708191 0.323084652423859 0.36741915345192 0.449382841587067 0.49827042222023 0.561639785766602 0.616167187690735 0.631740927696228 0.637703001499176 0.678172886371613 0.75543487071991 0.76843398809433 0.773554265499115 0.801723182201385 0.768495678901672 0.801296532154083 0.788075149059296 0.788229763507843 0.847987055778503 0.846578121185303 0.862533271312714 0.849937677383423 0.849475681781769 0.866595506668091 0.851798534393311 0.819722533226013 0.771168112754822 0.56273627281189 0.527361690998077 0.730933308601379 0.576464593410492
0.180393859744072 0.180092111229897 0.176946625113487 0.213320270180702 0.214782431721687 0.207530200481415 0.233607351779938 0.229531332850456 0.233653411269188 0.252496212720871 0.242856919765472 0.247317925095558 0.227174684405327 0.188428521156311 0.196749582886696 0.342767924070358 0.466297149658203 0.510780572891235 0.564979910850525 0.625728905200958 0.684199392795563 0.683915793895721 0.694084465503693 0.726406931877136 0.796392738819122 0.826578259468079 0.845895826816559 0.850528299808502 0.823230803012848 0.857952237129211 0.870711266994476 0.872012734413147 0.881466746330261 0.850091218948364 0.853285312652588 0.824798822402954 0.85020923614502 0.849575459957123 0.832664370536804 0.803784966468811 0.765509188175201 0.54689747095108 0.455536454916 0.600116908550262 0.507100284099579
0.194720327854156 0.183963507413864 0.201708689332008 0.226604789495468 0.214561924338341 0.206398144364357 0.23285248875618 0.229435920715332 0.258965373039246 0.227448180317879 0.245779424905777 0.253721237182617 0.278868734836578 0.275447517633438 0.236615210771561 0.382564812898636 0.466530740261078 0.531008362770081 0.583457350730896 0.593276143074036 0.689084529876709 0.735349535942078 0.744105637073517 0.824407815933228 0.852488219738007 0.850885450839996 0.872084259986877 0.859821259975433 0.888037443161011 0.896938681602478 0.879104733467102 0.883008778095245 0.89790278673172 0.877890467643738 0.821830630302429 0.767031967639923 0.76747864484787 0.829316079616547 0.797173380851746 0.506099879741669 0.725000321865082 0.539989113807678 0.386939704418182 0.612307190895081 0.404153436422348
0.198384523391724 0.217244982719421 0.205448716878891 0.201705664396286 0.238151103258133 0.243036687374115 0.230475381016731 0.239230439066887 0.230860590934753 0.252104073762894 0.274510890245438 0.29846403002739 0.320116370916367 0.333997547626495 0.322113037109375 0.499197006225586 0.505172431468964 0.597342431545258 0.655062317848206 0.666880249977112 0.759618163108826 0.791900038719177 0.827471077442169 0.832780122756958 0.883386731147766 0.888167679309845 0.898707509040833 0.890115678310394 0.892086863517761 0.898211419582367 0.883618831634521 0.912304282188416 0.894258439540863 0.873250186443329 0.83058762550354 0.756506979465485 0.71250307559967 0.788316309452057 0.800412714481354 0.523444414138794 0.326143592596054 0.345069974660873 0.264575004577637 0.376812607049942 0.200104102492332
0.224510803818703 0.221196159720421 0.217600658535957 0.210054099559784 0.256500959396362 0.243143275380135 0.24296535551548 0.240040838718414 0.262185961008072 0.238623827695847 0.282357335090637 0.312157571315765 0.505988001823425 0.33751192688942 0.369688212871552 0.555651128292084 0.57345986366272 0.639884173870087 0.681352913379669 0.772557616233826 0.765069961547852 0.81799179315567 0.839486598968506 0.861221790313721 0.893924236297607 0.921843290328979 0.905332148075104 0.916511476039886 0.90384578704834 0.912978649139404 0.870462536811829 0.896620869636536 0.863907158374786 0.805772721767426 0.81432718038559 0.74524062871933 0.505610823631287 0.514802753925323 0.765838861465454 0.539370894432068 0.394144088029861 0.269890755414963 0.242208197712898 0.306920170783997 0.220671445131302
0.236320331692696 0.292093575000763 0.224935621023178 0.274737119674683 0.265093952417374 0.282076865434647 0.273573577404022 0.275350868701935 0.300019681453705 0.387604355812073 0.464888542890549 0.413420766592026 0.515714824199677 0.587597966194153 0.419168949127197 0.631586849689484 0.63653951883316 0.703168213367462 0.757916271686554 0.751174867153168 0.756304860115051 0.816287696361542 0.834016680717468 0.881139039993286 0.911273896694183 0.913398444652557 0.910371959209442 0.904040813446045 0.917762517929077 0.922548055648804 0.885517120361328 0.883756279945374 0.839974105358124 0.820503711700439 0.7946697473526 0.797383844852448 0.418439000844955 0.369945734739304 0.688319444656372 0.574892520904541 0.492014110088348 0.231065809726715 0.223847717046738 0.267393440008163 0.170329585671425
0.432094365358353 0.452173948287964 0.459336966276169 0.445563971996307 0.299522489309311 0.317468971014023 0.322125375270844 0.308962672948837 0.342833578586578 0.439526587724686 0.505722761154175 0.491708815097809 0.564960956573486 0.465567141771317 0.622905492782593 0.63911235332489 0.659668326377869 0.711288154125214 0.719573497772217 0.747925162315369 0.758718430995941 0.830956220626831 0.847066640853882 0.88709545135498 0.925561547279358 0.933089315891266 0.923091948032379 0.919940531253815 0.912576079368591 0.895573735237122 0.865731239318848 0.898456931114197 0.825812220573425 0.79258143901825 0.815023720264435 0.804046094417572 0.664897620677948 0.4869644343853 0.43537974357605 0.732631146907806 0.395023167133331 0.22024492919445 0.257773995399475 0.27227994799614 0.267496407032013
0.475257724523544 0.470114260911942 0.499616742134094 0.41719052195549 0.33972379565239 0.329746335744858 0.35101705789566 0.351916909217834 0.380991548299789 0.557899534702301 0.543112933635712 0.579121470451355 0.661636292934418 0.64468652009964 0.679414212703705 0.694014310836792 0.710283815860748 0.711003303527832 0.711271524429321 0.713829576969147 0.770421862602234 0.769528925418854 0.846290171146393 0.87141478061676 0.890203475952148 0.922501027584076 0.914180040359497 0.872795581817627 0.873638212680817 0.847447514533997 0.856409013271332 0.886666715145111 0.831974565982819 0.823269248008728 0.789864540100098 0.779348909854889 0.790888845920563 0.756174147129059 0.456353962421417 0.461275160312653 0.20513741672039 0.169927075505257 0.197678819298744 0.232895880937576 0.308848917484283
0.516006112098694 0.516630172729492 0.427195578813553 0.504582762718201 0.460635513067245 0.373758852481842 0.410284459590912 0.39866429567337 0.435270428657532 0.613013386726379 0.61324542760849 0.635300517082214 0.716874361038208 0.70859295129776 0.702750146389008 0.70996755361557 0.745987892150879 0.745480418205261 0.721140682697296 0.725977897644043 0.749700903892517 0.78774893283844 0.852367043495178 0.86479240655899 0.896483600139618 0.887140274047852 0.886296927928925 0.89793848991394 0.90915459394455 0.884088635444641 0.868514895439148 0.886261224746704 0.864599823951721 0.845979988574982 0.812048852443695 0.807050168514252 0.782524168491364 0.75689423084259 0.552842259407043 0.217561393976212 0.146322935819626 0.152106106281281 0.323181062936783 0.328227490186691 0.153420731425285
0.513004958629608 0.556157767772675 0.555687546730042 0.461373567581177 0.535268425941467 0.533567667007446 0.33749982714653 0.404172837734222 0.602408349514008 0.638866186141968 0.653939366340637 0.69093644618988 0.690382182598114 0.731765151023865 0.710233211517334 0.708658754825592 0.764726400375366 0.745804071426392 0.753124415874481 0.738832712173462 0.765479207038879 0.819718658924103 0.875929355621338 0.90430223941803 0.885193347930908 0.88399064540863 0.880021989345551 0.881188690662384 0.836422979831696 0.887365579605103 0.849944233894348 0.803297936916351 0.822397947311401 0.828069686889648 0.826436996459961 0.829560279846191 0.790661156177521 0.52360862493515 0.198401123285294 0.112144716084003 0.134026601910591 0.12181418389082 0.27512189745903 0.29229599237442 0.120095498859882
0.531900465488434 0.53434145450592 0.526551783084869 0.529177844524384 0.514630496501923 0.509968996047974 0.544543981552124 0.584705531597137 0.583061158657074 0.66530054807663 0.659487366676331 0.685665547847748 0.72725772857666 0.723346173763275 0.715141296386719 0.738472998142242 0.733801603317261 0.743507862091064 0.738151788711548 0.779063165187836 0.794352054595947 0.844454526901245 0.889741480350494 0.87026035785675 0.867379724979401 0.836342573165894 0.858456969261169 0.842884063720703 0.827439308166504 0.8238245844841 0.832933247089386 0.728269934654236 0.851008772850037 0.811482787132263 0.807614207267761 0.797210097312927 0.765312731266022 0.235316649079323 0.129597902297974 0.0716995373368263 0.0839355513453484 0.135903775691986 0.315790593624115 0.278760224580765 0.133736476302147
0.513847231864929 0.513647198677063 0.508505523204803 0.499567896127701 0.541163444519043 0.534873247146606 0.570621848106384 0.613116502761841 0.643875896930695 0.698626518249512 0.685890316963196 0.695870816707611 0.718424379825592 0.731477558612823 0.73104590177536 0.753167867660522 0.77445524930954 0.789358198642731 0.797555387020111 0.802112340927124 0.754647791385651 0.802253544330597 0.83029168844223 0.827073991298676 0.858530521392822 0.834388971328735 0.83788675069809 0.83879816532135 0.807440400123596 0.791177332401276 0.839207947254181 0.824352502822876 0.847593307495117 0.823147177696228 0.809660792350769 0.806637346744537 0.749600768089294 0.4744813144207 0.0905634462833405 0.0568002797663212 0.0671818777918816 0.144793018698692 0.30690661072731 0.243528723716736 0.124035805463791
0.537895977497101 0.539086878299713 0.541910767555237 0.526466131210327 0.492166340351105 0.546706855297089 0.582519292831421 0.619681000709534 0.660316288471222 0.704222738742828 0.691140711307526 0.714937388896942 0.719413340091705 0.761903643608093 0.744661033153534 0.793865859508514 0.829032957553864 0.856060445308685 0.843573212623596 0.773548245429993 0.756476640701294 0.809491991996765 0.82276314496994 0.865005493164062 0.861417591571808 0.849309802055359 0.847072601318359 0.845244467258453 0.816936671733856 0.742650151252747 0.831688404083252 0.814488708972931 0.80858039855957 0.800396621227264 0.791900098323822 0.733424723148346 0.739913940429688 0.480747640132904 0.142895385622978 0.0522543787956238 0.0781515911221504 0.179367497563362 0.269233465194702 0.134298235177994 0.14524981379509
