data/climate_estimation/maxent_output/Wurmbea_stricta.asc
NCOLS 99 
NROWS 57 
XLLCORNER 17.4166666666667 
YLLCORNER -34.75 
CELLSIZE 0.0833333333333333 
NODATA_value -3.4e+38 
[rows 0 to 18 of 57, columns 44 to 87 of 99]
0.00111823657061905 0.00109695445280522 0.00102747499477118 0.000993690104223788 0.00101460434962064 0.000883314700331539 0.000824385904707015 0.000852684199344367 0.000772689119912684 0.000861339853145182 0.000850576383527368 0.000830944743938744 0.000787047843914479 0.000734236207790673 0.000697829877026379 0.000736274349037558 0.000725843303371221 0.000690766435582191 0.00074059545295313 0.000754739216063172 0.000761905102990568 0.00089289277093485 0.00104751449543983 0.00109006359707564 0.00130353705026209 0.00139729853253812 0.00146031763870269 0.00142543949186802 0.0011857122881338 0.00112158909905702 0.000816544226836413 0.000224574207095429 0.000180277827894315 0.000125777733046561 0.000136844348162413 9.80706390691921e-05 9.01522726053372e-05 6.79003424011171e-05 6.55823168926872e-05 6.72750029480085e-05 6.14688324276358e-05 5.43303576705512e-05 7.27220758562908e-05 0.000110372842755169
0.00102937268093228 0.00104501727037132 0.000966098625212908 0.000996274640783668 0.000885679852217436 0.000861889275256544 0.000903882319107652 0.000819133711047471 0.000795885687693954 0.000812860380392522 0.000847167277242988 0.000837986590340734 0.00079470087075606 0.000759192625992 0.000734204251784831 0.00068418774753809 0.000790397461969405 0.000683712307363749 0.000727654085494578 0.000739361857995391 0.000839848653413355 0.000867006776388735 0.000921578030101955 0.00108647113665938 0.00116822554264218 0.00118842686060816 0.00121901754755527 0.00115991733036935 0.00101389968767762 0.000985444523394108 0.00025738964905031 0.000234718158026226 0.000159510906087235 0.000124580896226689 0.000128400643006898 0.000100841461971868 9.49017266975716e-05 6.36838012724183e-05 4.63873584521934e-05 4.00142416765448e-05 3.76509633497335e-05 3.31108567479532e-05 4.02486548409797e-05 5.35767758265138e-05
0.00041144184069708 0.00107478571590036 0.00092801108257845 0.00082161178579554 0.000897621386684477 0.00092770584160462 0.000854882702697068 0.000831028970424086 0.000822311150841415 0.000822382979094982 0.000750233593862504 0.000844351947307587 0.000760722148697823 0.000797444663476199 0.000753667263779789 0.000722257595043629 0.000690263579599559 0.000754979671910405 0.000709632760845125 0.000749430386349559 0.000839440326672047 0.000827656593173742 0.000842347624711692 0.000943928956985474 0.00108197657391429 0.00107289769221097 0.0010073333978653 0.000960648991167545 0.000327111425576732 0.000311073963530362 0.000255815597483888 0.000245023489696905 0.000230708596063778 0.000189548751222901 0.000145110199810006 8.5859966930002e-05 8.48749696160667e-05 6.26987821306102e-05 4.11943765357137e-05 2.77237759291893e-05 2.14393003261648e-05 2.33943064813502e-05 2.96097277896479e-05 3.79021839762572e-05
0.000891772389877588 0.000994023866951466 0.0009282780229114 0.000885339162778109 0.000917584053240716 0.000940190861001611 0.000844710215460509 0.000767178949899971 0.000793834216892719 0.000759363523684442 0.000894697441253811 0.000818028929643333 0.000790663587395102 0.000725284859072417 0.000745304278098047 0.000717791088391095 0.000663129496388137 0.000708474777638912 0.000674345414154232 0.000716502661816776 0.000734111352358013 0.000794031890109181 0.000813946593552828 0.000884561275597662 0.000967707193922251 0.00090087967691943 0.000858288025483489 0.000362285383744165 0.000326937966747209 0.000310324685415253 0.000300540443276986 0.000270099117187783 0.000207537319511175 0.000195186905330047 0.000156836729729548 0.00010859655594686 6.61875674268231e-05 5.22180998814292e-05 3.01473537547281e-05 2.46789604716469e-05 1.63408149091993e-05 1.94971235032426e-05 2.61123095697258e-05 2.59158441622276e-05
0.000938080309424549 0.000908013724256307 0.00101292517501861 0.000917624798603356 0.00100541394203901 0.000922784965950996 0.000856138416565955 0.000796556705608964 0.000759298738557845 0.000781089067459106 0.000751712534110993 0.00083677627844736 0.000827017414849252 0.000781910552177578 0.000728749786503613 0.000655822805128992 0.000666256761178374 0.000741609372198582 0.00072131521301344 0.000709368847310543 0.000739012903068215 0.000752694148104638 0.000817782653030008 0.000847456220071763 0.00084104627603665 0.000804584356956184 0.000346549524692819 0.000315124314511195 0.000368139648344368 0.000317817874019966 0.000296565907774493 0.000297417282126844 0.000252413563430309 0.000192156425327994 0.000138631876325235 0.000127055041957647 6.55802941764705e-05 4.2896546801785e-05 2.28055941988714e-05 1.62291562446626e-05 1.34603251353838e-05 1.58533475769218e-05 1.44968489621533e-05 1.91550807357999e-05
0.00103979301638901 0.000872868055012077 0.00101009709760547 0.000949122826568782 0.000960001372732222 0.00101990031544119 0.000942416547331959 0.00091576564591378 0.00081960076931864 0.000844095193315297 0.000878158665727824 0.000836504099424928 0.000781484763137996 0.000764695403631777 0.000757232774049044 0.000685439561493695 0.000693234673235565 0.000623065512627363 0.00071835529524833 0.00070674647577107 0.000735036446712911 0.000765467120800167 0.000770794518757612 0.000780924747232348 0.000782154151238501 0.000300339481327683 0.000321441475534812 0.000322114414302632 0.000336516503011808 0.000305365188978612 0.000282841094303876 0.000309781549731269 0.000306546920910478 0.00024553743423894 0.000172740066773258 0.000112001100205816 9.9701872386504e-05 4.18490344600286e-05 2.70370019279653e-05 2.1567517251242e-05 1.52211923705181e-05 1.31637616505031e-05 1.55442266986938e-05 1.54919071064796e-05
0.000993466936051846 0.000881666666828096 0.00103747320827097 0.000911262875888497 0.000951869122218341 0.000925937201827765 0.000972002453636378 0.000929370755329728 0.000889352115336806 0.000878164020832628 0.000866936636157334 0.000868186296429485 0.000806375464890152 0.000766241573728621 0.000717015645932406 0.000710021879058331 0.000655136362183839 0.000721281918231398 0.000659811135847121 0.000706540187820792 0.00070236372994259 0.000622319465037435 0.00079976738197729 0.000685522158164531 0.000286183611024171 0.000317994825309142 0.000308887130813673 0.000297509541269392 0.000324746011756361 0.000319143815431744 0.000308890419546515 0.00037732336204499 0.000368619686923921 0.000377793738152832 0.000295688223559409 0.000655960699077696 0.000113801186671481 6.10149036219809e-05 3.34013566316571e-05 2.76055652648211e-05 2.0353210857138e-05 1.76519715751056e-05 1.89405545825139e-05 2.03107283596182e-05
0.000908007088582963 0.0010035113664344 0.00103885261341929 0.000885893532540649 0.000963765953201801 0.000922717095818371 0.0009120391914621 0.000900789687875658 0.000908399524632841 0.000827582203783095 0.000888761947862804 0.000848309078719467 0.000836996710859239 0.000792505568824708 0.000757239235099405 0.000713880872353911 0.000615215278230608 0.00068531115539372 0.000699657655786723 0.000704050878994167 0.000718344002962112 0.000671912508551031 0.00067141541512683 0.000255590479355305 0.000284073961665854 0.00029675752739422 0.00030108803184703 0.000312453921651468 0.00030275373137556 0.000357684009941295 0.000350215559592471 0.000324093009112403 0.000420617172494531 0.000467480160295963 0.001158383092843 0.00107011257205158 0.000195818705833517 0.000132741683046333 4.90847123728599e-05 3.98055053665303e-05 3.36551674990915e-05 3.2975021895254e-05 2.27414784603752e-05 2.21740283450345e-05
0.000913839729037136 0.00085387920262292 0.000877702434081584 0.000929885485675186 0.000976098177488893 0.00106291507836431 0.000982437748461962 0.000941985810641199 0.000989545369520783 0.000933235394768417 0.000903771142475307 0.000803826958872378 0.000799373432528228 0.00083483406342566 0.000804001756478101 0.000751303508877754 0.000724316108971834 0.000734010129235685 0.000707315164618194 0.000719450181350112 0.000661818194203079 0.000611489464063197 0.00067916966509074 0.000267453026026487 0.000284884852590039 0.000292157899821177 0.000314795644953847 0.000291756674414501 0.000313406431814656 0.00032269285293296 0.000326768058585003 0.000340392638463527 0.000321924162562937 0.000372454320313409 0.000303433247609064 0.000744509801734239 0.000220111454837024 0.000153358414536342 9.75747461779974e-05 6.69694054522552e-05 5.26283838553354e-05 4.73963082185946e-05 3.81599929824006e-05 3.65280029654969e-05
0.000759889371693134 0.00077856337884441 0.000884136068634689 0.00100889429450035 0.00082035205559805 0.00102747709024698 0.000932935799937695 0.00106918346136808 0.00106996495742351 0.000970493536442518 0.000873598968610168 0.000895030389074236 0.000865498732309788 0.000808301323559135 0.000753616506699473 0.000814493803773075 0.000698520743753761 0.000694061105605215 0.000669634086079895 0.000660054793115705 0.000658054545056075 0.000640667625702918 0.000653543800581247 0.000267499301116914 0.000253945210715756 0.000292709475615993 0.000303588225506246 0.00029817339964211 0.000344023545039818 0.000299839273793623 0.000313263008138165 0.000331844115862623 0.000335186952725053 0.000242201786022633 0.000416035007219762 0.000276106729870662 0.000264585221884772 0.000211046950425953 0.000158964583533816 0.000118146934255492 9.28635854506865e-05 8.77096754265949e-05 9.18871592148207e-05 5.64070614927914e-05
0.000933080678805709 0.000745159515645355 0.000702124263625592 0.000768838566727936 0.000917893135920167 0.000783605210017413 0.000895954959560186 0.000989054446108639 0.000984940910711884 0.00103064847644418 0.000943731691222638 0.000992031535133719 0.000938970246352255 0.00084098125807941 0.000843349378556013 0.000795285566709936 0.000767932273447514 0.000691775931045413 0.000281119020655751 0.000241513233049773 0.000682253041304648 0.000678048294503242 0.000268627452896908 0.000260312197497115 0.000621731160208583 0.000294111261609942 0.000297168822726235 0.000329676870023832 0.00034641768434085 0.000311071780743077 0.000252547761192545 0.000258293322985992 0.000306343019474298 0.000309766212012619 0.000278685969533399 0.000278825027635321 0.000205665070097893 0.000173628257471137 0.000181569499545731 0.000151704531162977 0.000143505734740756 0.000167332618730143 0.000139969299198128 0.000127416948089376
0.000724426761735231 0.000537459796760231 0.000561588269192725 0.000699423311743885 0.000699119409546256 0.00102944974787533 0.000925414322409779 0.00104505696799606 0.00108246295712888 0.00108904717490077 0.00105490360874683 0.00100083358120173 0.000965113576967269 0.000824762741103768 0.000851944671012461 0.000620171194896102 0.000757609668653458 0.000677255040500313 0.000272014818619937 0.000284811016172171 0.000271394703304395 0.000254794198554009 0.00023051182506606 0.000214414540096186 0.000599840888753533 0.000291227945126593 0.000279237749055028 0.000316232326440513 0.000333113363012671 0.000317189143970609 0.000285533227724954 0.000216630243812688 0.000309094844851643 0.000350970425643027 0.000304077082546428 0.000234326973441057 0.000226803371333517 0.000229328012210317 0.000199503207113594 0.000165177480084822 0.000196440232684836 0.000249170872848481 0.000211502789170481 0.00017975689843297
0.000588756636716425 0.000509776000399143 0.000812886341009289 0.000726685160771012 0.000692909234203398 0.000713154266122729 0.000828458403702825 0.00114198983646929 0.00113166670780629 0.00107280840165913 0.00112756667658687 0.00109823257662356 0.0010058581829071 0.000976639799773693 0.000918527250178158 0.000683596357703209 0.000267209368757904 0.000280113512417302 0.000327599409502 0.00029418503982015 0.000252836878644302 0.000261594250332564 0.000254522718023509 0.000210285666980781 0.000222866568947211 0.000285042478935793 0.000289074698230252 0.000327028334140778 0.000323394284350798 0.000326239824062213 0.000290366937406361 0.000361020647687837 0.000322063133353367 0.000258372368989512 0.000279117579339072 0.000288847659248859 0.00022592356253881 0.000226671094424091 0.000215805732295848 0.00021198698959779 0.000223277005716227 0.000281237007584423 0.0002368081768509 0.000203137286007404
0.000475395965622738 0.000758078705985099 0.000748462218325585 0.000839781831018627 0.000773541163653135 0.000842438021209091 0.000995436916127801 0.00113859330303967 0.00117117038462311 0.0011972215725109 0.0011763934744522 0.00111129670403898 0.00105518545024097 0.000938759767450392 0.000448297039838508 0.000250314536970109 0.00023764863726683 0.000243359958403744 0.000304673216305673 0.000316759367706254 0.000319364451570436 0.000279744766885415 0.000223983268369921 0.000565490801818669 0.000247718155151233 0.00028242776170373 0.000284239184111357 0.000310302042635158 0.00034649993176572 0.000321236148010939 0.000410205539083108 0.00072572473436594 0.000293818768113852 0.000296649988740683 0.000203039599000476 0.000242879876168445 0.000198348803678527 0.000201360759092495 0.000257667590631172 0.000234533858019859 0.000260578526649624 0.000302495755022392 0.000241522342548706 0.000243108966969885
0.000819717068225145 0.000852710742037743 0.000694307964295149 0.000829351367428899 0.00100449123419821 0.00089464575285092 0.000845436647068709 0.00117436132859439 0.00107817642856389 0.00114022090565413 0.00104779517278075 0.000928656023461372 0.000977845513261855 0.000465038203401491 0.000374190916772932 0.000281332962913439 0.000256683415500447 0.000261705747107044 0.000258449610555544 0.000272090721409768 0.000318431266350672 0.000319899088935927 0.000262176617980003 0.000267905357759446 0.000248420925345272 0.000256524130236357 0.000272763514658436 0.000305912632029504 0.000325112720020115 0.000392065121559426 0.000385048770112917 0.000957076612394303 0.000770127808209509 0.000295207311864942 0.000229345285333693 0.000248093332629651 0.000213352002901956 0.000220856687519699 0.000264615257037804 0.000357854267349467 0.000325608212733641 0.000300024112220854 0.000319217040669173 0.000255261606071144
0.000768220808822662 0.000614078249782324 0.00085030629998073 0.000815104926005006 0.000826022238470614 0.000696857227012515 0.000750648672692478 0.000777720124460757 0.00125749118160456 0.00102111068554223 0.00112447026185691 0.00109435897320509 0.000368713517673314 0.000437281501945108 0.000283263856545091 0.000278036226518452 0.000283112196484581 0.000212554761674255 0.000345570762874559 0.000289896910544485 0.000293271790724248 0.000301617285003886 0.000302404863759875 0.000268531002802774 0.00023655999393668 0.000249147415161133 0.000290114956442267 0.000302499975077808 0.000250885874265805 0.000316707446472719 0.000836314691696316 0.000855917285662144 0.00077942491043359 0.000653266091831028 0.000248974363785237 0.000267180817900226 0.000215229927562177 0.000261482113273814 0.000319101323839277 0.000303964741760865 0.000349620619090274 0.00035390249104239 0.000414273963542655 0.000320796068990603
0.000512429513037205 0.000555345031898469 0.000807349977549165 0.000645419000647962 0.000998942065052688 0.000912147748749703 0.000836956431157887 0.00108131417073309 0.000868981180246919 0.000860477681271732 0.000856934057082981 0.000739991897717118 0.000427286548074335 0.000340786558808759 0.000296548561891541 0.00021275004837662 0.0002308132534381 0.000289691612124443 0.000272896635578945 0.000430799991590902 0.000342251092661172 0.0002791951992549 0.000204474621568806 0.000238100023125298 0.000235339903156273 0.000267497031018138 0.000291071424726397 0.000648911984171718 0.000295038684271276 0.000278127088677138 0.000300301791867241 0.000641700637061149 0.000878753198776394 0.000684082217048854 0.000563992303796113 0.000660135876387358 0.000258230633335188 0.000376135489204898 0.000403598853154108 0.000365812185918912 0.00041285582119599 0.000494754873216152 0.000402305275201797 0.000380442244932055
0.000671676127240062 0.000493581523187459 0.000590213690884411 0.000719601346645504 0.000779764726758003 0.000695936440024525 0.000958400894887745 0.000994695932604373 0.000742262753192335 0.00081931398017332 0.000466247322037816 0.000516363012138754 0.000373619375750422 0.000365012878319249 0.000277652085060254 0.000229889963520691 0.000208342331461608 0.0002186723286286 0.000329991802573204 0.000323168380418792 0.000345723936334252 0.000259402120718732 0.000202841547434218 0.000248422787990421 0.000292109907604754 0.000328065128996968 0.00063657300779596 0.000339811522280797 0.000660702993627638 0.000303393782814965 0.000687203370034695 0.000769618549384177 0.000735912472009659 0.000709432468283921 0.000755637127440423 0.000319757091347128 0.000259640830336139 0.000298844592180103 0.000418027979321778 0.000343283463735133 0.000468465994345024 0.000553904566913843 0.000470449274871498 0.000411797140259296
0.000503334915265441 0.000413369154557586 0.000481505965581164 0.000573347439058125 0.000742843432817608 0.000761834729928523 0.000660524645354599 0.000909030728507787 0.000696282426360995 0.000310010218527168 0.000438112416304648 0.000436094007454813 0.000375851814169437 0.000305966153973714 0.000294864381430671 0.000220436413655989 0.000269282900262624 0.000278451509075239 0.000303015345707536 0.000399475218728185 0.000286862545181066 0.000317754078423604 0.000246811338001862 0.000247755087912083 0.000254033046076074 0.000686508021317422 0.000333571777446195 0.000692323432303965 0.000272200064500794 0.000763332238420844 0.000622923485934734 0.000690010201651603 0.00079424784053117 0.000661784433759749 0.000687046558596194 0.000285934889689088 0.000329238158883527 0.000369791669072583 0.000391805049730465 0.000440662319306284 0.00052233220776543 0.000541152956429869 0.000613365089520812 0.000578226696234196
