data/climate_estimation/maxent_output/Wurmbea_inframediana.asc
NCOLS 56 
NROWS 64 
XLLCORNER 113.333333333333 
YLLCORNER -29.4166666666667 
CELLSIZE 0.0833333333333334 
NODATA_value -3.4e+38 
[rows 0 to 19 of 64, columns 0 to 46 of 56]
0.870863080024719 0.89799439907074 0.956246435642242 0.963973641395569 0.956888973712921 0.950464189052582 0.961685717105865 0.954730451107025 0.942541658878326 0.932768762111664 0.916318416595459 0.90702223777771 0.868519008159637 0.817274272441864 0.981048822402954 0.98324179649353 0.976249694824219 0.957822442054749 0.961066663265228 0.9754279255867 0.978582322597504 0.970756828784943 0.977432727813721 0.966047823429108 0.963789522647858 0.962661743164062 0.976114869117737 0.959901750087738 0.954939901828766 0.979019045829773 0.959993302822113 0.881708085536957 0.915226221084595 0.895843088626862 0.871437966823578 0.826875329017639 0.83087557554245 0.809010446071625 0.806868255138397 0.826734960079193 0.840593934059143 0.859509408473969 0.856319427490234 0.874063968658447 0.885644018650055 0.888051152229309 0.905717730522156
0.809653282165527 0.852649390697479 0.930820107460022 0.923211812973022 0.965209901332855 0.983926713466644 0.978398084640503 0.959201216697693 0.959353804588318 0.941920340061188 0.961706161499023 0.954584300518036 0.894035995006561 0.884392380714417 0.863903880119324 0.988519310951233 0.959612786769867 0.961086988449097 0.980287373065948 0.969928503036499 0.964206278324127 0.968033075332642 0.97472208738327 0.965240895748138 0.959687769412994 0.96939742565155 0.966538608074188 0.973598539829254 0.963890135288239 0.985269665718079 0.932236194610596 0.913226127624512 0.946174740791321 0.926705181598663 0.904716849327087 0.854426860809326 0.884454369544983 0.860054135322571 0.866516828536987 0.862311542034149 0.870915591716766 0.88302081823349 0.909417927265167 0.903352439403534 0.907216489315033 0.874517917633057 0.898188710212708
0.793377876281738 0.8113734126091 0.817963898181915 0.928174614906311 0.964062809944153 0.967681884765625 0.986748576164246 0.977757215499878 0.963765561580658 0.961724758148193 0.944358468055725 0.932213544845581 0.888887166976929 0.855071902275085 0.81882905960083 0.793645620346069 0.973676800727844 0.979296326637268 0.963935732841492 0.960205018520355 0.950303971767426 0.965748310089111 0.9455885887146 0.961375713348389 0.974345147609711 0.972119271755219 0.964862942695618 0.959460437297821 0.954753160476685 0.97533255815506 0.955045282840729 0.946678340435028 0.940496444702148 0.949743926525116 0.92795205116272 0.912451446056366 0.884439289569855 0.915163397789001 0.900488972663879 0.910664081573486 0.91324907541275 0.91812664270401 0.92225193977356 0.896548628807068 0.90687894821167 0.901003122329712 0.924695134162903
0.754059731960297 0.793550133705139 0.814436256885529 0.887358486652374 0.942109942436218 0.97759336233139 0.989567935466766 0.97825300693512 0.980698943138123 0.97329318523407 0.959226846694946 0.948341429233551 0.897361576557159 0.879931926727295 0.869537770748138 0.837445378303528 0.974371552467346 0.986136853694916 0.982551157474518 0.966824173927307 0.953297197818756 0.950306117534637 0.958446800708771 0.966058433055878 0.977409064769745 0.983958601951599 0.97813892364502 0.973066747188568 0.968888640403748 0.955434858798981 0.969812750816345 0.961787164211273 0.945895254611969 0.908937096595764 0.903372943401337 0.926105201244354 0.92251455783844 0.918964743614197 0.939728915691376 0.925013422966003 0.923115074634552 0.925683379173279 0.9241663813591 0.913590848445892 0.929247558116913 0.933313548564911 0.907989740371704
0.664645254611969 0.743858218193054 0.778618395328522 0.845810949802399 0.919157803058624 0.970759332180023 0.990369975566864 0.98629242181778 0.980433881282806 0.976404190063477 0.971425712108612 0.963120341300964 0.933207988739014 0.9012451171875 0.881839752197266 0.853653609752655 0.971977055072784 0.975292980670929 0.962684512138367 0.949826836585999 0.915048956871033 0.929649531841278 0.97124171257019 0.968623578548431 0.973596096038818 0.98047661781311 0.980177879333496 0.977073729038239 0.968291223049164 0.961012661457062 0.949980974197388 0.971769452095032 0.960285842418671 0.946808695793152 0.93195503950119 0.925315260887146 0.913095951080322 0.908285439014435 0.934069037437439 0.926779389381409 0.917075753211975 0.914242267608643 0.909703075885773 0.915680289268494 0.939253807067871 0.928029477596283 0.938386142253876
-3.4e+38 0.729294776916504 0.699999809265137 0.785860598087311 0.887086808681488 0.958311021327972 0.98752361536026 0.978882968425751 0.989815354347229 0.987608134746552 0.984731495380402 0.972904801368713 0.940803170204163 0.923726975917816 0.907699823379517 0.867745280265808 0.978503406047821 0.97964084148407 0.964338183403015 0.955062925815582 0.924647867679596 0.918714702129364 0.976528227329254 0.97776061296463 0.978967487812042 0.975619256496429 0.982252597808838 0.979692876338959 0.974258363246918 0.961402714252472 0.955734312534332 0.950711369514465 0.918288052082062 0.957039177417755 0.932217240333557 0.942124903202057 0.946046650409698 0.946534514427185 0.932133436203003 0.942981839179993 0.943637490272522 0.953033804893494 0.948081374168396 0.947851121425629 0.945072531700134 0.941443145275116 0.958365678787231
-3.4e+38 0.556204319000244 0.688660562038422 0.72612464427948 0.829880952835083 0.92411071062088 0.98387610912323 0.989982962608337 0.988990962505341 0.990064561367035 0.98954975605011 0.980975031852722 0.95727002620697 0.934918820858002 0.919620454311371 0.905310094356537 0.982732117176056 0.98271656036377 0.97793060541153 0.979187190532684 0.959220707416534 0.919210731983185 0.981126546859741 0.982136070728302 0.975799918174744 0.972962617874146 0.969491422176361 0.967898845672607 0.963279008865356 0.955868124961853 0.9483522772789 0.95149552822113 0.952056527137756 0.944718360900879 0.936871707439423 0.93570351600647 0.961109936237335 0.962573528289795 0.960212588310242 0.936969578266144 0.940885066986084 0.959182322025299 0.955409526824951 0.953193962574005 0.961508572101593 0.966919600963593 0.962945520877838
-3.4e+38 -3.4e+38 0.638595521450043 0.692738175392151 0.775493264198303 0.897186458110809 0.973929226398468 0.983348548412323 0.993421018123627 0.991989731788635 0.993685960769653 0.97496223449707 0.968202710151672 0.964770674705505 0.938691735267639 0.920606255531311 0.985673427581787 0.984908223152161 0.975357294082642 0.95339035987854 0.958336174488068 0.941575229167938 0.961436033248901 0.947199046611786 0.983799397945404 0.968387603759766 0.965260446071625 0.975778341293335 0.973325610160828 0.964218974113464 0.960125207901001 0.962533831596375 0.960573136806488 0.963587641716003 0.964933574199677 0.956125617027283 0.954237163066864 0.976454675197601 0.954586207866669 0.958504676818848 0.958413779735565 0.955129563808441 0.938390791416168 0.96437019109726 0.969382464885712 0.966002464294434 0.974494695663452
-3.4e+38 -3.4e+38 -3.4e+38 0.573032736778259 0.712963044643402 0.878609597682953 0.924505054950714 0.984201669692993 0.995007038116455 0.995664954185486 0.995080471038818 0.979583740234375 0.977030217647552 0.968443632125854 0.957115650177002 0.935998499393463 0.853448927402496 0.966653168201447 0.977250516414642 0.966723263263702 0.926500022411346 0.958393275737762 0.971734702587128 0.953364551067352 0.971569418907166 0.961180448532104 0.97648024559021 0.976803719997406 0.973139464855194 0.967120349407196 0.975164592266083 0.971476197242737 0.957354724407196 0.958243310451508 0.957179844379425 0.963887870311737 0.958220243453979 0.968103528022766 0.960415840148926 0.956800282001495 0.959555327892303 0.964573383331299 0.96188896894455 0.961827456951141 0.967940330505371 0.965144038200378 0.965208768844604
-3.4e+38 -3.4e+38 -3.4e+38 0.46094936132431 0.548673868179321 0.747271418571472 0.919613778591156 0.988915324211121 0.994042336940765 0.997717559337616 0.993709027767181 0.993730902671814 0.984052300453186 0.977133452892303 0.962364971637726 0.9311683177948 0.886009037494659 0.976893544197083 0.979417860507965 0.975900888442993 0.942891836166382 0.949025928974152 0.958539545536041 0.947707653045654 0.938205540180206 0.96357661485672 0.961358726024628 0.953985989093781 0.973033964633942 0.971689522266388 0.952729761600494 0.969650387763977 0.977832436561584 0.967222511768341 0.962134540081024 0.971681833267212 0.975629866123199 0.951102137565613 0.968377113342285 0.963461995124817 0.972871541976929 0.968711316585541 0.967237830162048 0.975313365459442 0.979318916797638 0.971651911735535 0.972415804862976
-3.4e+38 -3.4e+38 -3.4e+38 0.524659752845764 0.579779803752899 0.780872821807861 0.930243790149689 0.988100528717041 0.995956599712372 0.997586131095886 0.997124552726746 0.993397831916809 0.988272845745087 0.975034058094025 0.967143833637238 0.927801609039307 0.91821026802063 0.885692119598389 0.800174057483673 0.967343509197235 0.974367499351501 0.967330634593964 0.966504395008087 0.953820824623108 0.964375734329224 0.928349912166595 0.922674119472504 0.957672715187073 0.933960556983948 0.971420049667358 0.949707269668579 0.973019957542419 0.96796715259552 0.970836281776428 0.960055887699127 0.950482726097107 0.958667755126953 0.945803225040436 0.970310151576996 0.962345004081726 0.975581228733063 0.976059198379517 0.975744843482971 0.96770966053009 0.980052053928375 0.983316242694855 0.98346334695816
-3.4e+38 -3.4e+38 -3.4e+38 0.584751725196838 0.717097222805023 0.858957707881927 0.956152617931366 0.992537081241608 0.996614694595337 0.99466860294342 0.997888445854187 0.98847883939743 0.981925904750824 0.971652686595917 0.958399415016174 0.932645976543427 0.925055623054504 0.907760202884674 0.895312070846558 0.97342574596405 0.980115473270416 0.983281850814819 0.963985621929169 0.953246116638184 0.938797831535339 0.937269270420074 0.918951272964478 0.931360125541687 0.956155061721802 0.94191187620163 0.942819952964783 0.937880873680115 0.975798368453979 0.973570108413696 0.968531668186188 0.948989152908325 0.96002471446991 0.970001757144928 0.969309568405151 0.977357625961304 0.969259798526764 0.968343496322632 0.968451023101807 0.976752996444702 0.978296279907227 0.97854095697403 0.977927029132843
-3.4e+38 -3.4e+38 -3.4e+38 -3.4e+38 0.80963921546936 0.920101583003998 0.94774866104126 0.970731556415558 0.992441773414612 0.995941996574402 0.994114458560944 0.986372649669647 0.987354338169098 0.967659831047058 0.957262873649597 0.952478587627411 0.924835503101349 0.914829671382904 0.893779695034027 0.960740685462952 0.97340190410614 0.975813806056976 0.973307073116302 0.94982498884201 0.934619009494781 0.93019700050354 0.925526082515717 0.924799799919128 0.916767299175262 0.952006220817566 0.946333408355713 0.93325674533844 0.972087681293488 0.971896529197693 0.951736986637115 0.958449065685272 0.956651747226715 0.970469415187836 0.973697185516357 0.973641753196716 0.975358247756958 0.975303649902344 0.978257477283478 0.97678929567337 0.97497171163559 0.9732905626297 0.976960957050323
-3.4e+38 -3.4e+38 -3.4e+38 -3.4e+38 -3.4e+38 0.961919963359833 0.957215487957001 0.98023509979248 0.992343127727509 0.996303379535675 0.991893172264099 0.990657091140747 0.986396193504333 0.980648279190063 0.9554523229599 0.948807537555695 0.932205021381378 0.922570705413818 0.901542007923126 0.828431010246277 0.769456505775452 0.961807250976562 0.954358279705048 0.947288393974304 0.9391970038414 0.939851224422455 0.501706600189209 0.526855945587158 0.529466211795807 0.49144434928894 0.946054577827454 0.940932750701904 0.948369264602661 0.958016395568848 0.963854849338531 0.968310356140137 0.970791816711426 0.967461407184601 0.966365396976471 0.966432988643646 0.970587253570557 0.973246872425079 0.97310072183609 0.95140540599823 0.49683478474617 0.493092924356461 0.944739937782288
-3.4e+38 -3.4e+38 -3.4e+38 -3.4e+38 -3.4e+38 -3.4e+38 0.969012260437012 0.985078394412994 0.99497264623642 0.994073629379272 0.996655166149139 0.989319920539856 0.984305381774902 0.982735216617584 0.952386081218719 0.947200298309326 0.927397847175598 0.917456448078156 0.896729528903961 0.841498494148254 0.823484480381012 0.70921516418457 0.701974511146545 0.930617392063141 0.95291668176651 0.633043766021729 0.553507089614868 0.545240223407745 0.520293951034546 0.47423928976059 0.512140512466431 0.944723725318909 0.939080536365509 0.924560546875 0.931011199951172 0.961314618587494 0.971090376377106 0.971229672431946 0.969059526920319 0.943696260452271 0.910580277442932 0.921158194541931 0.919958233833313 0.399478048086166 0.325894862413406 0.380382984876633 0.370139211416245
-3.4e+38 -3.4e+38 -3.4e+38 -3.4e+38 -3.4e+38 -3.4e+38 0.98492568731308 0.991457343101501 0.996870160102844 0.995432436466217 0.996244013309479 0.991866946220398 0.988977253437042 0.983322739601135 0.948249280452728 0.941439509391785 0.936070501804352 0.913861930370331 0.908986926078796 0.882127046585083 0.856332361698151 0.803036272525787 0.798311352729797 0.749472856521606 0.939199149608612 0.641955137252808 0.598317325115204 0.579076826572418 0.550567984580994 0.524298250675201 0.532718181610107 0.903096735477448 0.948982238769531 0.905136287212372 0.949666440486908 0.953109204769135 0.966545343399048 0.944971799850464 0.941965818405151 0.941895127296448 0.910140931606293 0.905566394329071 0.367516428232193 0.361064881086349 0.295451462268829 0.288008451461792 0.329831808805466
-339999999999999996123846586046231871488.000000000000000 -3.4e+38 -3.4e+38 -3.4e+38 -3.4e+38 -3.4e+38 0.987279891967773 0.994212806224823 0.997455596923828 0.997806489467621 0.995875895023346 0.978565871715546 0.968621671199799 0.947534084320068 0.94175261259079 0.943633913993835 0.931847751140594 0.895240902900696 0.90372109413147 0.795276701450348 0.871242523193359 0.851710438728333 0.772008657455444 0.803976714611053 0.760065376758575 0.708122313022614 0.634057819843292 0.607266962528229 0.601950228214264 0.577956557273865 0.544528305530548 0.899551749229431 0.903138518333435 0.886804163455963 0.937109470367432 0.925283312797546 0.91640317440033 0.933210253715515 0.936797499656677 0.928098380565643 0.934571325778961 0.882110714912415 0.346430957317352 0.312108993530273 0.256223380565643 0.26150381565094 0.252633810043335
-3.4e+38 0.73017692565918 -3.4e+38 -3.4e+38 -3.4e+38 -3.4e+38 -3.4e+38 0.997880041599274 0.996987342834473 0.997326076030731 0.997057974338531 0.976246118545532 0.958183944225311 0.978944063186646 0.961412310600281 0.937620341777802 0.930086016654968 0.907773911952972 0.907810151576996 0.811032831668854 0.80498856306076 0.872273743152618 0.775738656520844 0.813809096813202 0.71615207195282 0.694543957710266 0.662799656391144 0.725492060184479 0.596897780895233 0.582207858562469 0.894064486026764 0.889687657356262 0.868404686450958 0.885956406593323 0.903436899185181 0.90434867143631 0.915498018264771 0.911605298519135 0.913858711719513 0.915894627571106 0.87237548828125 0.265884399414062 0.27609196305275 0.300819039344788 0.281635999679565 0.282098978757858 0.820710897445679
0.728065490722656 0.816654860973358 0.844075322151184 -3.4e+38 -3.4e+38 -3.4e+38 -3.4e+38 -3.4e+38 0.998555958271027 0.997081279754639 0.995669543743134 0.991052389144897 0.957933008670807 0.939112961292267 0.966255962848663 0.935118615627289 0.900930285453796 0.919397056102753 0.892952382564545 0.81761109828949 0.815411150455475 0.847186148166656 0.851161599159241 0.766982078552246 0.725486099720001 0.734176933765411 0.685192286968231 0.713662147521973 0.866413831710815 0.85537189245224 0.870737016201019 0.849570691585541 0.857713103294373 0.869245529174805 0.889846384525299 0.888322710990906 0.910352826118469 0.922171115875244 0.929774880409241 0.893738806247711 0.885859191417694 0.817620396614075 0.815399587154388 0.257772147655487 0.285165876150131 0.809897780418396 0.842200875282288
0.725172936916351 0.747390568256378 0.855525732040405 0.928506195545197 -3.4e+38 -3.4e+38 -3.4e+38 -3.4e+38 -3.4e+38 0.997969567775726 0.996775150299072 0.990152180194855 0.979197204113007 0.945965230464935 0.9619140625 0.934164762496948 0.908925890922546 0.916494309902191 0.905042707920074 0.897298872470856 0.827726721763611 0.862153887748718 0.782754778862 0.852775931358337 0.775036990642548 0.736984550952911 0.714487612247467 0.722713649272919 0.819407224655151 0.832140922546387 0.859422981739044 0.868142247200012 0.866037666797638 0.868782162666321 0.895647943019867 0.84913843870163 0.864223420619965 0.911249399185181 0.898521900177002 0.911834299564362 0.926588952541351 0.811078906059265 0.806323111057281 0.795210063457489 0.842210054397583 0.833111584186554 0.837586641311646
