data/climate_estimation/maxent_output/Wurmbea_inframediana.asc
NCOLS 56 
NROWS 64 
XLLCORNER 113.333333333333 
YLLCORNER -29.4166666666667 
CELLSIZE 0.0833333333333334 
NODATA_value -3.4e+38 
[rows 40 to 59 of 64, columns 0 to 46 of 56]
-3.4e+38 -3.4e+38 -3.4e+38 -3.4e+38 -3.4e+38 -3.4e+38 -3.4e+38 -3.4e+38 0.276693612337112 0.322271972894669 0.328230321407318 0.42924627661705 0.397529423236847 0.4620660841465 0.472353488206863 0.475820392370224 0.542705774307251 0.557475507259369 0.573332488536835 0.659399628639221 0.707612335681915 0.791349768638611 0.839382886886597 0.894834280014038 0.928531646728516 0.949766159057617 0.959422945976257 0.971456289291382 0.976253092288971 0.967745900154114 0.938121676445007 0.947874426841736 0.952286243438721 0.904693484306335 0.511324226856232 0.459384322166443 0.457370758056641 0.445709228515625 0.462379485368729 0.556264817714691 0.567957758903503 0.590715885162354 0.523858666419983 0.474593579769135 0.473262220621109 0.398862838745117 0.394510507583618
-3.4e+38 -3.4e+38 -3.4e+38 -3.4e+38 -3.4e+38 -3.4e+38 -3.4e+38 -3.4e+38 -3.4e+38 0.224480882287025 0.265987634658813 0.344735026359558 0.406929165124893 0.403467953205109 0.452180296182632 0.444343566894531 0.518842995166779 0.5059774518013 0.521294891834259 0.585697531700134 0.682638227939606 0.743438959121704 0.834254503250122 0.863980829715729 0.896315574645996 0.900538146495819 0.954259991645813 0.95560085773468 0.960435509681702 0.954042732715607 0.956411123275757 0.953331112861633 0.941730082035065 0.915066182613373 0.88265073299408 0.422606855630875 0.416814774274826 0.42042875289917 0.445090800523758 0.4667047560215 0.479428380727768 0.481699466705322 0.459670692682266 0.493670433759689 0.47116681933403 0.373747110366821 0.385247111320496
-3.4e+38 -3.4e+38 -3.4e+38 -3.4e+38 -3.4e+38 -3.4e+38 -3.4e+38 -3.4e+38 -3.4e+38 0.213769763708115 0.252704173326492 0.286925077438354 0.299222588539124 0.397149592638016 0.417611986398697 0.470919191837311 0.47416689991951 0.498910516500473 0.522126734256744 0.537386536598206 0.631926894187927 0.657617628574371 0.724016427993774 0.836874842643738 0.886110365390778 0.879990637302399 0.867838561534882 0.911742091178894 0.920907616615295 0.897742331027985 0.92959451675415 0.940325438976288 0.946616768836975 0.903523147106171 0.895444095134735 0.88277804851532 0.38938120007515 0.374775856733322 0.390030920505524 0.403950989246368 0.420922458171844 0.437937527894974 0.390950441360474 0.429849445819855 0.382656961679459 0.383543580770493 0.368437886238098
-3.4e+38 -3.4e+38 -3.4e+38 -3.4e+38 -3.4e+38 -3.4e+38 -3.4e+38 -3.4e+38 -3.4e+38 0.159515634179115 0.187970012426376 0.226522281765938 0.296642571687698 0.33509424328804 0.375010907649994 0.422668904066086 0.456974148750305 0.486508756875992 0.49516835808754 0.499149650335312 0.544288218021393 0.564399182796478 0.628943741321564 0.71455979347229 0.814611852169037 0.853763699531555 0.835842311382294 0.876780211925507 0.876880824565887 0.896896421909332 0.886328876018524 0.944050252437592 0.887208044528961 0.887888729572296 0.878734767436981 0.879001557826996 0.857378900051117 0.842615306377411 0.350404798984528 0.364767700433731 0.371740072965622 0.38216906785965 0.363292455673218 0.310237973928452 0.313872277736664 0.342428117990494 0.287940889596939
-3.4e+38 -3.4e+38 -3.4e+38 -3.4e+38 -3.4e+38 -3.4e+38 -3.4e+38 -3.4e+38 -3.4e+38 0.1094975695014 0.139053240418434 0.17348238825798 0.243020012974739 0.314067661762238 0.278895109891891 0.326686382293701 0.461980372667313 0.43665537238121 0.41771212220192 0.441505998373032 0.493431627750397 0.502228438854218 0.599809110164642 0.686196684837341 0.733041822910309 0.774441719055176 0.858999729156494 0.819915413856506 0.837027490139008 0.891503870487213 0.891129910945892 0.890756785869598 0.900428771972656 0.883748888969421 0.875246345996857 0.863041341304779 0.858683586120605 0.852936267852783 0.361252337694168 0.338708698749542 0.316163808107376 0.263411074876785 0.30100405216217 0.311502784490585 0.307359457015991 0.315444111824036 0.28409868478775
-3.4e+38 -3.4e+38 -3.4e+38 -3.4e+38 -3.4e+38 -3.4e+38 -3.4e+38 -3.4e+38 -3.4e+38 0.0886996984481812 0.102152287960052 0.135989397764206 0.164451122283936 0.246292129158974 0.256807833909988 0.302563726902008 0.337547570466995 0.386454552412033 0.373560070991516 0.415871024131775 0.442399770021439 0.466054350137711 0.540306270122528 0.638269484043121 0.710875153541565 0.705794036388397 0.732253193855286 0.81089574098587 0.83575713634491 0.793458223342896 0.885249614715576 0.868241488933563 0.892803072929382 0.895204961299896 0.887940466403961 0.876613974571228 0.844979047775269 0.824289500713348 0.308434933423996 0.310446798801422 0.263926535844803 0.28838574886322 0.292484253644943 0.28702649474144 0.300575464963913 0.303707242012024 0.261968195438385
-3.4e+38 -3.4e+38 -3.4e+38 -3.4e+38 -3.4e+38 -3.4e+38 -3.4e+38 -3.4e+38 -3.4e+38 0.0897947326302528 0.0929512456059456 0.0917291715741158 0.14127080142498 0.171826228499413 0.227883115410805 0.281073540449142 0.309601306915283 0.374349176883698 0.367547124624252 0.410424441099167 0.467609107494354 0.392040491104126 0.53314083814621 0.557402670383453 0.624176979064941 0.666053116321564 0.702751755714417 0.761738657951355 0.737199783325195 0.832736432552338 0.8460333943367 0.894947588443756 0.877899885177612 0.884410321712494 0.891468822956085 0.878623723983765 0.84855443239212 0.832751929759979 0.820333778858185 0.822186529636383 0.804081559181213 0.271290600299835 0.294665187597275 0.280170112848282 0.228458404541016 0.240018337965012 0.25245863199234
-3.4e+38 -3.4e+38 -3.4e+38 -3.4e+38 -3.4e+38 -3.4e+38 -3.4e+38 -3.4e+38 -3.4e+38 0.0813693255186081 0.0834862515330315 0.0772311836481094 0.100594528019428 0.142016157507896 0.187934741377831 0.223981067538261 0.25367134809494 0.313997656106949 0.332252711057663 0.370714336633682 0.363403558731079 0.403445035219193 0.463262975215912 0.46942126750946 0.587329745292664 0.571300327777863 0.676307022571564 0.717132687568665 0.773358345031738 0.813105702400208 0.85530012845993 0.83316296339035 0.855019748210907 0.889273881912231 0.879433333873749 0.878004848957062 0.856481909751892 0.846247494220734 0.83537620306015 0.828881442546844 0.816245138645172 0.745842099189758 0.258021026849747 0.264953851699829 0.22119203209877 0.212605059146881 0.214264273643494
-339999999999999996123846586046231871488.000000000000000 -3.4e+38 -3.4e+38 -3.4e+38 -3.4e+38 -3.4e+38 -3.4e+38 -3.4e+38 -3.4e+38 0.0356939993798733 0.0422983169555664 0.0698468014597893 0.0832197666168213 0.111957341432571 0.152802988886833 0.191724225878716 0.181979909539223 0.228284627199173 0.274177491664886 0.3376444876194 0.357133716344833 0.383632272481918 0.439448803663254 0.408113151788712 0.460300385951996 0.518414616584778 0.626877546310425 0.667995929718018 0.708682715892792 0.8325275182724 0.778644323348999 0.795429289340973 0.823472917079926 0.869338929653168 0.848787188529968 0.839774549007416 0.832322776317596 0.832833111286163 0.826821208000183 0.829830765724182 0.77164763212204 0.263684749603271 0.233434230089188 0.202319353818893 0.21070671081543 0.218530744314194 0.217284008860588
-3.4e+38 -3.4e+38 -3.4e+38 -3.4e+38 -3.4e+38 -3.4e+38 -3.4e+38 -3.4e+38 -3.4e+38 -3.4e+38 0.0369563400745392 0.0843417942523956 0.1009261906147 0.0931756123900414 0.118583671748638 0.160104230046272 0.164001077413559 0.189211800694466 0.233256638050079 0.309502899646759 0.338033348321915 0.322409123182297 0.376415193080902 0.364934384822845 0.443969368934631 0.553317785263062 0.64254754781723 0.642382144927979 0.694848477840424 0.710191905498505 0.762415826320648 0.807742059230804 0.788136720657349 0.862480044364929 0.855942010879517 0.839036464691162 0.84003359079361 0.846186876296997 0.825606763362885 0.822069942951202 0.771920502185822 0.267280280590057 0.252887636423111 0.208229377865791 0.218558639287949 0.232427179813385 0.249977141618729
-3.4e+38 -3.4e+38 -3.4e+38 0.0162036567926407 -3.4e+38 -3.4e+38 -3.4e+38 -3.4e+38 -3.4e+38 -3.4e+38 -3.4e+38 0.085812471807003 0.0753954201936722 0.0867236405611038 0.110111877322197 0.149234712123871 0.140847161412239 0.176750585436821 0.21618440747261 0.271776378154755 0.292376577854156 0.30617755651474 0.290417551994324 0.343662828207016 0.415477961301804 0.453128278255463 0.527682900428772 0.615792512893677 0.628914177417755 0.706571698188782 0.736985623836517 0.779519855976105 0.796485424041748 0.793920397758484 0.83253800868988 0.816106081008911 0.857409298419952 0.837038218975067 0.845974981784821 0.772371232509613 0.751874625682831 0.732538342475891 0.749155819416046 0.754465520381927 0.251835823059082 0.262562066316605 0.267640501260757
-3.4e+38 -3.4e+38 -3.4e+38 -3.4e+38 -3.4e+38 -3.4e+38 -3.4e+38 -3.4e+38 -3.4e+38 -3.4e+38 -3.4e+38 -3.4e+38 0.0768597275018692 0.0879323184490204 0.113633252680302 0.109161414206028 0.125529736280441 0.155821248888969 0.215675786137581 0.236607640981674 0.269453406333923 0.281319946050644 0.30036273598671 0.351168245077133 0.364218413829803 0.421142280101776 0.498612195253372 0.537195265293121 0.565662622451782 0.702636003494263 0.72458678483963 0.739367485046387 0.766464650630951 0.781505703926086 0.747877180576324 0.746762156486511 0.822250723838806 0.851386368274689 0.784583985805511 0.790725111961365 0.77401465177536 0.775904417037964 0.753100216388702 0.741589844226837 0.694780647754669 0.677041351795197 0.693360805511475
-3.4e+38 -3.4e+38 -3.4e+38 -3.4e+38 0.0150863155722618 -3.4e+38 -3.4e+38 -3.4e+38 -3.4e+38 -3.4e+38 -3.4e+38 -3.4e+38 -3.4e+38 0.083000048995018 0.0749175474047661 0.0934605821967125 0.100951083004475 0.197750046849251 0.175697639584541 0.218428641557693 0.212484374642372 0.276166200637817 0.297312647104263 0.296933680772781 0.300172507762909 0.335801094770432 0.42428731918335 0.46897891163826 0.517913222312927 0.554805636405945 0.614769756793976 0.693927109241486 0.688128769397736 0.748063921928406 0.709328532218933 0.743419587612152 0.771590113639832 0.768430709838867 0.750028908252716 0.728646159172058 0.753485083580017 0.747793674468994 0.758591949939728 0.678064703941345 0.655678391456604 0.696603119373322 0.669794797897339
-3.4e+38 -3.4e+38 -3.4e+38 -3.4e+38 -3.4e+38 -3.4e+38 -3.4e+38 -3.4e+38 -3.4e+38 -3.4e+38 -3.4e+38 -3.4e+38 -3.4e+38 -3.4e+38 0.0846417769789696 0.0798691883683205 0.0984909981489182 0.160214364528656 0.158821865916252 0.166153237223625 0.208176761865616 0.245390310883522 0.288033306598663 0.261075973510742 0.292695283889771 0.314072072505951 0.37845441699028 0.44840008020401 0.501249372959137 0.526049971580505 0.52860164642334 0.657754838466644 0.650393843650818 0.651232898235321 0.664428353309631 0.713795721530914 0.777109205722809 0.772697925567627 0.761590123176575 0.758245468139648 0.694148600101471 0.674419105052948 0.696241557598114 0.690729081630707 0.665029942989349 0.224170356988907 0.224546104669571
-3.4e+38 -3.4e+38 -3.4e+38 -3.4e+38 -3.4e+38 -3.4e+38 -3.4e+38 -3.4e+38 -3.4e+38 -3.4e+38 -3.4e+38 -3.4e+38 -3.4e+38 -3.4e+38 0.0792484134435654 0.0673354119062424 0.081505298614502 0.117415376007557 0.15331843495369 0.159829750657082 0.192692562937737 0.251528978347778 0.225856095552444 0.257670789957047 0.251483112573624 0.265384882688522 0.351427316665649 0.361930578947067 0.499318718910217 0.493911296129227 0.536501586437225 0.592929780483246 0.567484736442566 0.634138643741608 0.668787777423859 0.678148448467255 0.775130271911621 0.793617069721222 0.787182748317719 0.762204170227051 0.70198005437851 0.690605461597443 0.678396642208099 0.695220708847046 0.683068215847015 0.659451246261597 0.594803929328918
-3.4e+38 -3.4e+38 -3.4e+38 -3.4e+38 -3.4e+38 -3.4e+38 -3.4e+38 -3.4e+38 -3.4e+38 -3.4e+38 -3.4e+38 -3.4e+38 -3.4e+38 -3.4e+38 -3.4e+38 0.0621701292693615 0.0637728720903397 0.105121426284313 0.122713685035706 0.139212593436241 0.210807800292969 0.211464151740074 0.237890884280205 0.243350595235825 0.264563292264938 0.300069808959961 0.284962087869644 0.332540988922119 0.363643288612366 0.41417869925499 0.37122055888176 0.546326339244843 0.494953513145447 0.560854017734528 0.65459007024765 0.6601802110672 0.704235672950745 0.674959003925323 0.700120568275452 0.659777879714966 0.685410559177399 0.695169389247894 0.680987656116486 0.664453029632568 0.662662744522095 0.655563533306122 0.576265573501587
-3.4e+38 -3.4e+38 -3.4e+38 -3.4e+38 -3.4e+38 -3.4e+38 -3.4e+38 -3.4e+38 -3.4e+38 -3.4e+38 -3.4e+38 -3.4e+38 -3.4e+38 -3.4e+38 0.033235851675272 0.0396187789738178 0.0548229105770588 0.0953113734722137 0.112991511821747 0.119836568832397 0.20397213101387 0.215644046664238 0.228063493967056 0.267314851284027 0.257309079170227 0.283147215843201 0.274732857942581 0.315800189971924 0.347826719284058 0.329465299844742 0.38066554069519 0.452960014343262 0.509224116802216 0.597275257110596 0.649257779121399 0.684823095798492 0.709159255027771 0.689744770526886 0.646060287952423 0.606415569782257 0.638321697711945 0.661141932010651 0.673365414142609 0.665566802024841 0.681305408477783 0.680242776870728 0.592901349067688
-3.4e+38 -3.4e+38 -3.4e+38 -3.4e+38 -3.4e+38 -3.4e+38 -3.4e+38 -3.4e+38 -3.4e+38 -3.4e+38 -3.4e+38 -3.4e+38 -3.4e+38 -3.4e+38 -3.4e+38 0.0404099524021149 0.0424969643354416 0.0576028823852539 0.0733825862407684 0.138615742325783 0.158042147755623 0.192533537745476 0.229855060577393 0.225620001554489 0.280876189470291 0.288053423166275 0.277144223451614 0.291927754878998 0.296408772468567 0.283452987670898 0.348912268877029 0.35274663567543 0.465009301900864 0.503145635128021 0.528852105140686 0.685331344604492 0.715292930603027 0.693702101707458 0.649413704872131 0.607511341571808 0.608101785182953 0.518151164054871 0.630772829055786 0.540811240673065 0.680341124534607 0.678427934646606 0.600822389125824
-3.4e+38 -3.4e+38 -3.4e+38 -3.4e+38 -3.4e+38 -3.4e+38 -3.4e+38 0.0109953032806516 -3.4e+38 -3.4e+38 -3.4e+38 -3.4e+38 -3.4e+38 -3.4e+38 -3.4e+38 -3.4e+38 0.0406562462449074 0.0523814931511879 0.0702130943536758 0.0814585760235786 0.145588204264641 0.167653635144234 0.222807109355927 0.236009612679482 0.24287286400795 0.268258333206177 0.253769308328629 0.266469955444336 0.268008917570114 0.292171269655228 0.294068276882172 0.336633563041687 0.445150524377823 0.431441634893417 0.481614649295807 0.578583121299744 0.694260656833649 0.689899802207947 0.583939611911774 0.573086619377136 0.547424793243408 0.496792852878571 0.514611423015594 0.53413850069046 0.568195343017578 0.686600506305695 0.613106071949005
-3.4e+38 -3.4e+38 -3.4e+38 -3.4e+38 -3.4e+38 -3.4e+38 -3.4e+38 -3.4e+38 -3.4e+38 -3.4e+38 -3.4e+38 -3.4e+38 -3.4e+38 -3.4e+38 -3.4e+38 -3.4e+38 -3.4e+38 0.0507302954792976 0.0566827394068241 0.0764721035957336 0.165856212377548 0.156767517328262 0.210553139448166 0.244141221046448 0.299559950828552 0.267316222190857 0.270531088113785 0.259817332029343 0.279411882162094 0.250113010406494 0.312081724405289 0.316634088754654 0.418446779251099 0.413697689771652 0.534728407859802 0.585617780685425 0.689914166927338 0.594906985759735 0.599866092205048 0.572712540626526 0.515528976917267 0.523078739643097 0.530242681503296 0.520546674728394 0.542519867420197 0.564050912857056 0.579168140888214
