data/climate_estimation/maxent_output/Wurmbea_densiflora.asc
NCOLS 103 
NROWS 79 
XLLCORNER 114.25 
YLLCORNER -32.4166666666667 
CELLSIZE 0.0833333333333333 
NODATA_value -3.4e+38 
[rows 40 to 59 of 79, columns 45 to 89 of 103]
0.952762961387634 0.955104768276215 0.958916425704956 0.957757532596588 0.951272189617157 0.949984014034271 0.407750964164734 0.35655802488327 0.366373002529144 0.394408166408539 0.371793031692505 0.371804445981979 0.346787810325623 0.34780341386795 0.317663878202438 0.31927552819252 0.315808176994324 0.365695804357529 0.363629400730133 0.349769026041031 0.385539799928665 0.334975957870483 0.324704825878143 0.33834570646286 0.31609708070755 0.304643601179123 0.268239736557007 0.267530471086502 0.294411838054657 0.284119576215744 0.309794038534164 0.36578032374382 0.352451384067535 0.314363718032837 0.291987121105194 0.301177710294724 0.290669918060303 0.24761089682579 0.28393965959549 0.246714651584625 0.241662070155144 0.249436855316162 0.257352739572525 0.290957272052765 0.230305701494217
0.948330581188202 0.949586451053619 0.948841989040375 0.957168579101562 0.965727388858795 0.439539462327957 0.412689834833145 0.37611511349678 0.369224309921265 0.362437933683395 0.365656942129135 0.348902970552444 0.288374811410904 0.30366039276123 0.302679836750031 0.319659501314163 0.334617465734482 0.317534685134888 0.29525500535965 0.286917120218277 0.37348347902298 0.354107201099396 0.267808765172958 0.228536412119865 0.221855878829956 0.275923043489456 0.323449611663818 0.295129746198654 0.319600343704224 0.33840012550354 0.351964622735977 0.366644531488419 0.357116729021072 0.357775002717972 0.347281515598297 0.328458189964294 0.292103379964828 0.272439509630203 0.253447622060776 0.243279203772545 0.22066542506218 0.247928619384766 0.222139999270439 0.20953968167305 0.186113566160202
0.96501898765564 0.964188814163208 0.970526337623596 0.964233815670013 0.448312371969223 0.447691410779953 0.373083204030991 0.357614159584045 0.355521082878113 0.335169523954391 0.33978396654129 0.312038689851761 0.264456033706665 0.273126244544983 0.280562400817871 0.271126449108124 0.277924358844757 0.307210505008698 0.310485452413559 0.264689534902573 0.27583584189415 0.2895148396492 0.280404508113861 0.263249427080154 0.227316945791245 0.238310486078262 0.299581557512283 0.36955463886261 0.399468988180161 0.365349471569061 0.358350247144699 0.384046286344528 0.386627465486526 0.358942478895187 0.42178475856781 0.411775350570679 0.398406654596329 0.327587723731995 0.276804625988007 0.256801933050156 0.19536454975605 0.223925143480301 0.191816851496696 0.188843861222267 0.184155061841011
0.971850216388702 0.970741033554077 0.972230672836304 0.968759000301361 0.957292914390564 0.380429595708847 0.378700435161591 0.347892761230469 0.27999472618103 0.326624065637589 0.317970544099808 0.310650289058685 0.250762760639191 0.243970945477486 0.248512625694275 0.244822382926941 0.247470572590828 0.269929200410843 0.266541600227356 0.254670172929764 0.256743729114532 0.272927314043045 0.277856320142746 0.24269200861454 0.225125521421432 0.237192466855049 0.294987350702286 0.344252943992615 0.274033755064011 0.313520729541779 0.362133413553238 0.379450857639313 0.376922219991684 0.39223524928093 0.349410176277161 0.413612753152847 0.372531831264496 0.375802278518677 0.316680878400803 0.293085783720016 0.255295097827911 0.217972710728645 0.162182345986366 0.15619495511055 0.143685027956963
0.971352458000183 0.972775459289551 0.971074163913727 0.970076024532318 0.97131210565567 0.389159649610519 0.380676329135895 0.375049412250519 0.281409651041031 0.293998241424561 0.305154651403427 0.258224576711655 0.198178455233574 0.18393112719059 0.214218378067017 0.237246677279472 0.246023908257484 0.248922482132912 0.220650717616081 0.268470287322998 0.256743729114532 0.260180979967117 0.248679533600807 0.229997649788857 0.202262848615646 0.215525507926941 0.246520593762398 0.297841459512711 0.266613483428955 0.241654396057129 0.276296228170395 0.261743068695068 0.29818120598793 0.346167147159576 0.374312281608582 0.385605573654175 0.37738311290741 0.381060242652893 0.321073770523071 0.308560490608215 0.254731684923172 0.229420855641365 0.179968699812889 0.145645007491112 0.123046040534973
0.968472003936768 0.975562989711761 0.977297425270081 0.973098814487457 0.971037864685059 0.961743235588074 0.95729786157608 0.330326497554779 0.287753999233246 0.221038907766342 0.194462046027184 0.178344860672951 0.166477844119072 0.174182325601578 0.224449276924133 0.19707940518856 0.202767118811607 0.194421112537384 0.221146419644356 0.208875685930252 0.203661039471626 0.21538345515728 0.184053003787994 0.189054533839226 0.174912080168724 0.185039281845093 0.238048776984215 0.273115068674088 0.288412243127823 0.231900781393051 0.202175855636597 0.280857115983963 0.257460653781891 0.279565632343292 0.352825939655304 0.351307421922684 0.328356802463531 0.327015489339828 0.279752880334854 0.270643413066864 0.228019505739212 0.221675023436546 0.183423012495041 0.159955933690071 0.137421831488609
0.970706641674042 0.974373757839203 0.973948538303375 0.968995332717896 0.958898603916168 0.960075855255127 0.315944135189056 0.261471658945084 0.275786995887756 0.223622396588326 0.212561905384064 0.177689731121063 0.186730414628983 0.160167500376701 0.158967927098274 0.169083073735237 0.16528032720089 0.182288601994514 0.17672510445118 0.188909962773323 0.21732297539711 0.212071821093559 0.190332189202309 0.17446905374527 0.177855476737022 0.203069165349007 0.215788200497627 0.252711713314056 0.21912907063961 0.201476693153381 0.198527976870537 0.255952924489975 0.275877475738525 0.304322957992554 0.295913010835648 0.336680740118027 0.276220411062241 0.285426259040833 0.24029928445816 0.220947951078415 0.258981466293335 0.215089991688728 0.177096903324127 0.17081081867218 0.126595035195351
0.974489271640778 0.97300124168396 0.977032899856567 0.973350822925568 0.960103094577789 0.921633124351501 0.870739579200745 0.259465664625168 0.261520236730576 0.257483750581741 0.22527688741684 0.194979593157768 0.197372227907181 0.158290401101112 0.135128289461136 0.147414565086365 0.147690892219543 0.17130471765995 0.190218940377235 0.168880373239517 0.202711209654808 0.204337224364281 0.17787529528141 0.182157963514328 0.186064198613167 0.188690334558487 0.183210283517838 0.23217362165451 0.212232485413551 0.17652140557766 0.185482934117317 0.201613366603851 0.262720197439194 0.25931179523468 0.238593772053719 0.257752299308777 0.281583786010742 0.303426504135132 0.285846918821335 0.215258568525314 0.223268017172813 0.208209455013275 0.200894266366959 0.164510548114777 0.140826523303986
0.901617527008057 0.900259375572205 0.952803313732147 0.966942131519318 0.94349616765976 0.900648057460785 0.789722204208374 0.189755946397781 0.219527035951614 0.242373913526535 0.226225957274437 0.228269055485725 0.179246515035629 0.163489013910294 0.167625561356544 0.148395583033562 0.122427277266979 0.157140240073204 0.132306069135666 0.151431202888489 0.168332070112228 0.202346280217171 0.179422855377197 0.16738149523735 0.163069471716881 0.179536759853363 0.167609944939613 0.193441957235336 0.212861895561218 0.163287609815598 0.141627296805382 0.18313205242157 0.188139960169792 0.217008739709854 0.224863082170486 0.24244886636734 0.277146607637405 0.260896921157837 0.257934004068375 0.24032923579216 0.219791367650032 0.216370284557343 0.143069788813591 0.132142454385757 0.128101378679276
0.906241357326508 0.847529053688049 0.889203310012817 0.921775639057159 0.924501955509186 0.880633413791656 0.787519872188568 0.213786497712135 0.214727461338043 0.24802640080452 0.236723870038986 0.209586560726166 0.149066358804703 0.167953774333 0.178925901651382 0.137207955121994 0.132609501481056 0.129137471318245 0.132878556847572 0.125016719102859 0.143801003694534 0.185108304023743 0.177104577422142 0.132397010922432 0.133934855461121 0.175300404429436 0.166032165288925 0.179753109812737 0.187918707728386 0.158505916595459 0.144960284233093 0.156856209039688 0.186179250478745 0.202252849936485 0.195941478013992 0.220513105392456 0.198609903454781 0.256062358617783 0.241189733147621 0.205188497900963 0.215729668736458 0.162615433335304 0.137758240103722 0.129102110862732 0.117583326995373
0.860628545284271 0.858277857303619 0.819540202617645 0.827039957046509 0.813482582569122 0.803802788257599 0.773207008838654 0.77154552936554 0.21369481086731 0.191057473421097 0.231467291712761 0.238091558218002 0.196830332279205 0.196930706501007 0.192810535430908 0.14893651008606 0.158480897545815 0.12938666343689 0.134814754128456 0.163237392902374 0.175837054848671 0.187205821275711 0.174560695886612 0.134426862001419 0.121852673590183 0.151330009102821 0.128856763243675 0.162791222333908 0.175830274820328 0.162082672119141 0.129041656851768 0.129309698939323 0.140985012054443 0.154424518346786 0.145365729928017 0.187917619943619 0.232251510024071 0.218149974942207 0.233820334076881 0.20565477013588 0.162222385406494 0.148097425699234 0.136301845312119 0.11096004396677 0.114463143050671
0.839857816696167 0.799341380596161 0.831606328487396 0.814247310161591 0.766287326812744 0.720544755458832 0.721624314785004 0.741765558719635 0.669373452663422 0.692354738712311 0.193622916936874 0.22163400053978 0.223158776760101 0.214273869991302 0.212485209107399 0.191478118300438 0.147765323519707 0.124881021678448 0.146022081375122 0.147005066275597 0.147393897175789 0.136604860424995 0.125809252262115 0.139371424913406 0.119534641504288 0.150248393416405 0.143332079052925 0.173304602503777 0.174271032214165 0.149215444922447 0.11899072676897 0.138270676136017 0.144167184829712 0.161084741353989 0.185942456126213 0.168034315109253 0.217172741889954 0.204791277647018 0.190833985805511 0.171964839100838 0.546973884105682 0.444011181592941 0.49792093038559 0.119703844189644 0.111239947378635
0.735831379890442 0.693385660648346 0.724162817001343 0.708682775497437 0.685649156570435 0.601778864860535 0.645819306373596 0.634599447250366 0.662603139877319 0.712431788444519 0.716492652893066 0.225391522049904 0.219357445836067 0.183782994747162 0.174798771739006 0.161633357405663 0.162682741880417 0.136120304465294 0.131061747670174 0.138438373804092 0.118491217494011 0.124108113348484 0.114477090537548 0.136170327663422 0.121513016521931 0.129545703530312 0.140564665198326 0.154324188828468 0.143371909856796 0.112281389534473 0.0988201498985291 0.123366095125675 0.133205100893974 0.140918269753456 0.190885469317436 0.150995388627052 0.170690894126892 0.195712134242058 0.185535281896591 0.16114167869091 0.485248535871506 0.504108190536499 0.448847502470016 0.383056223392487 0.405926197767258
0.651451706886292 0.666251182556152 0.659197926521301 0.652207493782043 0.57665342092514 0.582312524318695 0.592342436313629 0.591988086700439 0.583083033561707 0.617149531841278 0.643730401992798 0.69036602973938 0.219146490097046 0.19138665497303 0.173416092991829 0.165339469909668 0.165416270494461 0.151897758245468 0.135494723916054 0.12211812287569 0.113235846161842 0.107429549098015 0.0984176397323608 0.125015303492546 0.115890003740788 0.111847795546055 0.133349537849426 0.146819338202477 0.10822694003582 0.129805728793144 0.10130699723959 0.0945178642868996 0.12282382696867 0.121624581515789 0.119832761585712 0.126904562115669 0.142701879143715 0.154676616191864 0.120545163750648 0.448732107877731 0.526278495788574 0.473862588405609 0.423738092184067 0.359719127416611 0.361429482698441
0.63159042596817 0.633889257907867 0.592253684997559 0.591375946998596 0.565348446369171 0.632997274398804 0.636289596557617 0.683091461658478 0.689110934734344 0.664101243019104 0.655419230461121 0.734135091304779 0.748913884162903 0.703353464603424 0.190237656235695 0.186282202601433 0.169626384973526 0.164054065942764 0.144152656197548 0.112187460064888 0.109918460249901 0.111427754163742 0.0994260087609291 0.104496963322163 0.112973935902119 0.0955533161759377 0.110628269612789 0.145547777414322 0.0925743952393532 0.10324314981699 0.0954683646559715 0.087901271879673 0.120273374021053 0.119961880147457 0.116849131882191 0.112787544727325 0.108989059925079 0.123111814260483 0.44412949681282 0.43856206536293 0.518125176429749 0.518518030643463 0.485281825065613 0.397348165512085 0.352650433778763
0.510664641857147 0.596414804458618 0.597498595714569 0.548554301261902 0.619305193424225 0.619844615459442 0.655196070671082 0.728849470615387 0.744758307933807 0.71475875377655 0.729044735431671 0.717976808547974 0.660117268562317 0.596957266330719 0.61648964881897 0.627797663211823 0.156515493988991 0.15281218290329 0.136881321668625 0.123107776045799 0.114689990878105 0.108187049627304 0.109167754650116 0.117848448455334 0.0952413007616997 0.0877075418829918 0.0949781537055969 0.135652989149094 0.0972553193569183 0.0971361920237541 0.0940297618508339 0.0788010805845261 0.102205015718937 0.111196964979172 0.117480367422104 0.101241245865822 0.101546466350555 0.444572389125824 0.422348231077194 0.445093601942062 0.475578248500824 0.472394466400146 0.386104762554169 0.45346474647522 0.373743146657944
0.540779769420624 0.607984781265259 0.572474360466003 0.528100848197937 0.63426148891449 0.660386800765991 0.697441160678864 0.723062336444855 0.665711104869843 0.604911208152771 0.649309158325195 0.602910399436951 0.596580743789673 0.57558399438858 0.602237939834595 0.627290546894073 0.184527859091759 0.187536805868149 0.166408658027649 0.147003844380379 0.112459480762482 0.128053799271584 0.106603749096394 0.114642404019833 0.115506798028946 0.0887620821595192 0.0938449427485466 0.111676551401615 0.0906665250658989 0.0924154743552208 0.0839254260063171 0.0787801966071129 0.0819086879491806 0.102008886635303 0.0996291413903236 0.101032629609108 0.131869778037071 0.124463029205799 0.127228140830994 0.562492728233337 0.535786032676697 0.470401853322983 0.396947801113129 0.427590519189835 0.398446977138519
0.549828350543976 0.604937195777893 0.609088242053986 0.542301297187805 0.612890601158142 0.693801999092102 0.693574666976929 0.652758419513702 0.569646298885345 0.565127313137054 0.629848301410675 0.600378334522247 0.615080058574677 0.641777336597443 0.682637095451355 0.705069780349731 0.732053458690643 0.718066096305847 0.169723406434059 0.158304110169411 0.129611805081367 0.123887814581394 0.131712451577187 0.107579186558723 0.115562327206135 0.10465082526207 0.0728507041931152 0.0811585411429405 0.0836387947201729 0.0821002796292305 0.0836382731795311 0.0675665512681007 0.073415532708168 0.103747680783272 0.0886888056993484 0.0835699811577797 0.0899911001324654 0.107073135674 0.115120902657509 0.514009058475494 0.459202200174332 0.414377868175507 0.397445321083069 0.344384700059891 0.318515479564667
0.562380015850067 0.503222584724426 0.624628007411957 0.624159812927246 0.691585958003998 0.669500291347504 0.627108812332153 0.516000509262085 0.479635804891586 0.505362033843994 0.639619946479797 0.63621598482132 0.662359654903412 0.730232119560242 0.710778653621674 0.717307507991791 0.701299250125885 0.649205684661865 0.628426849842072 0.138415172696114 0.508841574192047 0.123452469706535 0.134896144270897 0.130420714616776 0.134818375110626 0.0975652188062668 0.079199306666851 0.0885760337114334 0.0762936025857925 0.0754581466317177 0.0751403421163559 0.0691670626401901 0.0688186064362526 0.0983518287539482 0.100320436060429 0.0903889909386635 0.116808265447617 0.118076242506504 0.121942080557346 0.124530427157879 0.367849886417389 0.342757970094681 0.316675454378128 0.31796333193779 0.281032115221024
0.557142972946167 0.534815311431885 0.651247322559357 0.687711358070374 0.664880931377411 0.581685900688171 0.525775551795959 0.47965207695961 0.524166226387024 0.558734714984894 0.597735464572906 0.645959377288818 0.714433670043945 0.667505085468292 0.614375114440918 0.622799038887024 0.60509592294693 0.655980050563812 0.631885707378387 0.596415936946869 0.549888432025909 0.143787398934364 0.139285430312157 0.123734422028065 0.140294313430786 0.109808586537838 0.0974290892481804 0.0931213349103928 0.0950473099946976 0.0745870172977448 0.0638731867074966 0.0620208270847797 0.0667394921183586 0.0854221731424332 0.0979209393262863 0.0911043733358383 0.0894038304686546 0.0963763073086739 0.11415784060955 0.387789338827133 0.339157789945602 0.315847396850586 0.320557206869125 0.276582360267639 0.26569652557373
