data/climate_estimation/maxent_output/Wurmbea_citrina.asc
NCOLS 276 
NROWS 191 
XLLCORNER 124.75 
YLLCORNER -35.1666666666667 
CELLSIZE 0.0833333333333333 
NODATA_value -3.4e+38 
[rows 120 to 139 of 191, columns 44 to 87 of 276]
0.729373812675476 0.717061221599579 0.715413212776184 0.722572684288025 0.723158299922943 0.722666382789612 0.706050097942352 0.726381361484528 0.70391047000885 0.811339557170868 0.810907959938049 0.691395580768585 0.69179493188858 0.694684028625488 0.69972687959671 0.692580997943878 0.693283975124359 0.682402610778809 0.681899964809418 0.691169202327728 0.669859111309052 0.680659353733063 0.690634608268738 0.69043242931366 0.691038489341736 0.676991999149323 0.678426086902618 0.654672026634216 0.654499113559723 0.65439647436142 0.653981387615204 0.645810008049011 0.632497310638428 0.615380346775055 0.61499810218811 0.614867866039276 0.640861034393311 0.60586404800415 0.605660378932953 0.57849657535553 0.408970773220062 0.410352379083633 0.411558598279953 0.424440026283264
0.70441335439682 0.702827394008636 0.71345466375351 0.709210693836212 0.697550535202026 0.707913219928741 0.697350561618805 0.711399555206299 0.700830280780792 0.697707414627075 0.689950168132782 0.686500132083893 0.68701034784317 0.686085104942322 0.684809982776642 0.685732185840607 0.686038851737976 0.686043858528137 0.685533225536346 0.667978763580322 0.667265474796295 0.79511171579361 0.663388669490814 0.664632797241211 0.674730241298676 0.65304160118103 0.65304160118103 0.65135657787323 0.652089953422546 0.639331221580505 0.661004483699799 0.66069084405899 0.639207124710083 0.440972745418549 0.420969158411026 0.432412087917328 0.405556559562683 0.411235272884369 0.411140501499176 0.423524975776672 0.420199632644653 0.421362370252609 0.433873444795609 0.4451704621315
0.816150605678558 0.686146378517151 0.685131192207336 0.706683278083801 0.705671072006226 0.705772459506989 0.704756557941437 0.684955775737762 0.673406958580017 0.671537578105927 0.673208594322205 0.673096299171448 0.672266066074371 0.671003878116608 0.67167055606842 0.683304607868195 0.693081974983215 0.682013154029846 0.682531952857971 0.679733097553253 0.659262895584106 0.652156352996826 0.771037220954895 0.782128751277924 0.781751155853271 0.649014532566071 0.636643886566162 0.624703824520111 0.635011613368988 0.64735746383667 0.658023118972778 0.435711324214935 0.424804240465164 0.424343585968018 0.40925070643425 0.419498592615128 0.430759370326996 0.429266273975372 0.428543001413345 0.407140821218491 0.409895122051239 0.424929261207581 0.425109446048737 0.431525617837906
0.812610268592834 0.80132931470871 0.799604952335358 0.798965454101562 0.798231720924377 0.809145629405975 0.80707061290741 0.805873811244965 0.797557175159454 0.797277390956879 0.787151396274567 0.786104142665863 0.775400221347809 0.799042344093323 0.786390364170074 0.668589353561401 0.666685581207275 0.678589701652527 0.67869508266449 0.667146801948547 0.6649169921875 0.664169907569885 0.667269229888916 0.635423719882965 0.756449639797211 0.744897127151489 0.756051361560822 0.623180508613586 0.622948527336121 0.619451880455017 0.618770122528076 0.431746155023575 0.413287997245789 0.412923067808151 0.415678858757019 0.406085193157196 0.262689113616943 0.26242670416832 0.260089665651321 0.269987016916275 0.270603209733963 0.272073596715927 0.402030557394028 0.411806464195251
0.798439145088196 0.788050770759583 0.787863254547119 0.788798809051514 0.785883486270905 0.7834832072258 0.7834832072258 0.783890724182129 0.782443106174469 0.776102840900421 0.773850739002228 0.773083388805389 0.781769812107086 0.783888638019562 0.775008618831635 0.774422168731689 0.783489882946014 0.650663018226624 0.663891434669495 0.650573790073395 0.650897920131683 0.659865379333496 0.660623073577881 0.660298585891724 0.661486685276031 0.650249361991882 0.609396040439606 0.598011016845703 0.619905352592468 0.620053887367249 0.605611205101013 0.41869056224823 0.409652978181839 0.39974057674408 0.408430546522141 0.25823962688446 0.246081814169884 0.258721023797989 0.251786768436432 0.260968416929245 0.262286156415939 0.261282384395599 0.262615084648132 0.404579311609268
0.773410379886627 0.773410379886627 0.762702763080597 0.760807812213898 0.760807812213898 0.760406732559204 0.761607706546783 0.781142711639404 0.781240344047546 0.771740019321442 0.769359052181244 0.758867084980011 0.759376645088196 0.758356332778931 0.760696172714233 0.758913278579712 0.757790386676788 0.76924329996109 0.769444048404694 0.767656147480011 0.766514480113983 0.635421812534332 0.646439671516418 0.644132256507874 0.635367631912231 0.634381592273712 0.645891785621643 0.604583263397217 0.605706393718719 0.603895246982574 0.39880958199501 0.396341145038605 0.396587461233139 0.385676950216293 0.248057052493095 0.249007225036621 0.242858111858368 0.241635113954544 0.243159547448158 0.24519394338131 0.253016412258148 0.25260928273201 0.250626534223557 0.252229511737823
0.74816370010376 0.747340142726898 0.746174156665802 0.746174156665802 0.746174156665802 0.756076037883759 0.756076037883759 0.733959436416626 0.734906256198883 0.735564112663269 0.73441082239151 0.732903242111206 0.730563998222351 0.733174383640289 0.733918070793152 0.73430871963501 0.743967652320862 0.745121896266937 0.764699041843414 0.755703210830688 0.764163553714752 0.752700328826904 0.751302540302277 0.76385909318924 0.629520297050476 0.631006121635437 0.6322261095047 0.619718492031097 0.620343506336212 0.576422393321991 0.569913625717163 0.371413171291351 0.3863645195961 0.364498853683472 0.227869138121605 0.233533650636673 0.233262151479721 0.226209536194801 0.238207012414932 0.231607437133789 0.239277571439743 0.244679734110832 0.239655897021294 0.244277268648148
0.736119389533997 0.734966337680817 0.723710417747498 0.723710417747498 0.721537411212921 0.731131672859192 0.719487488269806 0.719007730484009 0.707261502742767 0.708611965179443 0.77527379989624 0.768114924430847 0.778124630451202 0.777481734752655 0.715520799160004 0.727771937847137 0.726906836032867 0.729167401790619 0.726376831531525 0.738759636878967 0.740219712257385 0.750159323215485 0.750898957252502 0.73882532119751 0.616548180580139 0.617108762264252 0.604357004165649 0.604694366455078 0.594125151634216 0.409007966518402 0.382318317890167 0.359270393848419 0.359270393848419 0.373101323843002 0.224949479103088 0.219952240586281 0.218612253665924 0.132837802171707 0.133320465683937 0.133051723241806 0.139228940010071 0.233207955956459 0.234541043639183 0.239727079868317
0.770234525203705 0.768596708774567 0.7680823802948 0.770336449146271 0.757298469543457 0.756775856018066 0.755372285842896 0.753680169582367 0.752403378486633 0.754950344562531 0.751655459403992 0.750260412693024 0.750905275344849 0.75261664390564 0.763821959495544 0.759378373622894 0.769414067268372 0.771092712879181 0.780887484550476 0.71231484413147 0.722448587417603 0.712935030460358 0.725134789943695 0.737143695354462 0.723484814167023 0.589891016483307 0.601344883441925 0.590117275714874 0.587342798709869 0.588481307029724 0.394818335771561 0.377588540315628 0.359703153371811 0.345951020717621 0.213667646050453 0.21088245511055 0.210090726613998 0.125008061528206 0.125414252281189 0.129479736089706 0.130235999822617 0.127148002386093 0.220462664961815 0.232998684048653
0.755398869514465 0.743237733840942 0.744162261486053 0.731339812278748 0.731885552406311 0.74081164598465 0.728655636310577 0.74059396982193 0.73993980884552 0.739891350269318 0.737255096435547 0.724088788032532 0.724873781204224 0.736038088798523 0.738635361194611 0.739847183227539 0.738007485866547 0.748271763324738 0.756153404712677 0.766126751899719 0.767674624919891 0.710382223129272 0.699409782886505 0.698617398738861 0.721993148326874 0.721993148326874 0.586373269557953 0.574859499931335 0.5739466547966 0.572976648807526 0.373156011104584 0.382437586784363 0.36156964302063 0.209039211273193 0.209387511014938 0.198560804128647 0.198070779442787 0.112568683922291 0.112381435930729 0.116115339100361 0.120074339210987 0.205533474683762 0.207859441637993 0.220356419682503
0.729061663150787 0.727681934833527 0.715419948101044 0.717332482337952 0.7160964012146 0.715194165706635 0.713835477828979 0.712584555149078 0.702022850513458 0.7019082903862 0.714402377605438 0.704850018024445 0.763922691345215 0.703873932361603 0.714898765087128 0.725749850273132 0.725749850273132 0.713254690170288 0.713595926761627 0.73523211479187 0.746078729629517 0.747834622859955 0.695493519306183 0.684868276119232 0.68458104133606 0.683773338794708 0.57213819026947 0.56890606880188 0.557530045509338 0.567154347896576 0.369872063398361 0.367484211921692 0.35910439491272 0.216871321201324 0.209869310259819 0.194621473550797 0.192257106304169 0.110368341207504 0.107238940894604 0.116161406040192 0.117543563246727 0.210456877946854 0.211619079113007 0.230317920446396
0.705965518951416 0.705171585083008 0.704603135585785 0.751345872879028 0.750793933868408 0.749797344207764 0.751235604286194 0.738769054412842 0.748066246509552 0.749663591384888 0.738984942436218 0.73773717880249 0.739211201667786 0.738758504390717 0.737724304199219 0.750255525112152 0.76010000705719 0.770491003990173 0.699165105819702 0.709912598133087 0.707742094993591 0.721689999103546 0.720431506633759 0.668730139732361 0.681350827217102 0.678475022315979 0.66904616355896 0.678408563137054 0.542859613895416 0.553786218166351 0.529685318470001 0.34784197807312 0.355310291051865 0.363802522420883 0.214137718081474 0.21279539167881 0.119056761264801 0.116591192781925 0.102891974151134 0.1067029312253 0.176523864269257 0.197201386094093 0.208052575588226 0.2151068598032
0.750630855560303 0.737589538097382 0.737589538097382 0.736796736717224 0.724209189414978 0.724988639354706 0.72452586889267 0.705770373344421 0.705301463603973 0.704714357852936 0.71449863910675 0.713326990604401 0.712268710136414 0.712268710136414 0.894538879394531 0.893686652183533 0.899924278259277 0.735791206359863 0.72289103269577 0.735286235809326 0.88361656665802 0.695965051651001 0.715238988399506 0.716700077056885 0.654292643070221 0.867655158042908 0.869741320610046 0.662767231464386 0.67456990480423 0.527433395385742 0.526268184185028 0.529337882995605 0.343439072370529 0.336709380149841 0.334462374448776 0.200914770364761 0.196183666586876 0.194456666707993 0.117148920893669 0.193332672119141 0.185350894927979 0.166580155491829 0.186641648411751 0.191677644848824
0.735379934310913 0.733198285102844 0.723203897476196 0.713130831718445 0.703642189502716 0.681098818778992 0.874235451221466 0.873715043067932 0.865320801734924 0.864329636096954 0.866483390331268 0.875870108604431 0.882167041301727 0.879554450511932 0.872412383556366 0.876450538635254 0.876483738422394 0.873217940330505 0.881994366645813 0.893388450145721 0.904795408248901 0.872210025787354 0.866095662117004 0.881896317005157 0.880985617637634 0.890720188617706 0.842085778713226 0.846159100532532 0.647015810012817 0.866832375526428 0.645463466644287 0.513267695903778 0.521929919719696 0.527920126914978 0.327232927083969 0.32574063539505 0.192896366119385 0.195129975676537 0.195601239800453 0.202065408229828 0.201684683561325 0.183594837784767 0.441981583833694 0.281911551952362
0.710497498512268 0.697089970111847 0.700069904327393 0.691017091274261 0.666443884372711 0.85265702009201 0.840926289558411 0.842999815940857 0.836085200309753 0.835080862045288 0.844211995601654 0.844211995601654 0.833121120929718 0.838885426521301 0.841634809970856 0.850350439548492 0.838887453079224 0.846432507038116 0.859170436859131 0.867454588413239 0.876798629760742 0.885956525802612 0.887313663959503 0.859090626239777 0.858633160591125 0.860771477222443 0.869221568107605 0.879432559013367 0.885199308395386 0.829783916473389 0.841742336750031 0.83600515127182 0.827754616737366 0.714859962463379 0.71328592300415 0.498683929443359 0.494295746088028 0.492535591125488 0.308224111795425 0.294697523117065 0.300334960222244 0.466665297746658 0.450284630060196 0.45194885134697
0.693234384059906 0.674937784671783 0.823344647884369 0.822480082511902 0.822999536991119 0.813300549983978 0.836803674697876 0.82525098323822 0.823564887046814 0.823353111743927 0.824093341827393 0.825355887413025 0.823921680450439 0.824552297592163 0.824084281921387 0.824293851852417 0.833191871643066 0.841706931591034 0.852161407470703 0.852282345294952 0.855814516544342 0.806068539619446 0.862997472286224 0.871823608875275 0.872701287269592 0.874200463294983 0.883983910083771 0.893017709255219 0.847493708133698 0.849883735179901 0.846760988235474 0.851386368274689 0.804014623165131 0.806779325008392 0.80579662322998 0.693834722042084 0.659442365169525 0.657444179058075 0.456755399703979 0.449965327978134 0.451438188552856 0.42977449297905 0.446011364459991 0.442240864038467
0.760537624359131 0.750662267208099 0.739744961261749 0.731717944145203 0.774589240550995 0.773310542106628 0.751406848430634 0.785097539424896 0.785097539424896 0.72434276342392 0.724962651729584 0.722975015640259 0.735127568244934 0.735862195491791 0.731940865516663 0.741485118865967 0.745010375976562 0.758726596832275 0.767459750175476 0.765799283981323 0.767387330532074 0.789551556110382 0.810582637786865 0.791565418243408 0.788343489170074 0.849571824073792 0.864000201225281 0.868645906448364 0.870675683021545 0.869579434394836 0.876411378383636 0.877135694026947 0.841520249843597 0.830884516239166 0.780177891254425 0.783856511116028 0.781769990921021 0.605154812335968 0.620105922222137 0.623446822166443 0.626255631446838 0.591781854629517 0.590547323226929 0.593450844287872
0.733909606933594 0.713975250720978 0.697638273239136 0.68558406829834 0.676181316375732 0.663459956645966 0.648653149604797 0.679430663585663 0.679430663585663 0.678132772445679 0.662064909934998 0.649421453475952 0.657669723033905 0.660134732723236 0.667645931243896 0.676845610141754 0.688362121582031 0.710936903953552 0.709548711776733 0.72214674949646 0.737996518611908 0.74972540140152 0.757891654968262 0.774295747280121 0.77313894033432 0.785125613212585 0.784494161605835 0.842361211776733 0.850155174732208 0.850749313831329 0.853093922138214 0.885514318943024 0.844141781330109 0.840732395648956 0.764306128025055 0.780453324317932 0.784246563911438 0.725901186466217 0.688204884529114 0.693765640258789 0.696698069572449 0.575126647949219 0.570751249790192 0.58312463760376
0.681167244911194 0.669560730457306 0.658432006835938 0.635172128677368 0.620381355285645 0.586932897567749 0.585487425327301 0.597304880619049 0.594129323959351 0.59585165977478 0.596512675285339 0.597040951251984 0.624814093112946 0.626943171024323 0.636873364448547 0.64854896068573 0.659307897090912 0.671899437904358 0.673317432403564 0.675127506256104 0.694683730602264 0.71139121055603 0.701100826263428 0.731401860713959 0.734076023101807 0.747051179409027 0.755674183368683 0.746987283229828 0.807635307312012 0.797642290592194 0.810516357421875 0.787846803665161 0.771551430225372 0.787197828292847 0.787081062793732 0.751838803291321 0.756522536277771 0.709739327430725 0.711915016174316 0.649500608444214 0.617176413536072 0.623853504657745 0.636513888835907 0.635605752468109
0.642718315124512 0.643097758293152 0.625554919242859 0.593800663948059 0.581774413585663 0.551093816757202 0.516034126281738 0.508259534835815 0.497283309698105 0.507676303386688 0.504986226558685 0.507036566734314 0.551979601383209 0.525820076465607 0.526598572731018 0.543740153312683 0.583025872707367 0.582679331302643 0.59641832113266 0.606105506420135 0.617694735527039 0.655861377716064 0.669302225112915 0.678679287433624 0.684532046318054 0.690385699272156 0.696474492549896 0.730758428573608 0.73037850856781 0.701849341392517 0.759426772594452 0.730562746524811 0.743793189525604 0.741649985313416 0.734959840774536 0.702225685119629 0.705957233905792 0.695201337337494 0.710759162902832 0.661096811294556 0.660437762737274 0.621029734611511 0.557081997394562 0.556183278560638
