data/climate_estimation/maxent_output/Wurmbea_murchisoniana.asc
NCOLS 119 
NROWS 63 
XLLCORNER 114 
YLLCORNER -32.5 
CELLSIZE 0.0833333333333334 
NODATA_value -3.4e+38 
[rows 20 to 39 of 63, columns 46 to 91 of 119]
0.964156210422516 0.958318531513214 0.963894665241241 0.967163741588593 0.966630816459656 0.964748203754425 0.959058105945587 0.965885400772095 0.716869592666626 0.733328104019165 0.71138072013855 0.715898513793945 0.693472027778625 0.658386528491974 0.673740267753601 0.647777378559113 0.685905992984772 0.707239747047424 0.663785338401794 0.693193972110748 0.717790126800537 0.682825148105621 0.667465686798096 0.677622377872467 0.693375408649445 0.658275067806244 0.661269187927246 0.665070593357086 0.665600180625916 0.672823309898376 0.668613076210022 0.64514023065567 0.65111768245697 0.642272293567657 0.620062172412872 0.638721227645874 0.647381126880646 0.65682464838028 0.640305757522583 0.657264173030853 0.667708516120911 0.718588292598724 0.754348516464233 0.7860506772995 0.795724093914032 0.772761940956116
0.97195428609848 0.960653901100159 0.965317904949188 0.967409312725067 0.963300049304962 0.96830815076828 0.976690888404846 0.771666646003723 0.747336030006409 0.733132004737854 0.706305980682373 0.704947054386139 0.692440569400787 0.690043151378632 0.670996248722076 0.675701498985291 0.665464997291565 0.697891354560852 0.672305464744568 0.694791793823242 0.711455941200256 0.687023103237152 0.670965075492859 0.68113648891449 0.684109270572662 0.676833152770996 0.708543539047241 0.707001864910126 0.706737637519836 0.719902813434601 0.731327891349792 0.689799726009369 0.707527458667755 0.67072206735611 0.668382883071899 0.691336512565613 0.689582288265228 0.688060760498047 0.70625501871109 0.673490107059479 0.673239588737488 0.699212491512299 0.713824987411499 0.760033190250397 0.759220957756042 0.737067580223083
0.9735267162323 0.965595245361328 0.976781368255615 0.977629840373993 0.965204775333405 0.971366465091705 0.979699790477753 0.977344036102295 0.768313586711884 0.764187455177307 0.740324079990387 0.713121056556702 0.721657454967499 0.692761361598969 0.723790466785431 0.694053530693054 0.680688560009003 0.681067943572998 0.703506529331207 0.673940122127533 0.695057809352875 0.713556349277496 0.707502126693726 0.73439610004425 0.734654784202576 0.703665852546692 0.761366248130798 0.741175711154938 0.745532691478729 0.713919937610626 0.769286870956421 0.771239221096039 0.750074207782745 0.740157067775726 0.719668924808502 0.708742499351501 0.689594984054565 0.714035451412201 0.706995785236359 0.677419245243073 0.715628206729889 0.703880190849304 0.705175936222076 0.712648808956146 0.706284582614899 0.675788760185242
0.965794324874878 0.967134237289429 0.975157678127289 0.975205779075623 0.977081835269928 0.973903179168701 0.979856848716736 0.977121829986572 0.777489483356476 0.77104926109314 0.797543883323669 0.763640761375427 0.727043688297272 0.732035636901855 0.718334794044495 0.715168714523315 0.69672429561615 0.699691474437714 0.703067183494568 0.732811570167542 0.729427576065063 0.709504246711731 0.721368670463562 0.72137314081192 0.738300383090973 0.747743725776672 0.75715833902359 0.770163416862488 0.779495716094971 0.780292570590973 0.768295645713806 0.781057119369507 0.757140100002289 0.739071488380432 0.751597940921783 0.756745517253876 0.758034467697144 0.744136154651642 0.711420297622681 0.71352356672287 0.708752810955048 0.691618978977203 0.658657252788544 0.664693653583527 0.670415818691254 0.661040186882019
0.96899539232254 0.969209730625153 0.973397076129913 0.972497820854187 0.976854979991913 0.977087914943695 0.979159891605377 0.784597516059875 0.774964272975922 0.808178126811981 0.792417287826538 0.752543449401855 0.767214596271515 0.73984694480896 0.760092437267303 0.72234845161438 0.702434360980988 0.724122643470764 0.740731775760651 0.706277012825012 0.715261280536652 0.738467037677765 0.747715771198273 0.752837717533112 0.784236788749695 0.794415175914764 0.81130987405777 0.804155886173248 0.799221515655518 0.783819496631622 0.764971911907196 0.784138798713684 0.792309701442719 0.757505595684052 0.758017838001251 0.760338842868805 0.794279813766479 0.756681263446808 0.737497627735138 0.741805374622345 0.726585745811462 0.714434742927551 0.688566207885742 0.673547506332397 0.664427280426025 0.645878970623016
0.98063325881958 0.983208060264587 0.980840384960175 0.9801344871521 0.981619954109192 0.981075286865234 0.787881314754486 0.792011797428131 0.799935102462769 0.807986915111542 0.81497460603714 0.7854945063591 0.765119194984436 0.785470008850098 0.759318888187408 0.760405361652374 0.720533013343811 0.742673695087433 0.710415661334991 0.738107800483704 0.744081795215607 0.735191881656647 0.765674948692322 0.779080927371979 0.77568244934082 0.820046305656433 0.834983110427856 0.84441465139389 0.801767110824585 0.812629282474518 0.795374989509583 0.779412090778351 0.800903379917145 0.794044315814972 0.79778790473938 0.77876091003418 0.763694167137146 0.782567799091339 0.796019732952118 0.793544352054596 0.773109078407288 0.733901798725128 0.685724079608917 0.696814835071564 0.675098776817322 0.650569021701813
0.98509556055069 0.986376762390137 0.982568502426147 0.981958568096161 0.982811331748962 0.982665359973907 0.981131315231323 0.802413105964661 0.808772146701813 0.808660268783569 0.832172274589539 0.822181284427643 0.807406425476074 0.810443341732025 0.779104351997375 0.77913635969162 0.768635272979736 0.750513076782227 0.756212651729584 0.743880093097687 0.753409504890442 0.782036423683167 0.786194920539856 0.804055273532867 0.815932929515839 0.823685586452484 0.830613136291504 0.839624226093292 0.834014892578125 0.818803369998932 0.840299248695374 0.852485954761505 0.817242681980133 0.829061031341553 0.815160155296326 0.806876242160797 0.818613231182098 0.802292943000793 0.819029152393341 0.823626458644867 0.786377727985382 0.768078923225403 0.72988098859787 0.716696679592133 0.658352196216583 0.652832269668579
0.984427511692047 0.986419677734375 0.984126269817352 0.983615159988403 0.982153177261353 0.987710297107697 0.987742066383362 0.806542754173279 0.811365962028503 0.826630115509033 0.834407210350037 0.842811644077301 0.829229593276978 0.822308957576752 0.821322083473206 0.784813344478607 0.753363788127899 0.778424561023712 0.753110945224762 0.759296894073486 0.777725756168365 0.792524993419647 0.786194920539856 0.792957127094269 0.85038548707962 0.855371296405792 0.864210903644562 0.875656843185425 0.882504761219025 0.838525533676147 0.855970501899719 0.879035651683807 0.887437641620636 0.874603450298309 0.883200287818909 0.853086292743683 0.852076947689056 0.828242182731628 0.846419334411621 0.821502983570099 0.797234117984772 0.785870373249054 0.755401313304901 0.734015762805939 0.689395785331726 0.663465917110443
0.988130152225494 0.988597095012665 0.987360119819641 0.98767501115799 0.98722642660141 0.988447844982147 0.988301634788513 0.987363636493683 0.98705518245697 0.824575006961823 0.837359666824341 0.854381561279297 0.853686034679413 0.842873454093933 0.826499462127686 0.838810086250305 0.800461113452911 0.761762142181396 0.778231561183929 0.791579961776733 0.828127503395081 0.800819993019104 0.819594442844391 0.832950711250305 0.844648838043213 0.884385704994202 0.887579202651978 0.897874534130096 0.878950834274292 0.887638628482819 0.899998486042023 0.893195152282715 0.905444622039795 0.893519103527069 0.893177568912506 0.883459746837616 0.875793933868408 0.859838962554932 0.854170322418213 0.827130198478699 0.790757775306702 0.783247411251068 0.752799570560455 0.751898765563965 0.720773637294769 0.687879920005798
0.990037202835083 0.990660607814789 0.991083025932312 0.991306126117706 0.991654515266418 0.992443740367889 0.990533351898193 0.989177942276001 0.838984727859497 0.838008880615234 0.829505145549774 0.858963787555695 0.853686034679413 0.854699909687042 0.850866496562958 0.842941224575043 0.837024688720703 0.793082892894745 0.811576008796692 0.803139984607697 0.819356143474579 0.836936116218567 0.848911941051483 0.865618944168091 0.884469568729401 0.881863415241241 0.893376588821411 0.897983849048615 0.904695451259613 0.891737639904022 0.916741192340851 0.904322326183319 0.91367769241333 0.919293463230133 0.90849244594574 0.89109605550766 0.895555317401886 0.890618324279785 0.868932485580444 0.847864031791687 0.797851920127869 0.776725649833679 0.77169281244278 0.745450556278229 0.715677917003632 0.706724643707275
0.993117690086365 0.990203082561493 0.993268430233002 0.993243873119354 0.993452668190002 0.991357684135437 0.991011142730713 0.993235290050507 0.993210256099701 0.85483318567276 0.846325874328613 0.861238241195679 0.861834049224854 0.854737043380737 0.852517366409302 0.864282846450806 0.848092257976532 0.844896852970123 0.833125650882721 0.847196400165558 0.854604244232178 0.862843334674835 0.858023881912231 0.861246943473816 0.896340191364288 0.906222105026245 0.899720430374146 0.904318273067474 0.914043307304382 0.921490550041199 0.914836466312408 0.898724794387817 0.906310498714447 0.910455584526062 0.924506902694702 0.90210896730423 0.888004541397095 0.875771641731262 0.876678049564362 0.863810896873474 0.839056372642517 0.795242369174957 0.760947227478027 0.741264879703522 0.732293248176575 0.700525224208832
0.995441317558289 0.994726717472076 0.994793355464935 0.994560718536377 0.993938803672791 0.993528246879578 0.994831621646881 0.995585143566132 0.995165169239044 0.881941258907318 0.866520047187805 0.858565747737885 0.863458216190338 0.857540905475616 0.862932682037354 0.863513290882111 0.860412895679474 0.868540346622467 0.867994129657745 0.879711270332336 0.886032223701477 0.890477538108826 0.886489868164062 0.888113379478455 0.899216771125793 0.901316463947296 0.898935198783875 0.916761338710785 0.909557938575745 0.930328071117401 0.939633309841156 0.907233893871307 0.910800158977509 0.908012509346008 0.902547240257263 0.91180419921875 0.895080983638763 0.868451654911041 0.876865267753601 0.853272974491119 0.837413787841797 0.803327679634094 0.781765758991241 0.775025129318237 0.713021457195282 0.695542573928833
0.996203422546387 0.995914936065674 0.995395958423615 0.996637165546417 0.996685028076172 0.996917486190796 0.996501207351685 0.996275544166565 0.997446238994598 0.883827865123749 0.882420003414154 0.874961256980896 0.874385058879852 0.874688744544983 0.875451028347015 0.873456180095673 0.87502646446228 0.87460720539093 0.886731803417206 0.892522752285004 0.901637196540833 0.890769600868225 0.904528260231018 0.919235825538635 0.916148781776428 0.90420001745224 0.907711505889893 0.917378485202789 0.920039296150208 0.922406911849976 0.927518844604492 0.903742134571075 0.917478799819946 0.906191468238831 0.913022041320801 0.903293311595917 0.898505449295044 0.893644034862518 0.861885607242584 0.851551353931427 0.825616419315338 0.788404047489166 0.780069470405579 0.728843152523041 0.71199494600296 0.670122623443604
0.996849536895752 0.996616542339325 0.997626423835754 0.997117340564728 0.996960878372192 0.997252464294434 0.996808052062988 0.996609747409821 0.997191190719604 0.99756646156311 0.890662431716919 0.889720261096954 0.882510721683502 0.881960809230804 0.885049343109131 0.876611888408661 0.880245506763458 0.882476806640625 0.894501566886902 0.888118863105774 0.90607613325119 0.915341973304749 0.9117791056633 0.922425448894501 0.919957220554352 0.908810198307037 0.897651612758636 0.915300965309143 0.907268524169922 0.919592499732971 0.921377956867218 0.910578072071075 0.901545643806458 0.902182281017303 0.891577482223511 0.906228423118591 0.870182454586029 0.866614580154419 0.877240717411041 0.852819204330444 0.819157540798187 0.791561901569366 0.755543828010559 0.733131766319275 0.713875293731689 0.68107545375824
0.998272716999054 0.997487485408783 0.997994601726532 0.997358798980713 0.997666478157043 0.997285008430481 0.996971666812897 0.99551248550415 0.99629282951355 0.996943891048431 0.994962573051453 0.996420562267303 0.90562492609024 0.888556301593781 0.890874445438385 0.896884083747864 0.894116222858429 0.896927535533905 0.902365267276764 0.868132174015045 0.897208511829376 0.910373091697693 0.911149621009827 0.913133502006531 0.895177662372589 0.91878467798233 0.897330701351166 0.907199025154114 0.912403464317322 0.931468904018402 0.930947601795197 0.912207543849945 0.889791369438171 0.899734616279602 0.897547662258148 0.884473562240601 0.893706142902374 0.863654494285583 0.867007970809937 0.843280255794525 0.830897867679596 0.792058765888214 0.963864088058472 0.94678270816803 0.94378387928009 0.703524887561798
0.995901763439178 0.996584832668304 0.996104955673218 0.994426310062408 0.995058059692383 0.995694696903229 0.99505078792572 0.991287708282471 0.993972659111023 0.992619216442108 0.994177341461182 0.996786594390869 0.997831642627716 0.909749925136566 0.906643271446228 0.90129542350769 0.895795881748199 0.888739943504333 0.890864133834839 0.876469552516937 0.86942446231842 0.894207537174225 0.878360211849213 0.885181546211243 0.872663736343384 0.90373158454895 0.902378797531128 0.913548171520233 0.912015914916992 0.916861653327942 0.907753229141235 0.893973767757416 0.872003257274628 0.884272813796997 0.885607481002808 0.895004034042358 0.885200023651123 0.853712975978851 0.839623928070068 0.848608076572418 0.80607396364212 0.76038134098053 0.950914442539215 0.946866750717163 0.948208272457123 0.924487948417664
0.995829045772552 0.994517087936401 0.993216991424561 0.995012938976288 0.993811905384064 0.993721783161163 0.988653481006622 0.989919662475586 0.990973770618439 0.993002831935883 0.992888152599335 0.993295788764954 0.994889974594116 0.997455477714539 0.914903938770294 0.908373773097992 0.891781687736511 0.891607522964478 0.896228313446045 0.88239198923111 0.873433887958527 0.858004331588745 0.845965385437012 0.851851582527161 0.849704325199127 0.884052574634552 0.889939963817596 0.884141504764557 0.907785832881927 0.908542573451996 0.889992296695709 0.894513964653015 0.878968060016632 0.868973672389984 0.886503219604492 0.873310804367065 0.85711944103241 0.851297557353973 0.843986213207245 0.822284162044525 0.777603030204773 0.967565357685089 0.961899042129517 0.93890643119812 0.931820213794708 0.916440308094025
0.994266152381897 0.992324888706207 0.994414329528809 0.993865847587585 0.990855693817139 0.989819586277008 0.987749457359314 0.992542266845703 0.993981897830963 0.994413435459137 0.995750665664673 0.995138764381409 0.995822191238403 0.99767678976059 0.997887015342712 0.997514486312866 0.907246589660645 0.906201362609863 0.897113502025604 0.891915738582611 0.86878764629364 0.842456758022308 0.841227531433105 0.846356511116028 0.845462024211884 0.854346513748169 0.87022602558136 0.859378099441528 0.885150849819183 0.909450054168701 0.865591049194336 0.884118974208832 0.871807277202606 0.857605338096619 0.884166896343231 0.872986793518066 0.853345513343811 0.849014163017273 0.842222273349762 0.817524790763855 0.972171723842621 0.958437085151672 0.961129009723663 0.952307283878326 0.943546831607819 0.922846496105194
0.994371473789215 0.993473827838898 0.985953032970428 0.992610454559326 0.99211061000824 0.98851352930069 0.992102980613708 0.991471588611603 0.994527101516724 0.995972096920013 0.997118711471558 0.996612966060638 0.997518956661224 0.997359693050385 0.99615490436554 0.9942906498909 0.995100021362305 0.995050966739655 0.877009451389313 0.882507383823395 0.860099792480469 0.853375375270844 0.842762589454651 0.844859898090363 0.845057129859924 0.87065190076828 0.840704500675201 0.825039982795715 0.861161291599274 0.900371730327606 0.865357339382172 0.876626074314117 0.870938003063202 0.838101148605347 0.851259708404541 0.860645055770874 0.870551764965057 0.829371452331543 0.830357193946838 0.977656900882721 0.969260334968567 0.961179137229919 0.951840579509735 0.950731813907623 0.930344343185425 0.933636009693146
0.994984805583954 0.991234183311462 0.989006817340851 0.993638932704926 0.990997493267059 0.987773239612579 0.993673741817474 0.994013905525208 0.994821488857269 0.995964348316193 0.995005548000336 0.992743849754333 0.994280159473419 0.992624998092651 0.993833899497986 0.993082165718079 0.994776904582977 0.995940804481506 0.901375353336334 0.913022398948669 0.894646048545837 0.883533656597137 0.841635942459106 0.870282828807831 0.842486262321472 0.866136252880096 0.868277728557587 0.828845322132111 0.848103284835815 0.874246418476105 0.854458093643188 0.860031366348267 0.853644907474518 0.828360319137573 0.847114861011505 0.85424667596817 0.850644946098328 0.845318198204041 0.849153876304626 0.822595477104187 0.812724411487579 0.970622539520264 0.960256099700928 0.943263709545135 0.926260232925415 0.92619913816452
