data/climate_estimation/maxent_output/Wurmbea_australis.asc
NCOLS 429 
NROWS 221 
XLLCORNER 118.416666666667 
YLLCORNER -43.25 
CELLSIZE 0.0833333333333333 
NODATA_value -3.4e+38 
[rows 46 to 68 of 221, columns 52 to 103 of 429]
0.478054851293564 0.497789174318314 0.677760720252991 0.659973382949829 0.694181442260742 0.685890436172485 0.661132335662842 0.724779188632965 0.729125559329987 0.72788941860199 0.755151033401489 0.592216730117798 0.556450188159943 0.593447685241699 0.565333068370819 0.566149353981018 0.56861424446106 0.565794885158539 0.564124047756195 0.580533862113953 0.556544899940491 0.54465126991272 0.51995062828064 0.525721728801727 0.551291525363922 0.553888320922852 0.380270451307297 0.282198250293732 0.302104085683823 0.302305281162262 0.287324190139771 0.2877097427845 0.121487528085709 0.121667288243771 0.114669561386108 0.123005241155624 0.122053064405918 0.115225687623024 0.114654839038849 0.114739023149014 0.114878877997398 0.114451922476292 0.113750576972961 0.100765354931355 0.23194944858551 0.244036197662354 0.244354709982872 0.244036197662354 0.231975272297859 0.220180675387383 0.244441345334053 0.245273515582085
0.675209522247314 0.703795254230499 0.689030230045319 0.669432878494263 0.691272854804993 0.688952267169952 0.662783324718475 0.731030106544495 0.733663380146027 0.547924876213074 0.553829729557037 0.535694241523743 0.580411434173584 0.585980176925659 0.622383236885071 0.533936738967896 0.575792193412781 0.588569283485413 0.595955848693848 0.574641525745392 0.560151338577271 0.552670240402222 0.556958198547363 0.536068856716156 0.535854995250702 0.565585374832153 0.386679977178574 0.286917090415955 0.301834791898727 0.301735520362854 0.287202656269073 0.287265956401825 0.287958830595016 0.28988191485405 0.117096140980721 0.116368018090725 0.124252945184708 0.117421597242355 0.124325968325138 0.116282097995281 0.116226747632027 0.117192983627319 0.115889400243759 0.109527096152306 0.109357580542564 0.108270987868309 0.109187193214893 0.10945837199688 0.258744269609451 0.25765597820282 0.232526376843452 0.245344057679176
0.486349374055862 0.688026010990143 0.695644199848175 0.677287220954895 0.676296293735504 0.670384526252747 0.738570630550385 0.672764241695404 0.545978188514709 0.728977859020233 0.751087605953217 0.587080597877502 0.542420566082001 0.543146789073944 0.588922321796417 0.589774429798126 0.586236894130707 0.544651687145233 0.598588645458221 0.581665813922882 0.541714251041412 0.569077014923096 0.564099431037903 0.538772523403168 0.543605148792267 0.566762208938599 0.390412718057632 0.30449166893959 0.304951399564743 0.307420939207077 0.292130827903748 0.292633175849915 0.292633175849915 0.292633175849915 0.281569480895996 0.279148668050766 0.117081619799137 0.277720391750336 0.277986377477646 0.264196902513504 0.278485894203186 0.117207914590836 0.112193018198013 0.11713981628418 0.110970817506313 0.110004507005215 0.110221341252327 0.104211769998074 0.105212666094303 0.105499260127544 0.104006871581078 0.104242943227291
0.692510664463043 0.669553756713867 0.671162068843842 0.703578591346741 0.700731933116913 0.702008187770844 0.729451656341553 0.702221810817719 0.728532493114471 0.732416868209839 0.569704234600067 0.802778124809265 0.622452139854431 0.552252531051636 0.618987560272217 0.619235277175903 0.623095095157623 0.57419228553772 0.598454117774963 0.606508612632751 0.590671300888062 0.568373441696167 0.547517061233521 0.61128169298172 0.543430209159851 0.571254670619965 0.57331371307373 0.304360181093216 0.304811775684357 0.30682098865509 0.291599988937378 0.292096138000488 0.292096138000488 0.292435199022293 0.279944539070129 0.296349346637726 0.296226680278778 0.127172470092773 0.112976104021072 0.120633684098721 0.114081136882305 0.113246746361256 0.11421000957489 0.114376671612263 0.114376671612263 0.118513390421867 0.119522422552109 0.118249833583832 0.119755767285824 0.119998924434185 0.11991410702467 0.120167620480061
0.652137517929077 0.681341350078583 0.704620540142059 0.685871779918671 0.660303831100464 0.703603744506836 0.699609577655792 0.73418790102005 0.75932502746582 0.736010432243347 0.737115383148193 0.783442080020905 0.777909338474274 0.622948884963989 0.625073313713074 0.618545234203339 0.630381464958191 0.580912530422211 0.588626384735107 0.611351430416107 0.589994728565216 0.567712008953094 0.591244697570801 0.615581691265106 0.570472419261932 0.576142191886902 0.581180453300476 0.447871297597885 0.448244243860245 0.310094714164734 0.306789189577103 0.306725859642029 0.295240193605423 0.296058624982834 0.284327507019043 0.120517432689667 0.136934489011765 0.129437729716301 0.128618016839027 0.137087911367416 0.116089232265949 0.114427752792835 0.115347243845463 0.11565300822258 0.115792013704777 0.115766793489456 0.120916105806828 0.12131380289793 0.121325746178627 0.122359231114388 0.119946703314781 0.121645711362362
0.672856509685516 0.6818026304245 0.719296932220459 0.640078544616699 0.711858689785004 0.677318692207336 0.731514930725098 0.733222305774689 0.71566516160965 0.743233203887939 0.782550036907196 0.767186939716339 0.782789826393127 0.632452607154846 0.630619645118713 0.625877022743225 0.62786078453064 0.658327519893646 0.634251356124878 0.59239387512207 0.592516660690308 0.640418410301208 0.596032559871674 0.594272553920746 0.619931936264038 0.575646460056305 0.581217527389526 0.581666707992554 0.472898691892624 0.455557286739349 0.456122994422913 0.456122994422913 0.29841411113739 0.302218586206436 0.285235673189163 0.288771778345108 0.290694206953049 0.136708945035934 0.138638108968735 0.138788461685181 0.292394787073135 0.11585495620966 0.277644485235214 0.27507957816124 0.115667589008808 0.128850445151329 0.128837913274765 0.121879920363426 0.121974527835846 0.288880497217178 0.285699963569641 0.289104759693146
0.659039974212646 0.664323747158051 0.675836205482483 0.673188865184784 0.713197410106659 0.713056027889252 0.721571505069733 0.749960243701935 0.723175287246704 0.725614428520203 0.765458106994629 0.790825724601746 0.790143489837646 0.789774715900421 0.788426756858826 0.632221698760986 0.634251356124878 0.63304215669632 0.609654128551483 0.662303149700165 0.613632142543793 0.599337995052338 0.620487987995148 0.644475996494293 0.644475996494293 0.580508768558502 0.582823574542999 0.561692655086517 0.561736106872559 0.739786922931671 0.739786922931671 0.482144206762314 0.304927825927734 0.305337160825729 0.288279056549072 0.290971487760544 0.290842592716217 0.291304886341095 0.294204741716385 0.131892040371895 0.139831140637398 0.139910757541656 0.277463555335999 0.277991026639938 0.278043478727341 0.278095841407776 0.276938438415527 0.277410387992859 0.276026844978333 0.276611238718033 0.290853410959244 0.289149641990662
0.66844654083252 0.667736172676086 0.69966185092926 0.68333101272583 0.747651755809784 0.742811560630798 0.726159691810608 0.725836932659149 0.72398716211319 0.725256323814392 0.742275238037109 0.58173531293869 0.785240411758423 0.632892370223999 0.78620845079422 0.631016314029694 0.632589817047119 0.6329665184021 0.658776938915253 0.659574866294861 0.665226995944977 0.597293257713318 0.597877323627472 0.624692499637604 0.645931482315063 0.627152025699615 0.585286974906921 0.561621963977814 0.560638308525085 0.739978432655334 0.487259060144424 0.307805836200714 0.30820968747139 0.308316826820374 0.293316304683685 0.293469786643982 0.291858106851578 0.294542849063873 0.297964662313461 0.296153038740158 0.29829329252243 0.297076165676117 0.280459702014923 0.279413193464279 0.279594272375107 0.280107915401459 0.280388057231903 0.280362665653229 0.279228448867798 0.278953343629837 0.308752328157425 0.294033765792847
0.677425742149353 0.654197931289673 0.669264256954193 0.684705257415771 0.682287991046906 0.751593887805939 0.729125261306763 0.729892790317535 0.698621511459351 0.741475462913513 0.745777547359467 0.579110443592072 0.580379724502563 0.583626210689545 0.607333421707153 0.611056625843048 0.611483633518219 0.615273833274841 0.615273833274841 0.642614424228668 0.664595901966095 0.646670877933502 0.666715681552887 0.616447389125824 0.649282515048981 0.629603862762451 0.584280788898468 0.635412096977234 0.464909076690674 0.492317348718643 0.594579577445984 0.31044527888298 0.30775260925293 0.310295462608337 0.296770334243774 0.296879768371582 0.297125160694122 0.312843680381775 0.311395734548569 0.297854244709015 0.299921602010727 0.296459764242172 0.282899171113968 0.28272271156311 0.282974570989609 0.284713923931122 0.281919091939926 0.282341927289963 0.281553626060486 0.282292395830154 0.280598163604736 0.279132694005966
0.657732427120209 0.677272498607635 0.72666996717453 0.73027116060257 0.752954125404358 0.722604393959045 0.731737494468689 0.703367233276367 0.701305866241455 0.740763545036316 0.73897659778595 0.73963451385498 0.585165798664093 0.612175226211548 0.609117090702057 0.609987020492554 0.634148299694061 0.612076997756958 0.640290021896362 0.639115214347839 0.645007848739624 0.691409766674042 0.620290637016296 0.621760308742523 0.646973967552185 0.610327184200287 0.637018144130707 0.468217760324478 0.619743406772614 0.616953432559967 0.616915464401245 0.474267899990082 0.500566840171814 0.480014353990555 0.483370006084442 0.317561835050583 0.314493864774704 0.314493864774704 0.314741790294647 0.299791842699051 0.301283627748489 0.301640540361404 0.302526652812958 0.29952597618103 0.284477233886719 0.284871011972427 0.28491997718811 0.284944444894791 0.267877668142319 0.270035952329636 0.419274985790253 0.280462175607681
0.660663604736328 0.658129096031189 0.705480515956879 0.728886008262634 0.727995336055756 0.728054285049438 0.679689705371857 0.684217751026154 0.703388690948486 0.767854273319244 0.763659000396729 0.76720118522644 0.586261034011841 0.58899998664856 0.616671919822693 0.610300421714783 0.638140022754669 0.641411244869232 0.670650601387024 0.622885227203369 0.647361159324646 0.648381650447845 0.622754275798798 0.700354754924774 0.65213418006897 0.661066114902496 0.640801429748535 0.517131209373474 0.474885076284409 0.624897718429565 0.504106342792511 0.504555106163025 0.500342071056366 0.503272354602814 0.482420742511749 0.482744961977005 0.486444473266602 0.486231684684753 0.466030716896057 0.466065168380737 0.466545104980469 0.30293869972229 0.305798560380936 0.466301262378693 0.465934455394745 0.462074965238571 0.441875517368317 0.441875517368317 0.441907852888107 0.419158965349197 0.41897389292717 0.418476909399033
0.725102961063385 0.72616446018219 0.704161286354065 0.70314747095108 0.678290605545044 0.707129538059235 0.708721101284027 0.680508732795715 0.747705280780792 0.588035643100739 0.565981566905975 0.566640853881836 0.590985834598541 0.594058930873871 0.617114841938019 0.617472529411316 0.620850086212158 0.645249485969543 0.669748842716217 0.674209833145142 0.626179158687592 0.659322142601013 0.677947103977203 0.656683325767517 0.678827583789825 0.660314440727234 0.640774488449097 0.522239685058594 0.526866137981415 0.481985777616501 0.503272354602814 0.503198325634003 0.501880705356598 0.770303845405579 0.774198710918427 0.489963531494141 0.490589439868927 0.468215197324753 0.468551844358444 0.468248963356018 0.468752831220627 0.469052881002426 0.467692822217941 0.467857748270035 0.46838191151619 0.468771487474442 0.444674342870712 0.444549232721329 0.444580525159836 0.444954633712769 0.445510238409042 0.440610647201538
0.654324114322662 0.654391705989838 0.703583478927612 0.745233178138733 0.7460777759552 0.70432311296463 0.745139241218567 0.74619734287262 0.77184271812439 0.747268855571747 0.567078530788422 0.566543579101562 0.589001357555389 0.569858849048615 0.598977982997894 0.62452894449234 0.625182211399078 0.628702521324158 0.605559766292572 0.606535375118256 0.681769907474518 0.659480929374695 0.6797234416008 0.661810159683228 0.666102290153503 0.689895391464233 0.645073533058167 0.547842979431152 0.526129543781281 0.531101524829865 0.52687406539917 0.506047666072845 0.506155431270599 0.509556114673615 0.750968813896179 0.73241251707077 0.709867358207703 0.732588648796082 0.731843531131744 0.491573691368103 0.492007732391357 0.492173701524734 0.487817794084549 0.470029771327972 0.470606356859207 0.471050024032593 0.471050024032593 0.4665247797966 0.446962893009186 0.446810483932495 0.447776973247528 0.442980647087097
0.709488332271576 0.700863122940063 0.699537575244904 0.704397857189178 0.746125876903534 0.720429837703705 0.719875872135162 0.721572041511536 0.570273339748383 0.573049664497375 0.573563098907471 0.568581938743591 0.571732580661774 0.575310289859772 0.57736474275589 0.629340589046478 0.606729328632355 0.606729328632355 0.658954620361328 0.658569991588593 0.659909307956696 0.660335659980774 0.6643226146698 0.661716341972351 0.661673486232758 0.690448522567749 0.649415731430054 0.52887749671936 0.556221961975098 0.534238636493683 0.534454226493835 0.532982707023621 0.555580019950867 0.775217890739441 0.775118887424469 0.792081356048584 0.795324623584747 0.730671226978302 0.733424425125122 0.733729064464569 0.71153861284256 0.729927003383636 0.449031680822372 0.449796676635742 0.472963035106659 0.473055869340897 0.473024964332581 0.471319556236267 0.471595168113708 0.471929669380188 0.492781907320023 0.468135058879852
0.663873076438904 0.704363644123077 0.660158455371857 0.723872900009155 0.677459180355072 0.700595736503601 0.700959026813507 0.725869655609131 0.550886392593384 0.578894913196564 0.604397892951965 0.6034135222435 0.573734998703003 0.607115983963013 0.608267188072205 0.611275792121887 0.612703740596771 0.617370307445526 0.640182733535767 0.663526296615601 0.663526296615601 0.641959309577942 0.668750286102295 0.669705450534821 0.669082701206207 0.699696183204651 0.652686715126038 0.653127253055573 0.55607944726944 0.559424996376038 0.55960077047348 0.800509870052338 0.796631693840027 0.799153029918671 0.521418571472168 0.524756371974945 0.802393853664398 0.798111617565155 0.802751958370209 0.805916547775269 0.780402839183807 0.7829949259758 0.78329336643219 0.779420435428619 0.75772750377655 0.75772750377655 0.753498554229736 0.473209172487259 0.473510056734085 0.476418644189835 0.473897993564606 0.470148652791977
0.713503539562225 0.709600329399109 0.712038993835449 0.729599118232727 0.70089852809906 0.701584458351135 0.701530873775482 0.552006602287292 0.557872295379639 0.558930337429047 0.559548735618591 0.604930579662323 0.585438430309296 0.586357831954956 0.591872334480286 0.616523444652557 0.598438143730164 0.622371554374695 0.625932335853577 0.649504125118256 0.668383538722992 0.669886112213135 0.650247931480408 0.652969777584076 0.653939247131348 0.631057441234589 0.659736096858978 0.660134017467499 0.660650849342346 0.819064617156982 0.819564938545227 0.818851351737976 0.798365533351898 0.55090057849884 0.551223456859589 0.549968600273132 0.820629119873047 0.803484380245209 0.803484380245209 0.803920865058899 0.799124777317047 0.785667419433594 0.786340415477753 0.781815409660339 0.503984451293945 0.503824532032013 0.501246929168701 0.482176274061203 0.47967717051506 0.473270952701569 0.468486845493317 0.468486845493317
0.734180629253387 0.707367897033691 0.665276765823364 0.732023179531097 0.70616739988327 0.704284727573395 0.711785137653351 0.556922316551208 0.55763566493988 0.611480474472046 0.609240353107452 0.612464606761932 0.608841061592102 0.612614691257477 0.591075539588928 0.615690350532532 0.598060727119446 0.598305225372314 0.62546718120575 0.627103507518768 0.679290413856506 0.678726494312286 0.656847417354584 0.634249806404114 0.640042901039124 0.659290432929993 0.664676368236542 0.639921903610229 0.643328726291656 0.837044239044189 0.854270815849304 0.855128467082977 0.842151701450348 0.841271460056305 0.841737985610962 0.780931115150452 0.763946533203125 0.808980047702789 0.807930886745453 0.741620659828186 0.738826990127563 0.730452358722687 0.735661149024963 0.706559658050537 0.709364235401154 0.704731166362762 0.764143943786621 0.518142879009247 0.516303539276123 0.51153552532196 0.50856351852417 0.494067013263702
0.733838617801666 0.733241140842438 0.709405958652496 0.716019332408905 0.713262319564819 0.704705536365509 0.537117719650269 0.557923853397369 0.737047910690308 0.608384191989899 0.608891725540161 0.612915694713593 0.617174863815308 0.59125941991806 0.56792289018631 0.597425282001495 0.59732848405838 0.577963590621948 0.610666036605835 0.654130041599274 0.655535221099854 0.660661518573761 0.642011880874634 0.592653453350067 0.644758522510529 0.647874653339386 0.648979663848877 0.647294998168945 0.713057696819305 0.716208934783936 0.877282500267029 0.841534554958344 0.84471982717514 0.823864758014679 0.824794590473175 0.826783299446106 0.801932513713837 0.737275421619415 0.744475722312927 0.742624342441559 0.734984815120697 0.710297465324402 0.77646815776825 0.766334354877472 0.761016488075256 0.76234233379364 0.760130882263184 0.760130882263184 0.750415027141571 0.472562849521637 0.43453460931778 0.434322744607925
0.713346898555756 0.688010215759277 0.710597038269043 0.688712000846863 0.713332414627075 0.537402272224426 0.538309395313263 0.560504555702209 0.537863612174988 0.564923405647278 0.590173780918121 0.592675805091858 0.599128901958466 0.596219003200531 0.576795101165771 0.600417613983154 0.604502260684967 0.60515946149826 0.610352218151093 0.610251843929291 0.663471043109894 0.664302825927734 0.600354194641113 0.606443047523499 0.609659194946289 0.625027477741241 0.651225030422211 0.675265371799469 0.673765540122986 0.718651115894318 0.579825699329376 0.842091500759125 0.825460493564606 0.822466790676117 0.798754036426544 0.798780798912048 0.798673152923584 0.754691481590271 0.749772071838379 0.749367654323578 0.744490206241608 0.740858197212219 0.787469863891602 0.781937777996063 0.759848952293396 0.756760001182556 0.755216598510742 0.487332433462143 0.479353219270706 0.481340229511261 0.47956719994545 0.429712265729904
0.715607821941376 0.716294288635254 0.689447939395905 0.698999762535095 0.689777016639709 0.692451417446136 0.564817488193512 0.54121720790863 0.562266051769257 0.564512431621552 0.565190494060516 0.563571155071259 0.600263714790344 0.600724697113037 0.577761828899384 0.581763863563538 0.609524786472321 0.605136334896088 0.610218226909637 0.63586962223053 0.600023925304413 0.60021561384201 0.604029595851898 0.623091995716095 0.604534506797791 0.607784926891327 0.655317902565002 0.678242027759552 0.699058353900909 0.697507917881012 0.81882381439209 0.818130731582642 0.818130731582642 0.793900966644287 0.79969722032547 0.814489960670471 0.748554170131683 0.751314699649811 0.748039722442627 0.723944246768951 0.720346987247467 0.71549791097641 0.780769646167755 0.775599718093872 0.751570284366608 0.72402286529541 0.744346797466278 0.715984284877777 0.718519151210785 0.713558495044708 0.673149347305298 0.669560492038727
0.692401587963104 0.691408216953278 0.713771045207977 0.713516414165497 0.543398797512054 0.695485651493073 0.542301952838898 0.597881555557251 0.602533459663391 0.569672286510468 0.568559587001801 0.574188649654388 0.575922608375549 0.60561203956604 0.583456158638 0.586254298686981 0.617468774318695 0.619449734687805 0.619656205177307 0.640300512313843 0.645501315593719 0.65125584602356 0.58599591255188 0.584066987037659 0.658324480056763 0.653982520103455 0.676394164562225 0.67882889509201 0.693543136119843 0.795243740081787 0.813823699951172 0.805663824081421 0.80936187505722 0.789373099803925 0.789358735084534 0.743698418140411 0.746998846530914 0.737423479557037 0.740750968456268 0.69439697265625 0.693037092685699 0.690766632556915 0.703581690788269 0.72412520647049 0.716299831867218 0.693426668643951 0.709186732769012 0.713536202907562 0.701010525226593 0.701816320419312 0.674761056900024 0.441965937614441
0.724024713039398 0.747689485549927 0.696669697761536 0.717292428016663 0.545050144195557 0.551814913749695 0.721605956554413 0.53890734910965 0.573760986328125 0.600381851196289 0.604930758476257 0.602170407772064 0.580922067165375 0.585951209068298 0.587050557136536 0.594720840454102 0.593638479709625 0.595028221607208 0.601734519004822 0.650056600570679 0.655393898487091 0.658806025981903 0.664314687252045 0.66518372297287 0.6609748005867 0.653878688812256 0.654454827308655 0.673769950866699 0.645539939403534 0.787991404533386 0.803408086299896 0.824121832847595 0.780925691127777 0.774684488773346 0.753173291683197 0.728923141956329 0.689857065677643 0.680929362773895 0.681844115257263 0.679555952548981 0.674624681472778 0.644846558570862 0.641733884811401 0.640341639518738 0.71353954076767 0.68054211139679 0.675288796424866 0.675054430961609 0.672372043132782 0.688280582427979 0.660846710205078 0.679175198078156
0.697947919368744 0.704114437103271 0.700768351554871 0.726905167102814 0.551342308521271 0.583371162414551 0.576286554336548 0.557485222816467 0.58418881893158 0.585628509521484 0.605538189411163 0.612576246261597 0.561668157577515 0.585809588432312 0.59212201833725 0.590970396995544 0.598141014575958 0.599511206150055 0.606439352035522 0.655065536499023 0.660433351993561 0.66018807888031 0.663213670253754 0.681917130947113 0.677570283412933 0.668963074684143 0.643954873085022 0.664754331111908 0.633936762809753 0.785573244094849 0.795487642288208 0.774701952934265 0.767923831939697 0.751100540161133 0.700950920581818 0.703747093677521 0.67531430721283 0.68020635843277 0.669107735157013 0.665117621421814 0.664889335632324 0.660544395446777 0.660086214542389 0.628085136413574 0.662987470626831 0.686383008956909 0.659952223300934 0.635711967945099 0.652518630027771 0.632106304168701 0.619553744792938 0.616420090198517
