data/climate_estimation/maxent_output/Wurmbea_punctata.asc
NCOLS 48 
NROWS 40 
XLLCORNER 18.25 
YLLCORNER -34.6666666666667 
CELLSIZE 0.0833333333333333 
NODATA_value -3.4e+38 
[rows 0 to 19 of 40, columns 0 to 44 of 48]
0.082392998039722 0.0674817636609077 0.0597499869763851 0.0485418513417244 0.0438663251698017 0.0397702008485794 0.0365579575300217 0.0288552138954401 0.0328546091914177 0.461865901947021 0.431811332702637 0.342961549758911 0.198937401175499 0.11389971524477 0.104227431118488 0.0690899044275284 0.0722464770078659 0.0839154422283173 0.116315290331841 0.075127437710762 0.0373016595840454 0.0242806300520897 0.0231461152434349 0.0146990967914462 0.000626656750682741 0.000765479227993637 0.000993062392808497 0.00107185170054436 0.00106563232839108 0.000735526264179498 0.00079381960676983 0.000387410313123837 0.000466503552161157 0.000454095134045929 0.000443926051957533 0.0004793920670636 0.000526876014191657 0.000484519929159433 0.000853227742481977 0.00108970270957798 0.00147964165080339 0.00182277977000922 0.00120310951024294 0.0016541596269235 0.00173271831590682
0.0417425706982613 0.0780978128314018 0.0625009462237358 0.0542793348431587 0.0448331274092197 0.0428031124174595 0.0409633181989193 0.0359724499285221 0.0328003466129303 0.281777888536453 0.48793962597847 0.358252793550491 0.248174741864204 0.151894956827164 0.148585349321365 0.100527465343475 0.0960913226008415 0.0861948877573013 0.0561312921345234 0.0609785132110119 0.0353425368666649 0.0278503224253654 0.0197239965200424 0.0145003441721201 0.000774300307966769 0.000835359562188387 0.000747538870200515 0.000936385476961732 0.000987924751825631 0.000942335114814341 0.00113478128332645 0.000952743692323565 0.000506498792674392 0.00050266832113266 0.000546409166418016 0.00051639718003571 0.000574793666601181 0.000722002063412219 0.000699172145687044 0.000904947519302368 0.00117160321678966 0.00122252199798822 0.00112399004865438 0.00134363945107907 0.00125246564857662
0.0417505539953709 0.037196472287178 0.030936012044549 0.0287401862442493 0.0564752258360386 0.0467307530343533 0.0445880889892578 0.0402532629668713 0.12306210398674 0.512171864509583 0.434043288230896 0.416155248880386 0.304765462875366 0.210531085729599 0.196606189012527 0.131662949919701 0.0989533215761185 0.0834356918931007 0.0683976262807846 0.0463691055774689 0.0322678275406361 0.0264851748943329 0.0281582809984684 0.0126644661650062 0.00903804134577513 0.000840223568957299 0.000879303959663957 0.000700367148965597 0.000830379838589579 0.000968241598457098 0.00147856737021357 0.00140323769301176 0.000695467868354172 0.000488665420562029 0.000489892670884728 0.000447681086370721 0.000582139065954834 0.000644509855192155 0.000796963344328105 0.000821480585727841 0.000842303910758346 0.00119099579751492 0.00118660856969655 0.000864387024194002 0.00119875557720661
0.103969939053059 0.085547611117363 0.0366974361240864 0.0676150918006897 0.0612983107566833 0.0531045794487 0.0489059425890446 0.0434842742979527 0.230174466967583 0.45522665977478 0.564682245254517 0.397767066955566 0.266047388315201 0.261332839727402 0.118507653474808 0.115218430757523 0.13452872633934 0.111194282770157 0.0925395935773849 0.093439407646656 0.0443349294364452 0.036064587533474 0.0388182252645493 0.0242534391582012 0.0087398448958993 0.00104688259307295 0.0011084865545854 0.000887851929292083 0.00064275145996362 0.000810820609331131 0.000939437246415764 0.00110516487620771 0.000607827329076827 0.000500344031024724 0.000516955158673227 0.000572775839827955 0.000700677104759961 0.000735198962502182 0.00066089746542275 0.000737143913283944 0.00104896968696266 0.00112868775613606 0.000894736556801945 0.000774355081375688 0.00124412204604596
0.106545761227608 0.114713296294212 0.0939371436834335 0.0737287253141403 0.0671145617961884 0.0648933127522469 0.396568983793259 0.124503649771214 0.226027771830559 0.475002557039261 0.508818984031677 0.414834439754486 0.326794296503067 0.125870257616043 0.0675805360078812 0.104275800287724 0.0901758596301079 0.0451150350272655 0.064893014729023 0.0938288122415543 0.0533301793038845 0.0535337626934052 0.0524319000542164 0.0246849395334721 0.0101864030584693 0.010883660055697 0.00111575215123594 0.001209806650877 0.000920589838642627 0.000816491723526269 0.000880026957020164 0.00103250343818218 0.000602431944571435 0.000657085212878883 0.0007471211720258 0.000664624269120395 0.000690674234647304 0.000851720396894962 0.000731199223082513 0.000870278454385698 0.000986330211162567 0.00063770281849429 0.00102035223972052 0.000990002299658954 0.00134508463088423
0.120503067970276 0.123142689466476 0.226571008563042 0.193357616662979 0.153570115566254 0.687674641609192 0.602944016456604 0.327993005514145 0.226673126220703 0.233137026429176 0.22342324256897 0.313609182834625 0.317002862691879 0.123769901692867 0.0649087652564049 0.0374040715396404 0.0304514113813639 0.0183571428060532 0.0549931265413761 0.0810850113630295 0.0692266672849655 0.082011841237545 0.0394263230264187 0.0245425831526518 0.0101675046607852 0.0100741283968091 0.00116481771692634 0.00109640357550234 0.000846757378894836 0.000866987917106599 0.000809754594229162 0.000877466169185936 0.00118231191299856 0.000721852469723672 0.000768267724197358 0.000644813291728497 0.000941645470447838 0.000818270782474428 0.000691412191372365 0.000858793908264488 0.000964304723311216 0.00106235116254538 0.00144279398955405 0.00105601805262268 0.00113493285607547
0.124784208834171 0.259477645158768 0.24432635307312 0.430090695619583 0.167784065008163 0.332888126373291 0.313640654087067 0.215128898620605 0.16313411295414 0.153665781021118 0.137511119246483 0.144609957933426 0.223143845796585 0.103813573718071 0.0658992901444435 0.015012021176517 0.0377102121710777 0.0190664567053318 0.0135544966906309 0.028983898460865 0.0764425545930862 0.0900974795222282 0.0324579291045666 0.0252947807312012 0.00268801394850016 0.00193219492211938 0.002652941737324 0.00125351548194885 0.00104240304790437 0.0011455153580755 0.000814736296888441 0.000891086296178401 0.00107728724833578 0.000577818427700549 0.000642041908577085 0.000727130565792322 0.000981738325208426 0.000917307974305004 0.000760879192966968 0.000889166141860187 0.00112276757135987 0.00158076453953981 0.00120765808969736 0.00154089531861246 0.00184992305003107
0.127161502838135 0.269020795822144 0.250003457069397 0.47794771194458 0.608063519001007 0.354046225547791 0.480560481548309 0.475845128297806 0.157720550894737 0.140827536582947 0.115500442683697 0.0311256144195795 0.0986606553196907 0.0940833538770676 0.066895104944706 0.0176377277821302 0.0243696682155132 0.0188851729035378 0.00557603547349572 0.00828276295214891 0.0870605558156967 0.0713422447443008 0.0258337128907442 0.0301401969045401 0.022742535918951 0.00231501087546349 0.0121778082102537 0.00149810325819999 0.00183183676563203 0.00156467035412788 0.00124354474246502 0.00093815807485953 0.00102723075542599 0.00102318206336349 0.000605177774559706 0.00082547398051247 0.000890454277396202 0.00129452662076801 0.001384167233482 0.00103849463630468 0.00140293664298952 0.00230976613238454 0.0024788579903543 0.0022205647546798 0.00275510712526739
0.270942538976669 0.288399070501328 0.485051810741425 0.45175838470459 0.655835151672363 0.681166887283325 0.234839513897896 0.533547639846802 0.461713492870331 0.239760994911194 0.234987199306488 0.0934789031744003 0.067613773047924 0.0517971143126488 0.0517218038439751 0.01425342541188 0.0105772344395518 0.00654734345152974 0.0108318589627743 0.00657635647803545 0.00983968563377857 0.0336360670626163 0.0295162368565798 0.0252359304577112 0.0294487662613392 0.0139507306739688 0.0198651384562254 0.0071350815705955 0.004843610804528 0.00547803193330765 0.00308370683342218 0.00150107301305979 0.00132549123372883 0.00210587936453521 0.000919272832106799 0.000821475696284324 0.00125248334370553 0.00184120226185769 0.00236927205696702 0.00226476835086942 0.00274122273549438 0.00314290332607925 0.00207306165248156 0.00202606641687453 0.00370284449309111
0.291417419910431 0.529086470603943 0.47575318813324 0.606454730033875 0.633254408836365 0.752048313617706 0.434313058853149 0.242440417408943 0.625309705734253 0.582371056079865 0.325159847736359 0.198036655783653 0.191347882151604 0.0852291882038116 0.0473581850528717 0.0131959803402424 0.0114906337112188 0.00797630939632654 0.00496998801827431 0.00184893340338022 0.00485204113647342 0.00446699792519212 0.0131040755659342 0.0149762835353613 0.0267168376594782 0.0182650424540043 0.0226341225206852 0.0416765697300434 0.00880237203091383 0.00612823152914643 0.00950795039534569 0.00204321090131998 0.00123783817980438 0.00196280446834862 0.00113078916911036 0.00122704834211618 0.00156747165601701 0.00275095785036683 0.00331826484762132 0.00325107923708856 0.00402464950457215 0.00528181297704577 0.00484169367700815 0.00442150281742215 0.00340296910144389
0.302106261253357 0.558759093284607 0.52489298582077 0.634686589241028 0.602183103561401 0.720561623573303 0.669126987457275 0.130395144224167 0.283449172973633 0.825661480426788 0.701608717441559 0.480771124362946 0.46234655380249 0.282445222139359 0.0607894100248814 0.0136407343670726 0.010250324383378 0.00588468229398131 0.00522208865731955 0.0020341684576124 0.00181109993718565 0.00137019471731037 0.00160758884157985 0.0195546317845583 0.0402613170444965 0.0186547227203846 0.020370788872242 0.0404321849346161 0.00996208842843771 0.00611579557880759 0.00607033958658576 0.00278891553170979 0.00208221399225295 0.00186235283035785 0.00276329484768212 0.00184873002581298 0.00203050021082163 0.00308505515567958 0.00397220673039556 0.00393085787072778 0.00204329821281135 0.00594188785180449 0.00414743740111589 0.00116799701936543 0.00186671921983361
0.582275867462158 0.591200590133667 0.755065619945526 0.780776083469391 0.616907358169556 0.702544152736664 0.851855516433716 0.499381512403488 0.258098155260086 0.578832447528839 0.813335776329041 0.505265712738037 0.480430841445923 0.26967191696167 0.0606354735791683 0.0127175496891141 0.00821679923683405 0.00505875330418348 0.00201217574067414 0.00271211680956185 0.00134152080863714 0.000739526120014489 0.000640199054032564 0.00912968348711729 0.03647780418396 0.0292366556823254 0.0424477532505989 0.0422813445329666 0.0351661406457424 0.0358106009662151 0.0110410135239363 0.00272312108427286 0.00203403737396002 0.00292955059558153 0.00550538348034024 0.00300164590589702 0.00250105489976704 0.00274636712856591 0.00482018943876028 0.00425549736246467 0.000963627884630114 0.000976584269665182 0.000620879814960063 0.00150925968773663 0.00112806935794652
0.583037853240967 0.789944231510162 0.743424832820892 0.77787572145462 0.717754423618317 0.683677554130554 0.843460738658905 0.783914804458618 0.332630038261414 0.784819841384888 0.848653614521027 0.785560011863708 0.544074296951294 0.331410855054855 0.119614914059639 0.0289696138352156 0.0198359340429306 0.00472583482041955 0.00203158310614526 0.00156879180576652 0.00102166773285717 0.000725368270650506 0.000472476036520675 0.00101800018455833 0.000286840629996732 0.0223321579396725 0.0486298575997353 0.0712195634841919 0.0616062171757221 0.0450197421014309 0.0136239659041166 0.00839529559016228 0.00304299243725836 0.00333830318413675 0.00665206043049693 0.00838902685791254 0.00438482454046607 0.00307091209106147 0.00115739868488163 0.000708902545738965 0.000702830380760133 0.000441862852312624 0.000481179566122591 0.000721062941011041 0.000662653066683561
-3.4e+38 0.790930807590485 0.852656841278076 0.792595505714417 0.786238968372345 0.699225306510925 0.704552710056305 0.76172548532486 0.381327539682388 0.575696647167206 0.823493003845215 0.68769496679306 0.619067668914795 0.516637623310089 0.179141074419022 0.0385374836623669 0.0144096231088042 0.0083139855414629 0.00227608298882842 0.00131138996221125 0.000922108651138842 0.000722486525774002 0.000659355369862169 0.000393158668885008 0.000938921410124749 0.0150200054049492 0.0372265130281448 0.0603908076882362 0.05930545181036 0.0609869621694088 0.0138202607631683 0.0102212522178888 0.00419515464454889 0.00418806960806251 0.00480147311463952 0.00846918113529682 0.00267269625328481 0.000455416506156325 0.000304584158584476 0.000402382022002712 0.000367381697287783 0.000327495945384726 0.000414020352764055 0.000716363720130175 0.000815507781226188
0.796942889690399 0.79290246963501 0.878793478012085 0.817761063575745 0.729740679264069 0.73911726474762 0.787823915481567 0.745036482810974 0.542837142944336 0.499941796064377 0.795811831951141 0.782441794872284 0.532907068729401 0.332889139652252 0.216376975178719 0.0285907238721848 0.0151163376867771 0.00800824258476496 0.00486943311989307 0.00147378805559129 0.00137960340362042 0.00181224837433547 0.00187080260366201 0.000401252269512042 4.09384228987619e-05 0.00251579028554261 0.0190555155277252 0.0219536684453487 0.0484654270112514 0.0542070232331753 0.0144189046695828 0.0113583849743009 0.0131050292402506 0.00793751142919064 0.00583441136404872 0.000946851796470582 0.000303245586110279 0.000309540395392105 0.00027503797900863 0.00030108229839243 0.00027313843020238 0.000292930810246617 0.000482214352814481 0.00112670112866908 0.0007741634035483
0.799414396286011 0.88666433095932 0.904103398323059 0.88535612821579 0.799453675746918 0.820280790328979 0.647648990154266 0.531657695770264 0.649857878684998 0.360962480306625 0.726520121097565 0.700106382369995 0.599947094917297 0.400166898965836 0.144101619720459 0.0603170841932297 0.0176987685263157 0.00780996773391962 0.00371411349624395 0.00314595922827721 0.00257799564860761 0.00177866197191179 0.00209911144338548 0.00133851962164044 5.61285123694688e-05 6.24167078058235e-05 0.000105576182249933 0.000287813949398696 0.021417286247015 0.0523878037929535 0.0231355428695679 0.0220133438706398 0.0204029195010662 0.0227509401738644 0.00553648173809052 0.000672504189424217 0.000202211347641423 0.000245846254983917 0.00030945026082918 0.000260143919149414 0.000391107052564621 0.000632499461062253 0.000714806723408401 0.00102275819517672 0.00105389091186225
0.867166936397552 0.877286732196808 0.903618514537811 0.933928966522217 0.905525803565979 0.859466552734375 0.88581657409668 0.571145296096802 0.521516978740692 0.427080690860748 0.767815291881561 0.687839925289154 0.517322242259979 0.493737459182739 0.346836358308792 0.172270983457565 0.0560541786253452 0.00833127740770578 0.00411466741934419 0.00327472132630646 0.00207927008159459 0.00161462766118348 0.00189168646465987 0.00201219948939979 0.00147021654993296 5.33872516825795e-05 6.10387942288071e-05 0.000114314643724356 0.000425386184360832 0.00484418170526624 0.00923729501664639 0.00330195552669466 0.00220883451402187 0.00432958453893661 0.00377142452634871 0.000776308414060622 0.00022062475909479 0.000233070037211291 0.000311622658045962 0.000264825735939667 0.000495966291055083 0.000504132767673582 0.000752538093365729 0.00130324473138899 0.00111950724385679
0.875462234020233 0.872946679592133 0.908824622631073 0.880618631839752 0.960774302482605 0.936306715011597 0.90256279706955 0.650352537631989 0.535872280597687 0.495406955480576 0.649678289890289 0.740211486816406 0.466599076986313 0.680505573749542 0.358301430940628 0.209372997283936 0.136457353830338 0.015083628706634 0.00463653728365898 0.00272612064145505 0.00242684944532812 0.00256900698877871 0.0018205918604508 0.0040446138009429 0.00501303235068917 0.000178502115886658 0.000136807720991783 0.000200984708499163 0.0019709188491106 0.00280548213049769 0.00168586045037955 0.00168124376796186 0.000962715654168278 0.00161812757141888 0.00266901426948607 0.00202192272990942 0.000298647908493876 0.000195106869796291 0.000332245632307604 0.000300049578072503 0.000711116939783096 0.000807039439678192 0.00122167286463082 0.00112045207060874 0.0014462920371443
0.870182931423187 0.899849474430084 0.924289226531982 0.85871559381485 0.897977948188782 0.950142025947571 0.740143060684204 0.661837458610535 0.55076938867569 0.535925924777985 0.571212947368622 0.652767658233643 0.373430877923965 0.610785484313965 0.355389952659607 0.32313460111618 0.249203473329544 0.0278148986399174 0.00681219715625048 0.00308251101523638 0.00210715504363179 0.00198452407494187 0.00213163858279586 0.00383891095407307 0.0138821341097355 0.00940791424363852 0.00489246007055044 0.00888844579458237 0.00916019640862942 0.000782463932409883 0.000961927813477814 0.00097867613658309 0.000744107121136039 0.00153195229358971 0.00266000162810087 0.00244241254404187 0.000376667128875852 0.000387453066650778 0.000389309978345409 0.000596725149080157 0.000893370423000306 0.00124022143427283 0.00158393965102732 0.00159780879039317 0.00154904800001532
0.898352861404419 0.898487746715546 0.929216206073761 0.904030084609985 0.899909317493439 0.843990623950958 0.76044088602066 0.676626205444336 0.513371765613556 0.764019131660461 0.73842716217041 0.514902949333191 0.436804592609406 0.436101824045181 0.223297446966171 0.284175187349319 0.206253558397293 0.0166295319795609 0.00705023529008031 0.00433192029595375 0.00195547193288803 0.00216929195448756 0.00267560710199177 0.00413588294759393 0.00504789967089891 0.0100411912426353 0.0289930962026119 0.0213670264929533 0.0138520020991564 0.0105150463059545 0.000595964083913714 0.000800778681878 0.000784761505201459 0.00237195286899805 0.00516629032790661 0.00161021237727255 0.000722124939784408 0.000540295382961631 0.000462999916635454 0.000666891748551279 0.00126253115013242 0.00158865877892822 0.00256656459532678 0.00263689458370209 0.00160507822874933
