data/climate_estimation/maxent_output/Wurmbea_dilatata.asc
NCOLS 23 
NROWS 44 
XLLCORNER 114.083333333333 
YLLCORNER -30.75 
CELLSIZE 0.0833333333333335 
NODATA_value -3.4e+38 
0.616126060485840 0.571310758590698 0.858745992183685 0.740736782550812 0.694145858287811 0.517108738422394 0.16585747897625 0.104652084410191 0.0842239856719971 0.0558492317795753 0.0481050051748753 0.0323627777397633 0.0243959538638592 0.015488619916141 0.0130799990147352 0.00756656285375357 0.00603166129440069 0.00428986037150025 0.00637160707265139 0.00483671110123396 0.00352566479705274 0.00470881210640073 0.00346024706959724
0.617564499378204 0.933466553688049 0.920602023601532 0.865699589252472 0.788724660873413 0.596641719341278 0.49919530749321 0.388929277658463 0.0977186858654022 0.0716080069541931 0.0538977831602097 0.038027610629797 0.0243101287633181 0.0193436462432146 0.0142922513186932 0.00984728150069714 0.00792432390153408 0.00495483726263046 0.00812172703444958 0.00591302663087845 0.00494396220892668 0.00379099068231881 0.00357026676647365
0.939456224441528 0.933310210704803 0.924621522426605 0.905919134616852 0.871522903442383 0.71323561668396 0.643842875957489 0.436922550201416 0.125720083713531 0.0961212739348412 0.0625152066349983 0.0442588068544865 0.0345352739095688 0.0207584518939257 0.0162641815841198 0.0131466286256909 0.0079635176807642 0.00626589031890035 0.00760068045929074 0.00694866478443146 0.00616930006071925 0.00448518386110663 0.00450830301269889
0.943712770938873 0.927045226097107 0.926848769187927 0.934946835041046 0.921358346939087 0.808581411838531 0.716088891029358 0.620171248912811 0.249188721179962 0.212441116571426 0.154291570186615 0.0499274209141731 0.0667036548256874 0.0493952669203281 0.0225801542401314 0.0130704883486032 0.00991412438452244 0.00664845574647188 0.00946570187807083 0.00684203114360571 0.00726613681763411 0.00532569410279393 0.00373122817836702
0.936643064022064 0.926485896110535 0.936605215072632 0.942389070987701 0.921688139438629 0.971739232540131 0.94684374332428 0.851849675178528 0.736758530139923 0.241416573524475 0.177746325731277 0.120454043149948 0.0820532664656639 0.0529772378504276 0.0394878275692463 0.0253928024321795 0.0191041585057974 0.0141258286312222 0.0103145046159625 0.00764399766921997 0.00727049633860588 0.00658553559333086 0.00478877453133464
0.912421107292175 0.898503363132477 0.94356769323349 0.991553366184235 0.991383254528046 0.974416077136993 0.977201402187347 0.925695776939392 0.861641347408295 0.750638902187347 0.234575256705284 0.159875452518463 0.114300079643726 0.0647934004664421 0.0450773425400257 0.0318466350436211 0.0265474729239941 0.0158241391181946 0.0127152903005481 0.010036482475698 0.0090529341250658 0.0056532034650445 0.00447826646268368
0.907260000705719 0.922673881053925 0.988772213459015 0.9835165143013 0.985123515129089 0.977442800998688 0.961543142795563 0.952832996845245 0.914092361927032 0.80970174074173 0.656359791755676 0.181630924344063 0.131744265556335 0.0918697491288185 0.0524653606116772 0.0345049910247326 0.0277948994189501 0.0257643349468708 0.0163210593163967 0.0121979266405106 0.0112615991383791 0.00720416428521276 0.00554952723905444
0.891191601753235 0.879086136817932 0.966293036937714 0.965972781181335 0.980384290218353 0.971486151218414 0.963854670524597 0.961924433708191 0.949419319629669 0.89599347114563 0.79339075088501 0.232914432883263 0.180417910218239 0.135627299547195 0.0895879790186882 0.0515035092830658 0.0374622792005539 0.0279159732162952 0.0204699542373419 0.0136536797508597 0.0103842848911881 0.010804527439177 0.00556082557886839
0.921744108200073 0.945949733257294 0.948935806751251 0.933248221874237 0.957584619522095 0.987245976924896 0.989571750164032 0.963904201984406 0.962108075618744 0.974018335342407 0.916824758052826 0.792762219905853 0.241962298750877 0.154703080654144 0.102161087095737 0.0743453651666641 0.052430160343647 0.0294467285275459 0.0249143689870834 0.0167945772409439 0.011123476549983 0.0101669151335955 0.00681683700531721
0.877224385738373 0.875979125499725 0.909723818302155 0.960306465625763 0.955617308616638 0.983055114746094 0.991156041622162 0.990902721881866 0.984726369380951 0.983130276203156 0.965048789978027 0.890724301338196 0.271938383579254 0.198570683598518 0.12584425508976 0.085546649992466 0.0554186664521694 0.0389403142035007 0.0237955693155527 0.0185883603990078 0.014771468937397 0.00883469730615616 0.00856871530413628
0.880509674549103 0.856542229652405 0.926688075065613 0.92488020658493 0.939647018909454 0.953950643539429 0.975868582725525 0.97678017616272 0.974520325660706 0.983815908432007 0.969707787036896 0.92732959985733 0.356442391872406 0.23778535425663 0.131266355514526 0.0984747111797333 0.0604135952889919 0.0416601523756981 0.0311466865241528 0.0214517544955015 0.0136369839310646 0.0115522388368845 0.00764900632202625
0.858251273632050 0.829214870929718 0.896362364292145 0.901346862316132 0.925145924091339 0.934905886650085 0.95439612865448 0.964808285236359 0.966607093811035 0.964078545570374 0.976670384407043 0.959103941917419 0.868469178676605 0.251067638397217 0.183609127998352 0.110906846821308 0.068915419280529 0.0445205718278885 0.0311119221150875 0.0201126597821712 0.0171835348010063 0.0116395661607385 0.00800969358533621
0.967154026031494 0.971223115921021 0.881955802440643 0.90872323513031 0.909915804862976 0.931753635406494 0.934964418411255 0.947793662548065 0.950339257717133 0.96567314863205 0.968565225601196 0.955644190311432 0.937601029872894 0.766640067100525 0.230429485440254 0.137816742062569 0.0833802074193954 0.0555417388677597 0.0411928482353687 0.0287103690207005 0.0160287078469992 0.011879158206284 0.0090862987563014
-3.4e+38 0.961785912513733 0.828774213790894 0.857592880725861 0.901074051856995 0.89169043302536 0.879103243350983 0.914860010147095 0.92843896150589 0.9579838514328 0.953273355960846 0.962734639644623 0.93400913476944 0.815713047981262 0.255674719810486 0.162808761000633 0.0895941779017448 0.0553913526237011 0.0383951403200626 0.0244824215769768 0.0196674168109894 0.0134072424843907 0.00909035466611385
-3.4e+38 -3.4e+38 0.835748314857483 0.80457216501236 0.898628056049347 0.926823914051056 0.911241114139557 0.878633797168732 0.87519907951355 0.937743186950684 0.951966226100922 0.951324760913849 0.949820816516876 0.932334661483765 0.274892210960388 0.174209386110306 0.110743097960949 0.0621977038681507 0.0353506281971931 0.0260213315486908 0.0194866862148046 0.0153263052925467 0.0100328242406249
-3.4e+38 -3.4e+38 -3.4e+38 0.804481208324432 0.812721252441406 0.876581072807312 0.899575054645538 0.890494704246521 0.89460164308548 0.918561100959778 0.937793672084808 0.935070812702179 0.953990697860718 0.923629939556122 0.757623434066772 0.200413227081299 0.117894493043423 0.0705924332141876 0.0455674715340137 0.0261615179479122 0.0178950391709805 0.0145531604066491 0.0114274034276605
-3.4e+38 -3.4e+38 -3.4e+38 -3.4e+38 0.789069771766663 0.883319318294525 0.879251956939697 0.841914534568787 0.912746787071228 0.894450783729553 0.900459408760071 0.946963489055634 0.958930313587189 0.929663836956024 0.861528635025024 0.239271178841591 0.130662977695465 0.0745608508586884 0.0424699261784554 0.0281059257686138 0.0217076484113932 0.0174482222646475 0.0114708887413144
-3.4e+38 -3.4e+38 -3.4e+38 -3.4e+38 -3.4e+38 0.796310722827911 0.861834108829498 0.836847722530365 0.879277050495148 0.890667080879211 0.899645864963531 0.936112880706787 0.970963895320892 0.94431734085083 0.881180047988892 0.700304806232452 0.148867040872574 0.0799125805497169 0.0495802909135818 0.034884013235569 0.0188887361437082 0.0152145996689796 0.0108006037771702
-3.4e+38 -3.4e+38 -3.4e+38 -3.4e+38 -3.4e+38 0.788862645626068 0.837786376476288 0.825740814208984 0.853036522865295 0.900369048118591 0.866994678974152 0.936435401439667 0.940841734409332 0.95399022102356 0.890747845172882 0.802838981151581 0.523077785968781 0.0940282642841339 0.0576292686164379 0.0331017449498177 0.0193584095686674 0.0155078442767262 0.0116537790745497
-3.4e+38 -3.4e+38 -3.4e+38 -3.4e+38 -3.4e+38 -3.4e+38 0.717531263828278 0.825657784938812 0.833381831645966 0.794536888599396 0.818935096263885 0.94171142578125 0.933343887329102 0.932103276252747 0.922130942344666 0.826699078083038 0.61558210849762 0.411482065916061 0.252111196517944 0.146987438201904 0.0844339057803154 0.0594410710036755 0.0124940741807222
-3.4e+38 -3.4e+38 -3.4e+38 -3.4e+38 -3.4e+38 0.956632733345032 0.967779040336609 0.986431658267975 0.841768324375153 0.854429721832275 0.829411625862122 0.921684265136719 0.933443963527679 0.925253570079803 0.913445711135864 0.873686671257019 0.735687792301178 0.537164270877838 0.324981659650803 0.203525260090828 0.128293350338936 0.0761828646063805 0.0187015477567911
-3.4e+38 -3.4e+38 -3.4e+38 -3.4e+38 -3.4e+38 -3.4e+38 0.965229988098145 0.981848537921906 0.993169248104095 0.984188556671143 0.89509105682373 0.887310206890106 0.900207698345184 0.934410154819489 0.932704031467438 0.855519413948059 0.77252721786499 0.618130207061768 0.423111647367477 0.316322207450867 0.2025016695261 0.120705142617226 0.0850432217121124
-339999999999999996123846586046231871488.000000000000000 -3.4e+38 -3.4e+38 -3.4e+38 -3.4e+38 -3.4e+38 -3.4e+38 0.980369091033936 0.992445290088654 0.991857886314392 0.962803483009338 0.816491901874542 0.887651681900024 0.913376569747925 0.921779274940491 0.92700332403183 0.823103249073029 0.768465220928192 0.582080006599426 0.380475282669067 0.258485913276672 0.178053259849548 0.105838619172573
-3.4e+38 -3.4e+38 -3.4e+38 -3.4e+38 -3.4e+38 -3.4e+38 -3.4e+38 -3.4e+38 0.993622124195099 0.993952512741089 0.991461098194122 0.913885772228241 0.916998386383057 0.913708090782166 0.938051164150238 0.914551973342896 0.861072540283203 0.754454731941223 0.66344541311264 0.476918041706085 0.351318508386612 0.203106880187988 0.133149281144142
-3.4e+38 -3.4e+38 -3.4e+38 -3.4e+38 -3.4e+38 -3.4e+38 -3.4e+38 -3.4e+38 -3.4e+38 0.994162440299988 0.995680093765259 0.995912492275238 0.897735297679901 0.946573972702026 0.952564239501953 0.934978544712067 0.821641087532043 0.746370494365692 0.711141467094421 0.56948983669281 0.350748300552368 0.203491196036339 0.122972697019577
-3.4e+38 -3.4e+38 -3.4e+38 -3.4e+38 -3.4e+38 -3.4e+38 -3.4e+38 -3.4e+38 -3.4e+38 0.994991779327393 0.994492411613464 0.997262239456177 0.966538190841675 0.9657261967659 0.953868567943573 0.924382209777832 0.870003342628479 0.780941367149353 0.715399146080017 0.569199204444885 0.391925126314163 0.23930861055851 0.150183096528053
-3.4e+38 -3.4e+38 -3.4e+38 -3.4e+38 -3.4e+38 -3.4e+38 -3.4e+38 -3.4e+38 -3.4e+38 0.994790196418762 0.994409263134003 0.995669364929199 0.970316886901855 0.977506518363953 0.950379192829132 0.908961415290833 0.852339029312134 0.776561081409454 0.712497472763062 0.555955767631531 0.373900175094604 0.28072789311409 0.191868409514427
-3.4e+38 -3.4e+38 -3.4e+38 -3.4e+38 -3.4e+38 -3.4e+38 -3.4e+38 -3.4e+38 -3.4e+38 -3.4e+38 0.995702683925629 0.995788872241974 0.998107850551605 0.928741812705994 0.916235864162445 0.891817271709442 0.872565627098083 0.813167929649353 0.719419360160828 0.605334281921387 0.497316300868988 0.321548283100128 0.216114431619644
-3.4e+38 -3.4e+38 -3.4e+38 -3.4e+38 -3.4e+38 -3.4e+38 -3.4e+38 -3.4e+38 -3.4e+38 -3.4e+38 0.994730591773987 0.995805680751801 0.996821522712708 0.949179887771606 0.891901195049286 0.882157862186432 0.874566316604614 0.835265517234802 0.732638359069824 0.639119327068329 0.520808637142181 0.339729696512222 0.242203325033188
-3.4e+38 -3.4e+38 -3.4e+38 -3.4e+38 -3.4e+38 -3.4e+38 -3.4e+38 -3.4e+38 -3.4e+38 -3.4e+38 0.993012607097626 0.993747591972351 0.996370434761047 0.952579081058502 0.91106379032135 0.870380818843842 0.849992036819458 0.827340602874756 0.753585696220398 0.689096510410309 0.595834970474243 0.417007476091385 0.293037503957748
-3.4e+38 -3.4e+38 -3.4e+38 -3.4e+38 -3.4e+38 -3.4e+38 -3.4e+38 -3.4e+38 -3.4e+38 -3.4e+38 0.988856554031372 0.991224884986877 0.993641495704651 0.990886032581329 0.860622882843018 0.837753891944885 0.828824520111084 0.824032545089722 0.780364513397217 0.710943758487701 0.629361867904663 0.480266809463501 0.366535991430283
-3.4e+38 -3.4e+38 -3.4e+38 -3.4e+38 -3.4e+38 -3.4e+38 -3.4e+38 -3.4e+38 -3.4e+38 -3.4e+38 0.983528971672058 0.984357178211212 0.991147577762604 0.987432897090912 0.96590930223465 0.809076070785522 0.77145129442215 0.808029770851135 0.771406233310699 0.772426903247833 0.674201011657715 0.599582612514496 0.453605324029922
-3.4e+38 -3.4e+38 -3.4e+38 -3.4e+38 -3.4e+38 -3.4e+38 -3.4e+38 -3.4e+38 -3.4e+38 -3.4e+38 0.985375463962555 0.984746515750885 0.988889634609222 0.983687460422516 0.953700959682465 0.813939988613129 0.775034964084625 0.740219056606293 0.766168653964996 0.786139726638794 0.775692045688629 0.659958243370056 0.599982261657715
-339999999999999996123846586046231871488.000000000000000 -3.4e+38 -3.4e+38 -3.4e+38 -3.4e+38 -3.4e+38 -3.4e+38 -3.4e+38 -3.4e+38 -3.4e+38 0.967273533344269 0.982018172740936 0.982916831970215 0.981047928333282 0.958339512348175 0.759920597076416 0.739952087402344 0.720125198364258 0.75355190038681 0.753103792667389 0.762390375137329 0.717692732810974 0.63922506570816
-3.4e+38 -3.4e+38 -3.4e+38 -3.4e+38 -3.4e+38 -3.4e+38 -3.4e+38 -3.4e+38 -3.4e+38 -3.4e+38 0.924639225006104 0.96499115228653 0.973692834377289 0.969195485115051 0.910707294940948 0.68221253156662 0.622906684875488 0.680406212806702 0.662652313709259 0.71079295873642 0.783118605613708 0.767112255096436 0.70380574464798
-3.4e+38 -3.4e+38 -3.4e+38 -3.4e+38 -3.4e+38 -3.4e+38 -3.4e+38 -3.4e+38 -3.4e+38 -3.4e+38 0.853600025177002 0.912961781024933 0.698688387870789 0.918772101402283 0.875509440898895 0.584409177303314 0.576092064380646 0.525009393692017 0.584225594997406 0.691897451877594 0.760038018226624 0.809112131595612 0.773316085338593
-3.4e+38 -3.4e+38 -3.4e+38 -3.4e+38 -3.4e+38 -3.4e+38 -3.4e+38 -3.4e+38 -3.4e+38 -3.4e+38 0.365260601043701 0.510061025619507 0.489777833223343 0.505430400371552 0.554990947246552 0.507220983505249 0.502197861671448 0.433681458234787 0.45789822936058 0.601237058639526 0.663749635219574 0.801402449607849 0.795151054859161
-3.4e+38 -3.4e+38 -3.4e+38 -3.4e+38 -3.4e+38 -3.4e+38 -3.4e+38 -3.4e+38 -3.4e+38 -3.4e+38 0.262333422899246 0.287474483251572 0.391625285148621 0.457299560308456 0.564240992069244 0.544569373130798 0.457913994789124 0.454028189182281 0.435043662786484 0.493938714265823 0.617594718933105 0.730565667152405 0.774701118469238
-3.4e+38 -3.4e+38 -3.4e+38 -3.4e+38 -3.4e+38 -3.4e+38 -3.4e+38 -3.4e+38 -3.4e+38 -3.4e+38 -3.4e+38 0.217554286122322 0.322112023830414 0.442768752574921 0.553828358650208 0.530689656734467 0.491373121738434 0.463654816150665 0.370482057332993 0.376188516616821 0.548924326896667 0.701238691806793 0.714743912220001
-3.4e+38 -3.4e+38 -3.4e+38 -3.4e+38 -3.4e+38 -3.4e+38 -3.4e+38 -3.4e+38 -3.4e+38 -3.4e+38 -3.4e+38 0.183004051446915 0.25802606344223 0.340566158294678 0.372074365615845 0.719131648540497 0.768654823303223 0.723664581775665 0.305407077074051 0.40689018368721 0.531634032726288 0.64636904001236 0.769734799861908
-3.4e+38 -3.4e+38 -3.4e+38 -3.4e+38 -3.4e+38 -3.4e+38 -3.4e+38 -3.4e+38 -3.4e+38 -3.4e+38 -3.4e+38 0.155356258153915 0.237247422337532 0.297039389610291 0.711623966693878 0.74723356962204 0.711002051830292 0.730638384819031 0.357945024967194 0.423442006111145 0.632607460021973 0.660878658294678 0.687906265258789
-3.4e+38 -3.4e+38 -3.4e+38 -3.4e+38 -3.4e+38 -3.4e+38 -3.4e+38 -3.4e+38 -3.4e+38 -3.4e+38 -3.4e+38 0.294596493244171 0.408732503652573 0.541058361530304 0.685026407241821 0.756583154201508 0.803986191749573 0.81417179107666 0.749427855014801 0.420518338680267 0.476562738418579 0.598400890827179 0.730902314186096
-3.4e+38 -3.4e+38 -3.4e+38 -3.4e+38 -3.4e+38 -3.4e+38 -3.4e+38 -3.4e+38 -3.4e+38 -3.4e+38 -3.4e+38 -3.4e+38 0.364881157875061 0.448413908481598 0.595994651317596 0.72880095243454 0.82276862859726 0.81731790304184 0.783076047897339 0.821797847747803 0.505893349647522 0.57449746131897 0.761681973934174
-3.4e+38 -3.4e+38 -3.4e+38 -3.4e+38 -3.4e+38 -3.4e+38 -3.4e+38 -3.4e+38 -3.4e+38 -3.4e+38 -3.4e+38 -3.4e+38 0.347423553466797 0.358620345592499 0.512019753456116 0.657277882099152 0.809705436229706 0.892765939235687 0.859760105609894 0.852744400501251 0.836472690105438 0.540198802947998 0.665322780609131
