data/climate_estimation/maxent_output/Wurmbea_centralis.asc
NCOLS 304 
NROWS 158 
XLLCORNER 122 
YLLCORNER -38.0833333333333 
CELLSIZE 0.0833333333333334 
NODATA_value -3.4e+38 
[rows 20 to 39 of 158, columns 184 to 229 of 304]
0.0370810702443123 0.0350504964590073 0.0207286030054092 0.0188112389296293 0.0186274070292711 0.0180857311934233 0.0167318303138018 0.0263608191162348 0.0105028804391623 0.0244887247681618 0.00524143362417817 0.00494970940053463 0.00814879592508078 0.0077394163236022 0.00709011871367693 0.00713512301445007 0.00658332742750645 0.0061260131187737 0.00614514527842402 0.00571843236684799 0.00571843236684799 0.00578598445281386 0.00572360539808869 0.0157031789422035 0.0157595872879028 0.0168850999325514 0.00994802638888359 0.00942532625049353 0.0100087719038129 0.0100177796557546 0.00999077688902617 0.00970120634883642 0.00991320610046387 0.0100993765518069 0.0100993765518069 0.00969325192272663 0.0244346093386412 0.0238147340714931 0.0210159495472908 0.0210347659885883 0.0210678000003099 0.0211681984364986 0.0207723751664162 0.0209415275603533 0.0370529592037201 0.0374149456620216
0.021703714504838 0.0202852226793766 0.0206538122147322 0.0192421358078718 0.0190303307026625 0.0182107742875814 0.0168379042297602 0.0153933363035321 0.0246432553976774 0.0245443508028984 0.0134788937866688 0.00492727942764759 0.00820907577872276 0.00756903830915689 0.00715335924178362 0.00653804186731577 0.00601279875263572 0.00597958406433463 0.00566836632788181 0.0058436538092792 0.00576678337529302 0.00592837575823069 0.00580690102651715 0.0143798338249326 0.015805572271347 0.0159672517329454 0.0154354851692915 0.00919848587363958 0.00999706331640482 0.0100240744650364 0.00991824269294739 0.0099011966958642 0.00998089555650949 0.0100258458405733 0.00973552651703358 0.0106065338477492 0.026364590972662 0.0241502448916435 0.0229008197784424 0.0231069959700108 0.0222420208156109 0.0231130216270685 0.0228449162095785 0.0231819823384285 0.0371852554380894 0.0920078158378601
0.0220687482506037 0.0204584710299969 0.0204179249703884 0.019725913181901 0.0177530962973833 0.0177530962973833 0.0167671479284763 0.0152316521853209 0.0262639112770557 0.0141568053513765 0.013659605756402 0.012721162289381 0.0116669051349163 0.00710413372144103 0.00684293685480952 0.00638018269091845 0.005803975276649 0.00550405029207468 0.00506378617137671 0.00509605929255486 0.00522212823852897 0.00516578508540988 0.0138145629316568 0.0084849763661623 0.0141999591141939 0.015137922950089 0.0156173007562757 0.00924845971167088 0.00997011177241802 0.00991555955260992 0.009943219833076 0.00977126229554415 0.0107806837186217 0.0107806837186217 0.010326880030334 0.0260020084679127 0.026093564927578 0.0253101196140051 0.0256064403802156 0.0263690464198589 0.0248385705053806 0.0249192751944065 0.0237582065165043 0.0232027880847454 0.0403304249048233 0.0918584614992142
0.0220260340720415 0.0206958074122667 0.0202764719724655 0.0193434786051512 0.0180817730724812 0.0179107207804918 0.0163395702838898 0.0152040719985962 0.0150945074856281 0.013978460803628 0.0132616395130754 0.0122410738840699 0.0113270152360201 0.0187118630856276 0.00698975427076221 0.00587291037663817 0.00533880572766066 0.00512901274487376 0.00517570925876498 0.00472388928756118 0.00505190249532461 0.00510234944522381 0.0129438079893589 0.0138997491449118 0.0141290128231049 0.0150821199640632 0.0153148947283626 0.00915015116333961 0.00997909903526306 0.0100422063842416 0.00982665084302425 0.0104492986574769 0.0104492986574769 0.0263247955590487 0.0258626975119114 0.0254941489547491 0.0264849252998829 0.0250165779143572 0.0249492302536964 0.0255835484713316 0.0252425856888294 0.025550689548254 0.0256324745714664 0.0248242318630219 0.0942565575242043 0.0952121019363403
0.0214667432010174 0.0202399957925081 0.0202399957925081 0.0184504464268684 0.0183506272733212 0.0180080588907003 0.0161114875227213 0.0166662782430649 0.0153406811878085 0.0143499476835132 0.0131659470498562 0.0122189354151487 0.0112363435328007 0.0104927141219378 0.016821064054966 0.00573814148083329 0.00536312349140644 0.00510707730427384 0.00467395642772317 0.00455853529274464 0.00458139460533857 0.0125641170889139 0.012723084539175 0.0140655543655157 0.0137196648865938 0.0148571068421006 0.0147236902266741 0.00878057349473238 0.00994612742215395 0.00961967278271914 0.0102728800848126 0.0259693339467049 0.0269304439425468 0.0263719446957111 0.0280892997980118 0.0280375685542822 0.0280125215649605 0.0280375685542822 0.0274788346141577 0.0275085102766752 0.0279037170112133 0.0265240371227264 0.0254502464085817 0.0254041310399771 0.101431973278522 0.0946702361106873
0.052630603313446 0.0522583574056625 0.0493294633924961 0.0198781676590443 0.0182589925825596 0.017676830291748 0.0178460646420717 0.016289010643959 0.0149224521592259 0.0139229753986001 0.0130053758621216 0.0122300004586577 0.0110389729961753 0.0103447223082185 0.0169110596179962 0.0144244357943535 0.00550890434533358 0.00505143590271473 0.00420979456976056 0.0044519854709506 0.0114318542182446 0.0124398935586214 0.0124398935586214 0.00816570408642292 0.0136725995689631 0.00901383440941572 0.00869402475655079 0.0093905758112669 0.00976855959743261 0.0244688354432583 0.0262497421354055 0.0257606189697981 0.0262967143207788 0.027852613478899 0.0272552184760571 0.0276977475732565 0.0276235938072205 0.0285169053822756 0.0283758491277695 0.02802424877882 0.0263124667108059 0.0266165919601917 0.0436994135379791 0.0990189909934998 0.102809146046638 0.0934519320726395
0.0495905950665474 0.0523977056145668 0.0493294633924961 0.0493294633924961 0.0450268685817719 0.0439181998372078 0.0439573600888252 0.0406019911170006 0.0148819359019399 0.0140369990840554 0.0142158847302198 0.0127972019836307 0.0120020918548107 0.010043079033494 0.00978792924433947 0.0151913082227111 0.0143402554094791 0.0121709061786532 0.0109323626384139 0.0111675783991814 0.0121883433312178 0.0119630536064506 0.0128756631165743 0.0134322075173259 0.0138291362673044 0.0209549088031054 0.00947589986026287 0.0238690674304962 0.0237844344228506 0.0261560026556253 0.0261326096951962 0.0261326096951962 0.0280262418091297 0.0279760882258415 0.0274397637695074 0.0270743295550346 0.0295444931834936 0.0300752427428961 0.0291250552982092 0.0281350295990705 0.0278541781008244 0.045430276542902 0.106493808329105 0.104357808828354 0.0983734279870987 0.0977839455008507
0.0490848608314991 0.0505208000540733 0.0482393316924572 0.0491981469094753 0.044605728238821 0.0441309474408627 0.0442322790622711 0.0406019911170006 0.0407433286309242 0.0373235829174519 0.0137023255228996 0.0126263005658984 0.0117922844365239 0.0109979622066021 0.0101698795333505 0.00996676832437515 0.0152637278661132 0.0129359010607004 0.0127818128094077 0.0117208063602448 0.0115309525281191 0.0124217662960291 0.0130305867642164 0.0345942191779613 0.0220617931336164 0.0213661100715399 0.0235495455563068 0.0240193735808134 0.0258208140730858 0.026215448975563 0.0257506407797337 0.0272828470915556 0.0274389944970608 0.0275867711752653 0.0299270935356617 0.0294755026698112 0.0294127557426691 0.0293339416384697 0.0284116137772799 0.0466715097427368 0.0475732125341892 0.114170841872692 0.103144496679306 0.104698158800602 0.0945013165473938 0.0946966856718063
0.0485148020088673 0.0487751476466656 0.0491054095327854 0.048002514988184 0.0450845323503017 0.0473688207566738 0.0431593768298626 0.0431607738137245 0.0397888273000717 0.0368410088121891 0.0340393222868443 0.0336184650659561 0.0316340550780296 0.0119742518290877 0.0111368764191866 0.0100593445822597 0.00896863639354706 0.00815429724752903 0.0139627065509558 0.0122920069843531 0.0191146340221167 0.032330509275198 0.0327989794313908 0.0356000848114491 0.0210685413330793 0.0230760630220175 0.023676935583353 0.0253115631639957 0.0258208140730858 0.0259589739143848 0.0269611589610577 0.0268301293253899 0.0266006402671337 0.0291709396988153 0.0290142372250557 0.0286430884152651 0.0287353750318289 0.0299936067312956 0.0303183477371931 0.0309279058128595 0.0754715800285339 0.111759372055531 0.112308897078037 0.0996770709753036 0.215296745300293 0.210050702095032
0.0491240061819553 0.044893953949213 0.0508354119956493 0.0474920831620693 0.0465231388807297 0.0455232076346874 0.0455675572156906 0.0411958061158657 0.0389950573444366 0.0398956090211868 0.0353152491152287 0.032674215734005 0.0299987029284239 0.0285165533423424 0.0286084953695536 0.0261168722063303 0.0242749340832233 0.0222554206848145 0.0220233350992203 0.020179120823741 0.0197011213749647 0.0339715853333473 0.0194217171519995 0.021963668987155 0.0227956045418978 0.0230342485010624 0.0244044326245785 0.0248739905655384 0.0274656340479851 0.0274479780346155 0.0268887411803007 0.0264101047068834 0.0287297014147043 0.029040215536952 0.0289882756769657 0.0762669816613197 0.0768536776304245 0.0759132727980614 0.0786426365375519 0.126176550984383 0.122064597904682 0.114388927817345 0.107768073678017 0.24074524641037 0.228702157735825 0.217635229229927
0.0915867388248444 0.102499209344387 0.0460283607244492 0.0949558541178703 0.047488234937191 0.0452397391200066 0.0444583334028721 0.0436234250664711 0.041454654186964 0.0388877205550671 0.0356970876455307 0.0355694405734539 0.0330279320478439 0.0308752097189426 0.0289813410490751 0.0287863928824663 0.025671411305666 0.0262346845120192 0.024230295792222 0.0220233350992203 0.0217892825603485 0.0216914303600788 0.0218648817390203 0.0219667721539736 0.0234750360250473 0.0250038541853428 0.0251208860427141 0.0272931084036827 0.0263729020953178 0.0264436695724726 0.0280023049563169 0.0695518106222153 0.0698580592870712 0.0752078667283058 0.0689223185181618 0.0754538998007774 0.0757176354527473 0.0768834203481674 0.078019492328167 0.13137012720108 0.111202992498875 0.113500036299229 0.113014034926891 0.105661816895008 0.107932008802891 0.106638260185719
0.09246476739645 0.10311945527792 0.110612086951733 0.108385227620602 0.114944376051426 0.114354155957699 0.105962604284286 0.105053022503853 0.102628819644451 0.100257813930511 0.0931413993239403 0.0386431887745857 0.0357610508799553 0.0327623561024666 0.0314139276742935 0.0302629843354225 0.0270256213843822 0.0255458895117044 0.0248527210205793 0.0232531763613224 0.0233190134167671 0.023337310180068 0.0234750360250473 0.0242086835205555 0.0245721321552992 0.0267936997115612 0.0261370036751032 0.0261370036751032 0.0653885751962662 0.0705973356962204 0.0726438760757446 0.0722628608345985 0.0745149031281471 0.0703854709863663 0.0692858621478081 0.0734623819589615 0.0727225989103317 0.0727225989103317 0.071026012301445 0.119733594357967 0.114127218723297 0.249242201447487 0.111143007874489 0.11189404129982 0.111231684684753 0.108815066516399
0.0911356583237648 0.0899658203125 0.108012810349464 0.108478486537933 0.0952030345797539 0.0927868336439133 0.103289134800434 0.103646285831928 0.107278302311897 0.0983670502901077 0.0979560911655426 0.091807559132576 0.0918873474001884 0.0860015004873276 0.0806012228131294 0.0311229471117258 0.0288137905299664 0.0267704017460346 0.0656550154089928 0.0613838508725166 0.0622322298586369 0.0631179362535477 0.0261853914707899 0.0636517852544785 0.0652040168642998 0.0660231038928032 0.0657926946878433 0.0705354958772659 0.0705354958772659 0.0701595172286034 0.0724360644817352 0.0754978135228157 0.0684050023555756 0.0673928484320641 0.0661848559975624 0.063626654446125 0.0642465651035309 0.0637980848550797 0.110235579311848 0.128035143017769 0.130901962518692 0.116199113428593 0.26252681016922 0.121528901159763 0.118157342076302 0.116899080574512
0.0916204452514648 0.0896008983254433 0.0911356583237648 0.10922671854496 0.098999597132206 0.0924649834632874 0.0913835912942886 0.100162826478481 0.102046422660351 0.106077127158642 0.0988743603229523 0.0977866351604462 0.092207208275795 0.0865527093410492 0.0838437080383301 0.0776060074567795 0.0777268409729004 0.0723030641674995 0.0725573599338531 0.0673738345503807 0.0611139759421349 0.0625086426734924 0.0646118745207787 0.0692735910415649 0.0698222219944 0.0705592408776283 0.0676471665501595 0.0681874006986618 0.0679437667131424 0.072928212583065 0.075169064104557 0.0758710131049156 0.0734924897551537 0.0689629465341568 0.0692668855190277 0.0699415132403374 0.0641359761357307 0.0629012659192085 0.0632891952991486 0.118556119501591 0.128035143017769 0.127851828932762 0.130569458007812 0.12736289203167 0.121887557208538 0.114000879228115
0.0896008983254433 0.0892993733286858 0.0896008983254433 0.0999440997838974 0.0970788672566414 0.103529803454876 0.091622106730938 0.091298520565033 0.100336723029613 0.102660611271858 0.10580300539732 0.0979296043515205 0.0910494178533554 0.08568225055933 0.0840923637151718 0.0788909718394279 0.0762733519077301 0.0763048380613327 0.072412870824337 0.0698473826050758 0.0664616972208023 0.0669313371181488 0.0667865425348282 0.0677345246076584 0.0689094066619873 0.0693342238664627 0.0674088075757027 0.0721776932477951 0.0724031925201416 0.0752150565385818 0.0764403268694878 0.179192870855331 0.167382106184959 0.161167621612549 0.153423234820366 0.154193833470345 0.139972507953644 0.138800129294395 0.0619701258838177 0.067484550178051 0.122344695031643 0.102942258119583 0.115900166332722 0.115603476762772 0.11765593290329 0.249520659446716
0.0743394792079926 0.195260971784592 0.189983695745468 0.190590143203735 0.20938403904438 0.224697977304459 0.183348461985588 0.19592459499836 0.19592459499836 0.216540768742561 0.236283197999001 0.228557914495468 0.212879151105881 0.176512122154236 0.173845276236534 0.183276683092117 0.0784355625510216 0.0755515694618225 0.0770236626267433 0.164143949747086 0.0695103481411934 0.0708392262458801 0.0719366520643234 0.073210321366787 0.0741099342703819 0.072636216878891 0.0695277079939842 0.0710134208202362 0.0767067298293114 0.173944890499115 0.168214067816734 0.172126233577728 0.173846662044525 0.175876662135124 0.163606256246567 0.127209067344666 0.148787528276443 0.136991024017334 0.136415258049965 0.121616207063198 0.138650879263878 0.206663891673088 0.0984019190073013 0.220790714025497 0.223563224077225 0.173758968710899
0.174958571791649 0.172660812735558 0.177368402481079 0.174307063221931 0.195093214511871 0.194286212325096 0.181308582425117 0.184860050678253 0.201582059264183 0.218291580677032 0.200836107134819 0.20540252327919 0.202096655964851 0.208899766206741 0.173697739839554 0.174986183643341 0.174847856163979 0.167933940887451 0.170808851718903 0.174386322498322 0.168431505560875 0.167734682559967 0.0718736127018929 0.0724139586091042 0.0730823054909706 0.168514564633369 0.169783398509026 0.17147721350193 0.181259334087372 0.167572721838951 0.175289496779442 0.171622946858406 0.185674414038658 0.166198775172234 0.160929709672928 0.188556998968124 0.127964004874229 0.125922545790672 0.134812489151955 0.131029725074768 0.110140092670918 0.116565942764282 0.183269530534744 0.200148388743401 0.20011955499649 0.179088443517685
0.151287525892258 0.162334844470024 0.163130834698677 0.175028786063194 0.191519290208817 0.16347049176693 0.162520736455917 0.168692588806152 0.179523140192032 0.179523140192032 0.199210226535797 0.199372410774231 0.198904722929001 0.204782471060753 0.158864393830299 0.159323155879974 0.16291780769825 0.161633104085922 0.163862183690071 0.168498516082764 0.17424613237381 0.173672154545784 0.176791399717331 0.179517060518265 0.181222096085548 0.178410053253174 0.177787095308304 0.166607588529587 0.180848315358162 0.173621878027916 0.178720340132713 0.175650760531425 0.175115048885345 0.160180240869522 0.157153889536858 0.322802066802979 0.144542381167412 0.142851963639259 0.127573221921921 0.12557452917099 0.0992060005664825 0.0993875488638878 0.115781664848328 0.18654328584671 0.186081677675247 0.16296598315239
0.152536734938622 0.151397675275803 0.158387497067451 0.189644306898117 0.185257971286774 0.196511507034302 0.152910724282265 0.169381320476532 0.170082345604897 0.169101476669312 0.183809518814087 0.184956833720207 0.211484327912331 0.154984295368195 0.155114457011223 0.146918252110481 0.355041474103928 0.331389188766479 0.161902636289597 0.17004120349884 0.167515456676483 0.175831347703934 0.172893196344376 0.182862564921379 0.180479124188423 0.178704634308815 0.158426940441132 0.162300497293472 0.164602130651474 0.177693024277687 0.177693024277687 0.17380279302597 0.158727750182152 0.0719155967235565 0.0756214931607246 0.153396368026733 0.298281043767929 0.126002788543701 0.136743113398552 0.125477999448776 0.0912869796156883 0.0996453315019608 0.0993017330765724 0.107777684926987 0.108923375606537 0.114179186522961
0.13615970313549 0.147077679634094 0.149184495210648 0.175739645957947 0.353612780570984 0.314678072929382 0.31609234213829 0.345111340284348 0.345362603664398 0.29192441701889 0.320234149694443 0.324546009302139 0.328921496868134 0.317905068397522 0.320180177688599 0.323726415634155 0.322532534599304 0.330297648906708 0.332508474588394 0.15425318479538 0.163053795695305 0.171171709895134 0.181967169046402 0.176571279764175 0.177599385380745 0.178038313984871 0.161627888679504 0.177380532026291 0.177898541092873 0.375459849834442 0.372279852628708 0.184437468647957 0.192530393600464 0.0734997019171715 0.0697753205895424 0.152693197131157 0.317196577787399 0.266082942485809 0.108908779919147 0.0968081504106522 0.0898166745901108 0.0935346335172653 0.102785415947437 0.0985787138342857 0.0968899428844452 0.105654641985893
