data/climate_estimation/maxent_output/Wurmbea_graniticola.asc
NCOLS 147 
NROWS 37 
XLLCORNER 116.333333333333 
YLLCORNER -34 
CELLSIZE 0.0833333333333332 
NODATA_value -3.4e+38 
[rows 0 to 21 of 37, columns 48 to 95 of 147]
0.81445974111557 0.363879829645157 0.369318872690201 0.340314447879791 0.340263694524765 0.403569996356964 0.390317499637604 0.414703458547592 0.485493093729019 0.487585306167603 0.460905373096466 0.460608065128326 0.456451147794724 0.720284521579742 0.705930948257446 0.651523888111115 0.641196727752686 0.628426194190979 0.597765266895294 0.613140463829041 0.575382709503174 0.561537206172943 0.579480409622192 0.543813645839691 0.250318914651871 0.489665865898132 0.503940224647522 0.210197478532791 0.231274545192719 0.230284377932549 0.22862046957016 0.0789453387260437 0.0601628161966801 0.0630054622888565 0.067730575799942 0.0663885101675987 0.0667792856693268 0.0797099173069 0.0734064131975174 0.0726521238684654 0.0731551125645638 0.0865888819098473 0.0849035084247589 0.0853391140699387 0.0885327085852623 0.0911486446857452 0.0892245024442673 0.086707592010498
0.831528067588806 0.831668734550476 0.395846545696259 0.396005570888519 0.393488734960556 0.415269881486893 0.401307582855225 0.397751182317734 0.403014093637466 0.476088047027588 0.437982171773911 0.401692867279053 0.373781651258469 0.354953467845917 0.722161829471588 0.649157643318176 0.6396324634552 0.593935549259186 0.56017529964447 0.626760542392731 0.591047406196594 0.493237316608429 0.539282858371735 0.55791175365448 0.264328390359879 0.477504342794418 0.251954942941666 0.196871027350426 0.227936014533043 0.239817425608635 0.226950600743294 0.0804239884018898 0.0627728849649429 0.0615726672112942 0.0561434030532837 0.0576693676412106 0.0664796084165573 0.0765204206109047 0.071252167224884 0.0705377236008644 0.0781117752194405 0.0796580761671066 0.0829665139317513 0.0864215046167374 0.0855250582098961 0.0964870899915695 0.0861116871237755 0.0940992832183838
0.812966465950012 0.823603510856628 0.820009291172028 0.787412583827972 0.357935190200806 0.391467750072479 0.421653121709824 0.425386428833008 0.446647167205811 0.427643924951553 0.416915386915207 0.388013035058975 0.357933789491653 0.625034987926483 0.64621639251709 0.644021153450012 0.701063692569733 0.62618088722229 0.626180768013 0.598414897918701 0.598413586616516 0.541478633880615 0.557933270931244 0.555065870285034 0.284769237041473 0.260472416877747 0.255364239215851 0.193416193127632 0.206493601202965 0.0922121033072472 0.0831900611519814 0.0817259252071381 0.0715932622551918 0.0632737129926682 0.0628642663359642 0.0767830610275269 0.0725342631340027 0.065485455095768 0.0775926187634468 0.0695666447281837 0.0793765410780907 0.0827364549040794 0.0765145123004913 0.08648432046175 0.0914129093289375 0.0849548056721687 0.0826916620135307 0.0901710391044617
0.846483528614044 0.824196517467499 0.791406452655792 0.708719611167908 0.670532286167145 0.412233054637909 0.398128807544708 0.371726930141449 0.353312283754349 0.349273681640625 0.312037229537964 0.306778281927109 0.343928307294846 0.279102504253387 0.618784487247467 0.64300411939621 0.614145874977112 0.617115318775177 0.612375736236572 0.575297236442566 0.575276494026184 0.571819126605988 0.499941021203995 0.45991849899292 0.494477361440659 0.452764600515366 0.450591117143631 0.195859685540199 0.1900714635849 0.194619879126549 0.0754633098840714 0.0846980735659599 0.0706704556941986 0.0782263651490211 0.077922560274601 0.0787086933851242 0.0697049200534821 0.0695666447281837 0.0792423784732819 0.0705602020025253 0.0764299035072327 0.0764299035072327 0.0720994174480438 0.0802343636751175 0.0788177028298378 0.0893851816654205 0.0787366628646851 0.0844678208231926
0.815316677093506 0.743525922298431 0.8153156042099 0.736319005489349 0.699834048748016 0.654225945472717 0.642673254013062 0.641983032226562 0.636204540729523 0.635625958442688 0.320732861757278 0.606347680091858 0.579522550106049 0.578835368156433 0.613376080989838 0.637253761291504 0.597653150558472 0.601458013057709 0.551068425178528 0.555914223194122 0.551351487636566 0.515093147754669 0.510340571403503 0.500492930412292 0.473528832197189 0.440226137638092 0.204512745141983 0.180607214570045 0.178601235151291 0.177823081612587 0.0612226165831089 0.0612226165831089 0.0627972930669785 0.060795895755291 0.0622312873601913 0.0637997314333916 0.0642081946134567 0.0709600299596786 0.0772072151303291 0.0732257291674614 0.0723355785012245 0.0650191456079483 0.0719038471579552 0.0681838020682335 0.0699147880077362 0.0760889276862144 0.0742883384227753 0.080117404460907
0.764845311641693 0.75575715303421 0.751724541187286 0.718567371368408 0.703853607177734 0.668790817260742 0.630544304847717 0.55965667963028 0.595924258232117 0.262095123529434 0.241460740566254 0.236243233084679 0.244477167725563 0.587004959583282 0.571469485759735 0.615636169910431 0.541203439235687 0.531041920185089 0.506373226642609 0.460200726985931 0.442023664712906 0.441387683153152 0.424084424972534 0.389936149120331 0.459302812814713 0.427565157413483 0.422800242900848 0.419741123914719 0.386607825756073 0.065700888633728 0.150228574872017 0.136304125189781 0.0553922690451145 0.0589637793600559 0.0602513030171394 0.0596930123865604 0.0618188120424747 0.0700576975941658 0.0603885538876057 0.0644707158207893 0.0614814572036266 0.0611979402601719 0.0668920502066612 0.0657519996166229 0.0636437088251114 0.0663732290267944 0.0650706142187119 0.0701967626810074
0.726292371749878 0.707651972770691 0.724977076053619 0.727839171886444 0.704264104366302 0.576007962226868 0.573678553104401 0.554149329662323 0.49900221824646 0.50902932882309 0.537985026836395 0.577437043190002 0.540630638599396 0.554153144359589 0.541709125041962 0.564962685108185 0.563392996788025 0.516350567340851 0.503649055957794 0.403961449861526 0.448009938001633 0.422708809375763 0.405482232570648 0.384657740592957 0.406338930130005 0.40572714805603 0.367319792509079 0.385220259428024 0.139099389314651 0.306994438171387 0.300746291875839 0.0546229481697083 0.0552290640771389 0.0536817237734795 0.0530687272548676 0.0493797101080418 0.0558930784463882 0.0543096847832203 0.0627435073256493 0.067305713891983 0.0636774674057961 0.070211298763752 0.0651105642318726 0.0632321387529373 0.0620996654033661 0.0602969788014889 0.0599782578647137 0.0637579336762428
0.699784994125366 0.69983172416687 0.674643754959106 0.635369598865509 0.663872003555298 0.569669365882874 0.549743354320526 0.477862685918808 0.506610691547394 0.485628247261047 0.55625319480896 0.485030233860016 0.495710849761963 0.509721040725708 0.476794213056564 0.498971074819565 0.497863531112671 0.480072796344757 0.423537284135818 0.390353828668594 0.415394902229309 0.42966964840889 0.393140405416489 0.390428811311722 0.389068454504013 0.374008744955063 0.372074902057648 0.360131502151489 0.306741386651993 0.0504413284361362 0.303407967090607 0.302455872297287 0.0498494431376457 0.0478121303021908 0.0491767227649689 0.0556376464664936 0.0444035492837429 0.0509981736540794 0.0529789850115776 0.050354115664959 0.0647351145744324 0.0614463128149509 0.0693140774965286 0.0679863542318344 0.0678378120064735 0.0639113187789917 0.0639974847435951 0.0673932507634163
0.669949769973755 0.678379535675049 0.608483076095581 0.584239363670349 0.555064499378204 0.529210805892944 0.51236480474472 0.501459002494812 0.500093162059784 0.462957233190536 0.457406312227249 0.426796793937683 0.435609728097916 0.491613149642944 0.437810391187668 0.464698642492294 0.433943539857864 0.400559544563293 0.383552640676498 0.401475727558136 0.453639268875122 0.435872316360474 0.392445355653763 0.364383518695831 0.349796444177628 0.319807231426239 0.306528806686401 0.284730046987534 0.281042814254761 0.271673500537872 0.300982385873795 0.0471467673778534 0.0495421774685383 0.0390375182032585 0.0387232676148415 0.0406236872076988 0.0458720214664936 0.051617655903101 0.0530360676348209 0.0527614541351795 0.0535128712654114 0.0590880326926708 0.0518426634371281 0.0508843585848808 0.0507022067904472 0.054370105266571 0.0598395094275475 0.0517318733036518
0.62123429775238 0.591921925544739 0.564402759075165 0.540723621845245 0.515753746032715 0.510922968387604 0.523798108100891 0.509503602981567 0.458561927080154 0.466889381408691 0.465408116579056 0.432072758674622 0.399691820144653 0.466198086738586 0.398906767368317 0.398151338100433 0.383868336677551 0.407836884260178 0.395714342594147 0.395965993404388 0.38864728808403 0.361235737800598 0.306255638599396 0.292603045701981 0.287732303142548 0.29138445854187 0.29138445854187 0.22921134531498 0.226481795310974 0.279260814189911 0.233861118555069 0.241443559527397 0.213605031371117 0.205848336219788 0.0480887219309807 0.0455284975469112 0.0468550585210323 0.0469605959951878 0.0485375225543976 0.055913794785738 0.0556554384529591 0.0515978783369064 0.0565217435359955 0.0538029074668884 0.0544286109507084 0.0523821599781513 0.0507711358368397 0.0551996193826199
0.578111827373505 0.585660457611084 0.557090699672699 0.514848351478577 0.53852915763855 0.542333006858826 0.493226408958435 0.501972496509552 0.502830862998962 0.460197985172272 0.435972720384598 0.424854785203934 0.424854785203934 0.400715202093124 0.375586301088333 0.370222121477127 0.389198362827301 0.42401334643364 0.371507436037064 0.35858365893364 0.353471755981445 0.306148767471313 0.274140119552612 0.28214305639267 0.326114147901535 0.269158184528351 0.287567853927612 0.245925202965736 0.234033390879631 0.221520245075226 0.221605941653252 0.194514617323875 0.210700914263725 0.0373788066208363 0.203812807798386 0.0457436069846153 0.0441084951162338 0.0452519692480564 0.0467424541711807 0.0479242838919163 0.0537151210010052 0.0537880137562752 0.0545770339667797 0.0572196617722511 0.0510352998971939 0.0546689257025719 0.0533594451844692 0.355509489774704
0.7891965508461 0.755075931549072 0.481026530265808 0.544245064258575 0.485523104667664 0.506465435028076 0.53591001033783 0.447205811738968 0.471795678138733 0.434477150440216 0.406975030899048 0.386990696191788 0.447940945625305 0.398533314466476 0.38979384303093 0.328664302825928 0.336424082517624 0.381239891052246 0.371399253606796 0.336729675531387 0.31929823756218 0.27097961306572 0.269593775272369 0.276271998882294 0.261965423822403 0.270074307918549 0.264374524354935 0.251818269491196 0.1949602663517 0.195272117853165 0.193556547164917 0.188141480088234 0.196070849895477 0.0367721654474735 0.214889273047447 0.215634122490883 0.35334113240242 0.330295979976654 0.0440749228000641 0.049534697085619 0.0494443774223328 0.355799913406372 0.0565905645489693 0.0554662756621838 0.0459906384348869 0.341259866952896 0.357863992452621 0.373959809541702
0.741893231868744 0.745308816432953 0.696205914020538 0.711274266242981 0.638417720794678 0.659475386142731 0.461399227380753 0.438746690750122 0.379470646381378 0.370673477649689 0.408249944448471 0.357376039028168 0.342398256063461 0.314605206251144 0.289552927017212 0.295696556568146 0.346081525087357 0.305898278951645 0.339078277349472 0.304583519697189 0.274914264678955 0.268939077854156 0.259308189153671 0.248468697071075 0.223822221159935 0.242549568414688 0.238411024212837 0.203779265284538 0.200385689735413 0.164154469966888 0.159481301903725 0.17049477994442 0.191829264163971 0.188640564680099 0.331067860126495 0.305995017290115 0.375914037227631 0.375500231981277 0.37187460064888 0.353808134794235 0.354209959506989 0.382157891988754 0.371955931186676 0.365666002035141 0.353952318429947 0.345120370388031 0.346496820449829 0.335451424121857
0.759113013744354 0.718959033489227 0.688099265098572 0.657311677932739 0.651928186416626 0.590253472328186 0.416364341974258 0.39923420548439 0.35613226890564 0.390740394592285 0.323918908834457 0.310646057128906 0.319236129522324 0.246730476617813 0.234193786978722 0.285405606031418 0.325983136892319 0.299520820379257 0.286181956529617 0.254590839147568 0.254590839147568 0.249346032738686 0.235721305012703 0.19492095708847 0.192256778478622 0.224884852766991 0.204322680830956 0.214883476495743 0.175749897956848 0.132379546761513 0.143675744533539 0.175381883978844 0.300024896860123 0.316302269697189 0.325498402118683 0.33522367477417 0.33690157532692 0.333802700042725 0.332990139722824 0.375657349824905 0.370039969682693 0.392476797103882 0.392035156488419 0.38507479429245 0.371160387992859 0.366150975227356 0.351741790771484 0.344006776809692
0.747848033905029 0.703419923782349 0.716644585132599 0.674463510513306 0.608705401420593 0.601632356643677 0.546277344226837 0.481747388839722 0.492906630039215 0.321246057748795 0.27344161272049 0.309314042329788 0.271568894386292 0.249737128615379 0.232709720730782 0.240544095635414 0.264737874269485 0.263533353805542 0.264135748147964 0.241214156150818 0.238027662038803 0.266657769680023 0.211494997143745 0.18855781853199 0.189104333519936 0.178224459290504 0.203691139817238 0.177885472774506 0.184966832399368 0.133602753281593 0.166077479720116 0.29167640209198 0.292453795671463 0.331264764070511 0.315120905637741 0.312520980834961 0.305678337812424 0.318799197673798 0.320375561714172 0.348922729492188 0.360702365636826 0.331943839788437 0.328836888074875 0.320852488279343 0.337377160787582 0.353772938251495 0.339686721563339 0.331416964530945
0.74807471036911 0.701186001300812 0.654169917106628 0.660415232181549 0.584445476531982 0.573045134544373 0.507245123386383 0.496380686759949 0.433501482009888 0.468721508979797 0.38732185959816 0.379114925861359 0.244512349367142 0.220727041363716 0.226532340049744 0.241189852356911 0.261517822742462 0.259824335575104 0.266037940979004 0.220241695642471 0.216524168848991 0.221638321876526 0.202139437198639 0.175302296876907 0.161734849214554 0.16947503387928 0.276646226644516 0.284178376197815 0.162422269582748 0.154362142086029 0.268866628408432 0.306542038917542 0.349996745586395 0.319925159215927 0.324319034814835 0.32212832570076 0.318576395511627 0.32139840722084 0.305892825126648 0.338291823863983 0.345718264579773 0.374439716339111 0.371378660202026 0.366789788007736 0.348787426948547 0.340906918048859 0.356254100799561 0.339800715446472
0.74243837594986 0.731222748756409 0.681099593639374 0.599868476390839 0.557455599308014 0.547960162162781 0.460744261741638 0.44687631726265 0.404956430196762 0.40852889418602 0.357784271240234 0.32196918129921 0.357422947883606 0.214469656348228 0.222795426845551 0.23129178583622 0.240175262093544 0.203392073512077 0.210348799824715 0.198882535099983 0.190222233533859 0.213951945304871 0.176799103617668 0.160342589020729 0.166288554668427 0.299577713012695 0.285878688097 0.308180332183838 0.27458867430687 0.284963607788086 0.288284659385681 0.330340325832367 0.332734376192093 0.329085975885391 0.302529394626617 0.305642008781433 0.318992763757706 0.319829881191254 0.326001167297363 0.362103790044785 0.335880130529404 0.334791541099548 0.360131651163101 0.351065158843994 0.336442112922668 0.328863710165024 0.342937558889389 0.354310393333435
0.725249648094177 0.673499941825867 0.620998203754425 0.570248484611511 0.531679213047028 0.530026853084564 0.472133576869965 0.459495931863785 0.405896037817001 0.375618070363998 0.372578859329224 0.370736718177795 0.314393281936646 0.325632452964783 0.326276779174805 0.214791744947433 0.213255763053894 0.194542124867439 0.210339725017548 0.209357753396034 0.171045020222664 0.168958097696304 0.167022779583931 0.30717346072197 0.292132198810577 0.263363063335419 0.323814183473587 0.320491343736649 0.318520456552505 0.298526167869568 0.311747193336487 0.31498259305954 0.312100648880005 0.276874125003815 0.307581275701523 0.317567318677902 0.328441023826599 0.333033710718155 0.34160441160202 0.379060506820679 0.352940738201141 0.360436469316483 0.368355929851532 0.378752321004868 0.359288603067398 0.378499001264572 0.353706061840057 0.339417219161987
0.695384383201599 0.689466416835785 0.631001353263855 0.584576785564423 0.518474161624908 0.482463538646698 0.448107957839966 0.441170394420624 0.430155068635941 0.348339766263962 0.365651279687881 0.373182147741318 0.342078804969788 0.32820051908493 0.330251187086105 0.304479002952576 0.33315721154213 0.30477374792099 0.337678283452988 0.303280919790268 0.284346789121628 0.276887863874435 0.288587272167206 0.259188711643219 0.280209571123123 0.276866614818573 0.301541268825531 0.300315231084824 0.298123478889465 0.30754292011261 0.351896733045578 0.350894600152969 0.320528268814087 0.31933519244194 0.325165927410126 0.330548077821732 0.339566826820374 0.341856867074966 0.35869950056076 0.362293094396591 0.33961409330368 0.368420749902725 0.379894256591797 0.39428299665451 0.414677083492279 0.367238134145737 0.33818319439888 0.328652739524841
0.67844021320343 0.626230597496033 0.607418775558472 0.554107666015625 0.497062742710114 0.453267008066177 0.457493007183075 0.439632892608643 0.356485217809677 0.361607819795609 0.368626266717911 0.346053898334503 0.353859513998032 0.323635786771774 0.344213753938675 0.321655660867691 0.293005526065826 0.345844715833664 0.345844715833664 0.27829122543335 0.268471717834473 0.260524302721024 0.293531596660614 0.289415150880814 0.2867112159729 0.303365170955658 0.300030052661896 0.30474853515625 0.312717616558075 0.286121606826782 0.314908713102341 0.332777470350266 0.328907549381256 0.330584555864334 0.336772710084915 0.353135257959366 0.353083193302155 0.334324568510056 0.334324568510056 0.375203877687454 0.376431316137314 0.37501335144043 0.382536351680756 0.405318796634674 0.390453040599823 0.362126529216766 0.346816658973694 0.336401164531708
0.640614092350006 0.575544953346252 0.539514243602753 0.480459749698639 0.471161216497421 0.469003409147263 0.379211604595184 0.408352971076965 0.384256303310394 0.383978337049484 0.347887367010117 0.345057934522629 0.350855678319931 0.32983860373497 0.302769929170609 0.326669484376907 0.319678604602814 0.317212104797363 0.316805690526962 0.28019243478775 0.269534945487976 0.273731917142868 0.287810623645782 0.315218180418015 0.316188514232635 0.313189893960953 0.307735919952393 0.312448173761368 0.318997830152512 0.322600364685059 0.322596222162247 0.334832459688187 0.33555206656456 0.338581204414368 0.334336817264557 0.318984836339951 0.361433267593384 0.334892988204956 0.337507247924805 0.379468530416489 0.382017880678177 0.382496148347855 0.378189921379089 0.36672830581665 0.382587522268295 0.370422124862671 0.355102300643921 0.348603814840317
0.604647278785706 0.553757071495056 0.511143267154694 0.458030849695206 0.455085575580597 0.431003361940384 0.387583285570145 0.405395120382309 0.401158541440964 0.364286720752716 0.36557874083519 0.326021194458008 0.343194097280502 0.341378033161163 0.337278604507446 0.301958352327347 0.29509362578392 0.29509362578392 0.321013450622559 0.281242966651917 0.301701754331589 0.320661395788193 0.289501070976257 0.290149748325348 0.313750267028809 0.314328968524933 0.31641361117363 0.341875046491623 0.352599918842316 0.336629509925842 0.325118720531464 0.370792031288147 0.370479732751846 0.37848961353302 0.354340881109238 0.362028896808624 0.37125563621521 0.341984957456589 0.344758659601212 0.372279733419418 0.383524388074875 0.352048993110657 0.348794609308243 0.33984163403511 0.361977130174637 0.345841854810715 0.366480767726898 0.35032644867897
