data/climate_estimation/maxent_output/Wurmbea_tenella.asc
NCOLS 179 
NROWS 108 
XLLCORNER 114.333333333333 
YLLCORNER -34.6666666666667 
CELLSIZE 0.0833333333333334 
NODATA_value -3.4e+38 
[rows 0 to 19 of 108, columns 0 to 44 of 179]
0.002234047744423 0.0129986647516489 0.00926005374640226 0.0572796612977982 0.0483381934463978 0.0415333621203899 0.0382557660341263 0.0335881039500237 0.0363914705812931 0.0268364138901234 0.0296189524233341 0.0240612793713808 0.0261574573814869 0.025950338691473 0.0247598700225353 0.131255581974983 0.153559431433678 0.147357687354088 0.141200035810471 0.136011555790901 0.135272562503815 0.128017500042915 0.296394616365433 0.32896625995636 0.323373347520828 0.295782387256622 0.285861015319824 0.264344751834869 0.26260170340538 0.311880111694336 0.314687877893448 0.300867170095444 0.240201115608215 0.244632884860039 0.231354162096977 0.0821194648742676 0.0846382454037666 0.0865405723452568 0.0159331485629082 0.0163282584398985 0.015237201936543 0.0163540635257959 0.0176267698407173 0.018154164776206 0.0202247742563486
0.00206175050698221 0.0104823336005211 0.00894303806126118 0.0573727749288082 0.0514891892671585 0.0438314117491245 0.0384790971875191 0.0354845784604549 0.033024687319994 0.035099633038044 0.0330822356045246 0.0286331530660391 0.0282896347343922 0.026159031316638 0.0269543938338757 0.0247598700225353 0.0238524843007326 0.145140081644058 0.143136128783226 0.138203978538513 0.135958597064018 0.127262935042381 0.122145988047123 0.329555869102478 0.311992317438126 0.296865195035934 0.276200354099274 0.262434303760529 0.259182661771774 0.316306263208389 0.299387872219086 0.292317599058151 0.228556096553802 0.232975170016289 0.222294524312019 0.0935226753354073 0.0952169522643089 0.097076028585434 0.0156140234321356 0.0171356946229935 0.0189048368483782 0.0205407869070768 0.0200783554464579 0.018227431923151 0.0206937082111835
0.0135904932394624 0.013356133364141 0.00934169068932533 0.00816155783832073 0.0527976118028164 0.0433592759072781 0.0421634986996651 0.0361817702651024 0.0318706594407558 0.0317907333374023 0.0345243886113167 0.0293809715658426 0.0280398316681385 0.0271798316389322 0.0252710189670324 0.0241982080042362 0.0220621656626463 0.145960479974747 0.144653052091599 0.140149116516113 0.131818756461143 0.123317703604698 0.122320659458637 0.322466909885406 0.318209171295166 0.289426624774933 0.270888268947601 0.262912720441818 0.271460860967636 0.303192913532257 0.291101157665253 0.344542741775513 0.263170957565308 0.271850436925888 0.271617889404297 0.0953486934304237 0.0946050435304642 0.100340969860554 0.01575075276196 0.0164487864822149 0.0190937519073486 0.0185245033353567 0.0212687812745571 0.017561687156558 0.0190812032669783
0.0128421252593398 0.00972529966384172 0.00958625599741936 0.00841230154037476 0.0511177368462086 0.0466994531452656 0.0410341843962669 0.0369720496237278 0.0343844704329967 0.0292644854635 0.0308233611285686 0.0312058385461569 0.0297806654125452 0.0287870764732361 0.0268237218260765 0.025089954957366 0.153971984982491 0.151600167155266 0.13994537293911 0.136756852269173 0.132615178823471 0.132343098521233 0.124559350311756 0.310703665018082 0.301584929227829 0.28958123922348 0.262974739074707 0.249500200152397 0.282452821731567 0.33715295791626 0.336097091436386 0.355270624160767 0.269397109746933 0.272122919559479 0.261429905891418 0.0973899215459824 0.0989935770630836 0.098335012793541 0.0171242728829384 0.017876336351037 0.017915042117238 0.0190277006477118 0.0203255657106638 0.0185990147292614 0.0205252058804035
0.0126324556767941 0.0095931077376008 0.00887743383646011 0.00838172342628241 0.0526162348687649 0.0486817359924316 0.0421607121825218 0.0386905893683434 0.0342063568532467 0.030135115608573 0.0303257312625647 0.0331899709999561 0.0312001351267099 0.0300119556486607 0.0283511802554131 0.0262369699776173 0.160259798169136 0.154828265309334 0.141268044710159 0.141163870692253 0.13885173201561 0.133566871285439 0.120615303516388 0.122578904032707 0.30317160487175 0.287056505680084 0.267750442028046 0.281999856233597 0.372384309768677 0.357900053262711 0.342002123594284 0.348842084407806 0.343993693590164 0.271060824394226 0.267992615699768 0.263326674699783 0.104315519332886 0.109077200293541 0.111644141376019 0.0172827392816544 0.0186728071421385 0.0200144220143557 0.0205004680901766 0.0221147518604994 0.0187034793198109
0.0107938870787621 0.00947502814233303 0.0093191834166646 0.00863821897655725 0.0524057224392891 0.0476164072751999 0.0458060950040817 0.0408403314650059 0.0362623184919357 0.0332122892141342 0.0298702474683523 0.0265086777508259 0.0325022637844086 0.0317134149372578 0.0302424971014261 0.0270119812339544 0.0251144878566265 0.155398994684219 0.146835789084435 0.142488971352577 0.140356883406639 0.131346926093102 0.12119897454977 0.116013579070568 0.303468585014343 0.291005909442902 0.300712287425995 0.293100327253342 0.353700309991837 0.350060671567917 0.361058861017227 0.380530506372452 0.37589693069458 0.27984032034874 0.292448550462723 0.292069256305695 0.0922583639621735 0.1128955706954 0.118319682776928 0.114451020956039 0.10813319683075 0.114077381789684 0.114752650260925 0.11939100176096 0.126764386892319
0.0114743150770664 0.0102048758417368 0.00937743857502937 0.0599466115236282 0.0540678948163986 0.0507285855710506 0.0447973012924194 0.0415421165525913 0.0401944369077682 0.0358765386044979 0.0306479278951883 0.0286439452320337 0.0320409573614597 0.0323071405291557 0.0311667490750551 0.0270314775407314 0.0257670413702726 0.154514357447624 0.140443429350853 0.141665816307068 0.136301055550575 0.129042655229568 0.124930717051029 0.116576604545116 0.290461748838425 0.295540004968643 0.273057907819748 0.291794538497925 0.35908904671669 0.362972140312195 0.377802550792694 0.373482495546341 0.362997204065323 0.371229857206345 0.288533538579941 0.293322592973709 0.2689508497715 0.101122312247753 0.10358389467001 0.11129491776228 0.114189885556698 0.11973886936903 0.11850356310606 0.121287107467651 0.123700432479382
0.00943304784595966 0.0107225514948368 0.0636514946818352 0.0494932159781456 0.0466265082359314 0.0450124144554138 0.0397680178284645 0.0425101593136787 0.0388871729373932 0.0384693667292595 0.0340895131230354 0.0308163948357105 0.0340938344597816 0.0278764590620995 0.0289739426225424 0.0284361485391855 0.0265701021999121 0.0239646807312965 0.148460775613785 0.139286160469055 0.129968240857124 0.126537516713142 0.121853157877922 0.118430219590664 0.108759447932243 0.284582614898682 0.298902064561844 0.297606647014618 0.357993066310883 0.383904844522476 0.371723622083664 0.388001769781113 0.38577526807785 0.336778044700623 0.269156843423843 0.283853560686111 0.280192643404007 0.289361447095871 0.296383440494537 0.1137435734272 0.116746410727501 0.114260703325272 0.118918180465698 0.127131566405296 0.120490416884422
0.0671420246362686 0.0632335394620895 0.0597397983074188 0.0566882193088531 0.0483488142490387 0.0467149838805199 0.0405384600162506 0.0383803956210613 0.0399377159774303 0.0381030328571796 0.0359353236854076 0.032664492726326 0.030777495354414 0.0339799411594868 0.0297909323126078 0.027467604726553 0.0258315689861774 0.0307710655033588 0.144855812191963 0.140432298183441 0.139957919716835 0.120663851499557 0.11851666867733 0.116047792136669 0.110338754951954 0.118357084691525 0.313273012638092 0.30216583609581 0.292871206998825 0.386714667081833 0.385365098714828 0.376328200101852 0.352704554796219 0.359741121530533 0.360956490039825 0.297914117574692 0.291682124137878 0.294656276702881 0.29730412364006 0.307358980178833 0.296105027198792 0.295327693223953 0.338360220193863 0.340801626443863 0.340520292520523
0.0604319870471954 0.06932333111763 0.0609132573008537 0.0559809543192387 0.050334956496954 0.0489309877157211 0.0434492230415344 0.0374817810952663 0.0359261892735958 0.0390005074441433 0.0359367690980434 0.03400544449687 0.0319095104932785 0.0351390913128853 0.0309647992253304 0.028326440602541 0.0335420295596123 0.0301698632538319 0.0288994237780571 0.164803922176361 0.163380816578865 0.332505077123642 0.114221766591072 0.132314801216125 0.103863172233105 0.100243739783764 0.303107649087906 0.257055014371872 0.264243513345718 0.334608733654022 0.333150058984756 0.331222355365753 0.345962226390839 0.353333473205566 0.367000937461853 0.289971053600311 0.293065130710602 0.288721144199371 0.309553861618042 0.270518749952316 0.29431340098381 0.295097380876541 0.29580020904541 0.292283356189728 0.302869915962219
0.0710310563445091 0.0635048672556877 0.0606908015906811 0.0509521141648293 0.0481029897928238 0.0498585179448128 0.0478917546570301 0.0415037237107754 0.0368058681488037 0.0405151173472404 0.037722285836935 0.03421925380826 0.0313548482954502 0.0352656133472919 0.0313906073570251 0.0285831689834595 0.033234853297472 0.0311511754989624 0.02810288220644 0.166239038109779 0.149035319685936 0.36063888669014 0.310759276151657 0.298902034759521 0.314889907836914 0.304967492818832 0.260516345500946 0.261471539735794 0.268929064273834 0.333992272615433 0.355285495519638 0.35077491402626 0.352776050567627 0.389248669147491 0.352265179157257 0.371868669986725 0.369396775960922 0.293874770402908 0.305139780044556 0.269846707582474 0.293688476085663 0.304674565792084 0.297713547945023 0.2880699634552 0.290922939777374
0.0650428310036659 0.0577506795525551 0.0644160956144333 0.0577024109661579 0.050184328109026 0.0450511127710342 0.0405335649847984 0.04680435359478 0.0389449335634708 0.0343783088028431 0.0370060093700886 0.0338034071028233 0.0322368964552879 0.0286611095070839 0.0303890164941549 0.0294577702879906 0.0267695225775242 0.0308971554040909 0.0291368961334229 0.155706524848938 0.153085872530937 0.363579422235489 0.307961463928223 0.327895790338516 0.275518208742142 0.27300176024437 0.267164528369904 0.279875904321671 0.342008709907532 0.349174648523331 0.358663946390152 0.350157171487808 0.355075359344482 0.375318855047226 0.340535819530487 0.336119115352631 0.347851753234863 0.33948016166687 0.359131306409836 0.358269840478897 0.371711224317551 0.365903854370117 0.365622013807297 0.378143519163132 0.374406576156616
0.0612000115215778 0.0661900043487549 0.0572607629001141 0.0530986003577709 0.0564794018864632 0.0508701652288437 0.0453570522367954 0.0404960475862026 0.0412370152771473 0.0381019972264767 0.033995334059 0.0303560681641102 0.0330485440790653 0.0290133953094482 0.0302694160491228 0.0304875429719687 0.0267604105174541 0.0307299289852381 0.177179202437401 0.172463163733482 0.155761763453484 0.35486501455307 0.342373967170715 0.289310693740845 0.28311875462532 0.286313027143478 0.289118736982346 0.354604035615921 0.314364403486252 0.350202262401581 0.354497015476227 0.340552657842636 0.322881817817688 0.326774030923843 0.331850975751877 0.335590422153473 0.339761257171631 0.343151062726974 0.370002508163452 0.373136103153229 0.364492148160934 0.383434593677521 0.387860178947449 0.376656949520111 0.39550244808197
0.0664217248558998 0.0626670941710472 0.0546018145978451 0.0561033710837364 0.049616526812315 0.0464658327400684 0.0501015894114971 0.0429917722940445 0.0393874160945415 0.0332715697586536 0.0357566326856613 0.032405462116003 0.0346323400735855 0.0290199983865023 0.0311587452888489 0.0292776804417372 0.0265681687742472 0.190208986401558 0.181666538119316 0.164856150746346 0.354688674211502 0.344267398118973 0.335872083902359 0.294468820095062 0.288113296031952 0.328297019004822 0.328455865383148 0.319521397352219 0.348006963729858 0.317949891090393 0.318904489278793 0.395520120859146 0.418226450681686 0.41882598400116 0.424663305282593 0.423686921596527 0.401799917221069 0.408566832542419 0.35792937874794 0.3380246758461 0.416259735822678 0.350918650627136 0.369740337133408 0.362669825553894 0.348272919654846
0.0608116127550602 0.0583676733076572 0.062237411737442 0.0544338226318359 0.048694733530283 0.0522358044981956 0.0441001728177071 0.039216261357069 0.0419912599027157 0.0347973965108395 0.0371015258133411 0.0331618078052998 0.0299087837338448 0.0314481891691685 0.028431287035346 0.0310979057103395 0.180242374539375 0.167159467935562 0.157622337341309 0.159910038113594 0.343728840351105 0.344870626926422 0.288311213254929 0.302795350551605 0.361714780330658 0.340652376413345 0.338159739971161 0.333234876394272 0.399626106023788 0.42135363817215 0.417448669672012 0.423613220453262 0.420283764600754 0.420980304479599 0.432788699865341 0.399387925863266 0.391714811325073 0.405448704957962 0.407365292310715 0.41991850733757 0.413864970207214 0.417513936758041 0.344862520694733 0.350550711154938 0.346358954906464
0.0667348057031631 0.0540166199207306 0.0585314333438873 0.0618548057973385 0.0529491081833839 0.0473756119608879 0.0426165275275707 0.0432853624224663 0.0388083457946777 0.0389576405286789 0.0339727774262428 0.0348927862942219 0.0307655781507492 0.0310468412935734 0.0293469130992889 0.0262869577854872 0.18450540304184 0.167381659150124 0.159736663103104 0.420953243970871 0.343929499387741 0.332219421863556 0.289000421762466 0.294312626123428 0.373317271471024 0.345432281494141 0.425137341022491 0.425371676683426 0.414904594421387 0.422504931688309 0.429694265127182 0.410008162260056 0.426129311323166 0.422797322273254 0.414623588323593 0.383079797029495 0.380678772926331 0.384300738573074 0.388499200344086 0.420381039381027 0.413852781057358 0.42705449461937 0.349113911390305 0.327092230319977 0.33809557557106
0.0619186423718929 0.0555198788642883 0.0534230805933475 0.0578768067061901 0.0512789227068424 0.0458786487579346 0.0457163602113724 0.0394242890179157 0.0412477925419807 0.0360848680138588 0.0356940142810345 0.0314636081457138 0.0322650671005249 0.0293118301779032 0.0294339563697577 0.0266448128968477 0.181182846426964 0.168272957205772 0.387279182672501 0.378856182098389 0.355185508728027 0.285726487636566 0.278490841388702 0.356858253479004 0.375248551368713 0.418783247470856 0.377082943916321 0.43526902794838 0.386380553245544 0.392088323831558 0.42699721455574 0.445785015821457 0.416811227798462 0.365989327430725 0.38144588470459 0.369735091924667 0.383665919303894 0.379315912723541 0.392475783824921 0.409140706062317 0.418729871511459 0.420107752084732 0.410878419876099 0.332555741071701 0.335717767477036
0.0577686950564384 0.0608513094484806 0.0560839213430882 0.0559955611824989 0.0471563339233398 0.0476355217397213 0.0429073050618172 0.0450728163123131 0.0392775349318981 0.0379294715821743 0.0346892364323139 0.0350326672196388 0.0289376247674227 0.0290342029184103 0.0268161371350288 0.16380962729454 0.164844900369644 0.147689893841743 0.416582733392715 0.377955257892609 0.38662052154541 0.367487370967865 0.361025154590607 0.363394647836685 0.407465547323227 0.428978800773621 0.410569131374359 0.374354869127274 0.365185111761093 0.371111512184143 0.379029303789139 0.382476001977921 0.469539135694504 0.362185269594193 0.365051209926605 0.480050444602966 0.37451496720314 0.475761413574219 0.486426323652267 0.396724015474319 0.410957753658295 0.419880867004395 0.398328393697739 0.395432949066162 0.40606552362442
0.0567868947982788 0.0569082088768482 0.0541610531508923 0.0561453215777874 0.0523888058960438 0.0461892858147621 0.0430696979165077 0.0414616391062737 0.0412830896675587 0.0354529432952404 0.0358574874699116 0.0323329195380211 0.0313142873346806 0.0321474336087704 0.0268889162689447 0.188636407256126 0.170626550912857 0.391473084688187 0.363687336444855 0.488312095403671 0.470531016588211 0.476022064685822 0.448349207639694 0.409967660903931 0.406382530927658 0.40566474199295 0.366724908351898 0.363155037164688 0.375027388334274 0.374926179647446 0.380151867866516 0.377764165401459 0.472966700792313 0.465032547712326 0.473765254020691 0.478056967258453 0.484690368175507 0.475478142499924 0.440347999334335 0.464961349964142 0.50522792339325 0.378074884414673 0.387509137392044 0.396096915006638 0.403236955404282
0.0530789420008659 0.054970882833004 0.0533801354467869 0.0552498660981655 0.0479654558002949 0.0436176247894764 0.0461221896111965 0.0404040515422821 0.0398263148963451 0.0388286560773849 0.0325945392251015 0.0324663035571575 0.0329297780990601 0.029420068487525 0.0296186041086912 0.162775948643684 0.17557281255722 0.407946288585663 0.380131155252457 0.513506472110748 0.541102647781372 0.493409961462021 0.413928627967834 0.410083174705505 0.387235969305038 0.398514807224274 0.363118261098862 0.369650989770889 0.381114542484283 0.381414771080017 0.399710088968277 0.381858617067337 0.379017561674118 0.46749085187912 0.475749433040619 0.478732943534851 0.472774624824524 0.460574686527252 0.461541920900345 0.482626229524612 0.478742122650146 0.471215695142746 0.38838317990303 0.395654201507568 0.39787083864212
