data/climate_estimation/maxent_output/Wurmbea_inframediana.asc
NCOLS 56 
NROWS 64 
XLLCORNER 113.333333333333 
YLLCORNER -29.4166666666667 
CELLSIZE 0.0833333333333334 
NODATA_value -3.4e+38 
[rows 20 to 39 of 64, columns 0 to 46 of 56]
-3.4e+38 0.798231303691864 0.863938570022583 0.959496140480042 0.947292149066925 -3.4e+38 0.982097804546356 -3.4e+38 -3.4e+38 0.99747759103775 0.996180176734924 0.989985406398773 0.98496687412262 0.974997639656067 0.972634792327881 0.937025189399719 0.911552786827087 0.913626253604889 0.909417688846588 0.895030915737152 0.878383278846741 0.825291752815247 0.80583792924881 0.790503680706024 0.757104635238647 0.778445720672607 0.748255968093872 0.714487612247467 0.678430557250977 0.852165877819061 0.825013995170593 0.831616580486298 0.824489176273346 0.856464266777039 0.88201230764389 0.849979221820831 0.879328966140747 0.912513971328735 0.911666929721832 0.919937789440155 0.915894627571106 0.798348367214203 0.781519770622253 0.77125495672226 0.830803632736206 0.840779483318329 0.830566704273224
-3.4e+38 0.841249883174896 0.922158241271973 0.963098049163818 0.972316920757294 -3.4e+38 0.982599973678589 -3.4e+38 -3.4e+38 -3.4e+38 0.994278728961945 0.99385279417038 0.963611960411072 0.938769102096558 0.965061128139496 0.965815544128418 0.921412825584412 0.927767932415009 0.896112382411957 0.903802692890167 0.890810132026672 0.872611939907074 0.818451106548309 0.80527263879776 0.781207799911499 0.798807263374329 0.77264279127121 0.74919581413269 0.750533163547516 0.820573151111603 0.807318329811096 0.815645933151245 0.825228273868561 0.844952583312988 0.853103578090668 0.807208299636841 0.825899183750153 0.889366805553436 0.908142626285553 0.907383322715759 0.830961763858795 0.77724015712738 0.757472515106201 0.797431290149689 0.841681659221649 0.909219264984131 0.894724071025848
-3.4e+38 -3.4e+38 0.92654275894165 0.957470774650574 0.959267914295197 -3.4e+38 0.983286380767822 -3.4e+38 -3.4e+38 -3.4e+38 0.974022328853607 0.971353471279144 0.965287744998932 0.978936433792114 0.963652968406677 0.96180647611618 0.927192986011505 0.919524848461151 0.918840348720551 0.912808060646057 0.89464259147644 0.909193754196167 0.872378528118134 0.825036704540253 0.814567506313324 0.800071954727173 0.76480895280838 0.772829413414001 0.706892192363739 0.698786735534668 0.80700159072876 0.819214046001434 0.80535751581192 0.804418504238129 0.791129410266876 0.787193119525909 0.824279487133026 0.85013484954834 0.905793368816376 0.896864175796509 0.880998730659485 0.795251131057739 0.808448791503906 0.84907853603363 0.890929579734802 0.895425140857697 0.906710743904114
0.581115067005157 -3.4e+38 0.896000385284424 0.931542098522186 0.937923967838287 -3.4e+38 0.982621729373932 -3.4e+38 -3.4e+38 -3.4e+38 0.980965852737427 0.966841757297516 0.952276170253754 0.970879912376404 0.96684730052948 0.961208462715149 0.938492357730865 0.929954767227173 0.928526639938354 0.908215284347534 0.903167724609375 0.919840037822723 0.900908350944519 0.844559133052826 0.828475832939148 0.821365058422089 0.806460380554199 0.786704540252686 0.734835386276245 0.713388085365295 0.788154482841492 0.801626086235046 0.76571136713028 0.756709933280945 0.790668129920959 0.814851999282837 0.803907513618469 0.835586130619049 0.895023703575134 0.870309472084045 0.830012679100037 0.843393683433533 0.853549838066101 0.830552756786346 0.847906827926636 0.886066079139709 0.886762797832489
0.662441074848175 -3.4e+38 0.863467931747437 0.925456345081329 0.903432726860046 0.963313817977905 0.971197485923767 0.978433787822723 -3.4e+38 -3.4e+38 0.965650975704193 0.951886475086212 0.963403642177582 0.969183444976807 0.954049170017242 0.96166718006134 0.931318521499634 0.936150312423706 0.931454002857208 0.915127098560333 0.924862563610077 0.903526186943054 0.925491273403168 0.915998041629791 0.848173022270203 0.850409984588623 0.840290129184723 0.856511414051056 0.812182068824768 0.729353666305542 0.734832882881165 0.743842363357544 0.706373393535614 0.739702165126801 0.792916357517242 0.826127111911774 0.780474722385406 0.819802820682526 0.84348052740097 0.865255892276764 0.825840592384338 0.808306753635406 0.804032444953918 0.821489989757538 0.82888400554657 0.892877995967865 0.862950801849365
0.631078600883484 0.609851479530334 -3.4e+38 0.920953631401062 0.899631321430206 0.690058946609497 0.960261344909668 0.959423780441284 -3.4e+38 -3.4e+38 0.979057848453522 0.969215989112854 0.951759576797485 0.957641661167145 0.949925243854523 0.923833072185516 0.927315413951874 0.934641599655151 0.937595427036285 0.924419462680817 0.921318531036377 0.930021405220032 0.934119045734406 0.91413950920105 0.883575737476349 0.860817432403564 0.855402171611786 0.856782853603363 0.834987342357635 0.794705450534821 0.799888074398041 0.764036595821381 0.737381637096405 0.750384926795959 0.786509156227112 0.805609047412872 0.779805660247803 0.804445803165436 0.857650697231293 0.885096609592438 0.843039393424988 0.826167404651642 0.80341249704361 0.790683388710022 0.831039547920227 0.833700180053711 0.856968104839325
0.517219483852386 0.559685826301575 0.665981352329254 -3.4e+38 -3.4e+38 0.687223434448242 0.898902535438538 0.961478292942047 -3.4e+38 -3.4e+38 0.96162223815918 0.956553518772125 0.975070118904114 0.93608433008194 0.926987707614899 0.959217429161072 0.952167809009552 0.95882773399353 0.960900545120239 0.918101906776428 0.9421147108078 0.921812057495117 0.922369241714478 0.937547981739044 0.894246816635132 0.934939920902252 0.877144753932953 0.870532393455505 0.867782473564148 0.861079514026642 0.819100141525269 0.828810513019562 0.781429529190063 0.782703101634979 0.764552295207977 0.801223397254944 0.824408948421478 0.820190906524658 0.834793984889984 0.845830976963043 0.821985125541687 0.788539886474609 0.812022089958191 0.799565494060516 0.771766722202301 0.820436239242554 0.862069725990295
0.437621086835861 0.444240689277649 0.474774956703186 -3.4e+38 -3.4e+38 -3.4e+38 0.846378207206726 0.926666438579559 0.913832366466522 0.917409002780914 0.922655344009399 0.946465134620667 0.940955102443695 0.947802484035492 0.933940231800079 0.938974738121033 0.950190007686615 0.957283556461334 0.956316292285919 0.954620480537415 0.937768936157227 0.952435791492462 0.934517562389374 0.944189190864563 0.950431227684021 0.918805539608002 0.919960081577301 0.893220186233521 0.892587840557098 0.84661066532135 0.87534773349762 0.860774397850037 0.859427034854889 0.813164174556732 0.791089951992035 0.809247612953186 0.843602776527405 0.826486527919769 0.823618590831757 0.831243574619293 0.827586054801941 0.742571949958801 0.755904674530029 0.770283877849579 0.797681093215942 0.78418356180191 0.761071622371674
0.378049582242966 0.338392853736877 0.495590418577194 0.373881936073303 -3.4e+38 -3.4e+38 0.822995364665985 0.767632842063904 0.887235879898071 0.940744996070862 0.927547335624695 0.917422890663147 0.943970203399658 0.911264479160309 0.927005112171173 0.930118560791016 0.948942422866821 0.943078339099884 0.960900187492371 0.966556251049042 0.966898918151855 0.948091089725494 0.950246155261993 0.95293116569519 0.957706212997437 0.933604121208191 0.9322629570961 0.94800215959549 0.859966337680817 0.877010107040405 0.885446846485138 0.8503138422966 0.838151931762695 0.743666708469391 0.824585139751434 0.771539032459259 0.859813749790192 0.877914905548096 0.819219827651978 0.840520739555359 0.822344779968262 0.733289837837219 0.746537923812866 0.769587278366089 0.771702229976654 0.748349487781525 0.719170153141022
0.327148050069809 0.317366093397141 0.401985913515091 0.313383638858795 -3.4e+38 0.406201213598251 0.782857835292816 0.783307611942291 0.850508689880371 0.815156877040863 0.894611895084381 0.835625290870667 0.856747090816498 0.914517164230347 0.90800929069519 0.937549889087677 0.949598610401154 0.931371033191681 0.94365656375885 0.952801942825317 0.963747680187225 0.946623802185059 0.940981268882751 0.95436418056488 0.962887227535248 0.93447333574295 0.939304292201996 0.960960209369659 0.913492143154144 0.911751270294189 0.931521773338318 0.886868417263031 0.874852538108826 0.709436655044556 0.771033585071564 0.798551559448242 0.77766478061676 0.784674167633057 0.833350837230682 0.826234042644501 0.80781102180481 0.732821106910706 0.70635461807251 0.712289571762085 0.73164701461792 0.689754784107208 0.68011337518692
-3.4e+38 0.288314253091812 0.287892162799835 0.245036348700523 0.264140278100967 0.369494020938873 0.418107390403748 0.663422644138336 0.758006155490875 0.75644850730896 0.828103959560394 0.82762086391449 0.862446963787079 0.892865061759949 0.864900767803192 0.886568367481232 0.934360146522522 0.951453745365143 0.96543937921524 0.934190511703491 0.958310723304749 0.967828452587128 0.960454344749451 0.974227547645569 0.973914861679077 0.958645224571228 0.956274151802063 0.962452352046967 0.968285620212555 0.936099171638489 0.942014813423157 0.899149775505066 0.887242376804352 0.718299627304077 0.798992276191711 0.772292077541351 0.83467161655426 0.824329972267151 0.799519896507263 0.790306091308594 0.704359650611877 0.719968795776367 0.72566556930542 0.711227238178253 0.709202945232391 0.690501153469086 0.672173142433167
-3.4e+38 -3.4e+38 0.245628669857979 0.237668812274933 0.21980944275856 0.315525829792023 0.371208518743515 0.578156352043152 0.680620431900024 0.676121592521667 0.785628080368042 0.860098242759705 0.840557157993317 0.831948220729828 0.88383686542511 0.897314608097076 0.887279450893402 0.913474857807159 0.933079242706299 0.949268937110901 0.948024094104767 0.954373240470886 0.975497901439667 0.980489373207092 0.968240201473236 0.974452137947083 0.960237264633179 0.96811455488205 0.971397519111633 0.953301548957825 0.940344750881195 0.933361291885376 0.901510417461395 0.724400639533997 0.732086002826691 0.813274383544922 0.816374599933624 0.763076066970825 0.758433222770691 0.71329540014267 0.678982973098755 0.721726536750793 0.718644738197327 0.691245198249817 0.663049459457397 0.642999291419983 0.641702592372894
-339999999999999996123846586046231871488.000000000000000 -3.4e+38 -3.4e+38 0.287036240100861 0.292135149240494 0.304945588111877 0.338001847267151 0.338555097579956 0.384713649749756 0.623084008693695 0.672648429870605 0.707570850849152 0.715945601463318 0.804226517677307 0.866536378860474 0.858034789562225 0.906417906284332 0.915381491184235 0.90380597114563 0.937908411026001 0.957373023033142 0.973505854606628 0.967363774776459 0.97554612159729 0.968876421451569 0.984265863895416 0.974665880203247 0.975112199783325 0.985243678092957 0.948892295360565 0.955264508724213 0.947437644004822 0.675917685031891 0.707242965698242 0.737221896648407 0.813015460968018 0.787447810173035 0.661280035972595 0.650893867015839 0.661485731601715 0.701945841312408 0.675106465816498 0.649635136127472 0.571732521057129 0.60154664516449 0.583794593811035 0.555297791957855
-3.4e+38 -3.4e+38 -3.4e+38 -3.4e+38 0.269717633724213 0.325181573629379 0.328065067529678 0.343133330345154 0.349631637334824 0.42192754149437 0.670187056064606 0.703330338001251 0.669165194034576 0.752324342727661 0.766177654266357 0.847751617431641 0.898575365543365 0.860373914241791 0.921036005020142 0.938932180404663 0.927698373794556 0.967371463775635 0.958940148353577 0.96668541431427 0.98356306552887 0.981474578380585 0.9878950715065 0.984006702899933 0.970422804355621 0.981445074081421 0.978959560394287 0.942405641078949 0.696589529514313 0.708300232887268 0.738393068313599 0.790050685405731 0.692161977291107 0.651453256607056 0.656290411949158 0.674442291259766 0.588890910148621 0.600443720817566 0.577911257743835 0.566338121891022 0.559046149253845 0.560115814208984 0.54657644033432
-3.4e+38 -3.4e+38 -3.4e+38 -3.4e+38 -3.4e+38 0.372363656759262 0.286387801170349 0.341091454029083 0.348979443311691 0.427397519350052 0.45124489068985 0.51498931646347 0.489263981580734 0.713646590709686 0.709236085414886 0.754360437393188 0.810562133789062 0.875273048877716 0.904004275798798 0.907932698726654 0.945383846759796 0.951964318752289 0.960391759872437 0.960664391517639 0.977496027946472 0.980368912220001 0.98862898349762 0.991254448890686 0.976696968078613 0.981588780879974 0.980501592159271 0.930617868900299 0.696943938732147 0.686532616615295 0.720587849617004 0.75608366727829 0.679318010807037 0.669289410114288 0.58820241689682 0.588562846183777 0.573963403701782 0.575157642364502 0.609805166721344 0.5641108751297 0.566639542579651 0.543147444725037 0.520513415336609
-3.4e+38 -3.4e+38 -3.4e+38 -3.4e+38 -3.4e+38 0.344551205635071 0.352059453725815 0.342624664306641 0.355080157518387 0.435738265514374 0.421787708997726 0.482014268636703 0.500852465629578 0.59339827299118 0.697117626667023 0.693946301937103 0.788122236728668 0.847838044166565 0.847107410430908 0.908808588981628 0.909103393554688 0.949369490146637 0.94901430606842 0.972654819488525 0.972607731819153 0.983650147914886 0.983717858791351 0.991988956928253 0.97725373506546 0.98215526342392 0.970119476318359 0.964921116828918 0.618772566318512 0.696312606334686 0.699683308601379 0.664387285709381 0.682546973228455 0.570622682571411 0.527649462223053 0.573211491107941 0.521966576576233 0.520721554756165 0.558689653873444 0.584185183048248 0.544393599033356 0.479157835245132 0.483451396226883
-3.4e+38 -3.4e+38 -3.4e+38 -3.4e+38 -3.4e+38 -3.4e+38 0.339502960443497 0.351900398731232 0.360714197158813 0.417218148708344 0.49576124548912 0.455028623342514 0.503170847892761 0.47065058350563 0.549608647823334 0.673337459564209 0.775353610515594 0.786407172679901 0.848601281642914 0.841888725757599 0.893561005592346 0.918691456317902 0.955011069774628 0.95821750164032 0.98296058177948 0.982894837856293 0.987090408802032 0.980186939239502 0.980270028114319 0.991126179695129 0.965355277061462 0.961998999118805 0.668302178382874 0.646961033344269 0.663743495941162 0.655213236808777 0.542809844017029 0.563867032527924 0.538382828235626 0.496809959411621 0.482879489660263 0.482364624738693 0.491438150405884 0.512914836406708 0.424699872732162 0.473140507936478 0.441951960325241
-3.4e+38 -3.4e+38 -3.4e+38 -3.4e+38 -3.4e+38 -3.4e+38 -3.4e+38 0.384099155664444 0.350954443216324 0.410046279430389 0.361850649118423 0.42587748169899 0.482110887765884 0.470562279224396 0.562400281429291 0.560631215572357 0.583910226821899 0.755237460136414 0.802959442138672 0.835341691970825 0.870733916759491 0.918527841567993 0.916395485401154 0.963768422603607 0.97201931476593 0.972130298614502 0.987484812736511 0.969540178775787 0.975016474723816 0.977782547473907 0.977536618709564 0.945324540138245 0.945497572422028 0.575258255004883 0.564691185951233 0.538792252540588 0.525469243526459 0.523214221000671 0.495252519845963 0.472169995307922 0.463078945875168 0.470534861087799 0.475819259881973 0.472154825925827 0.421739757061005 0.394678741693497 0.403537094593048
-3.4e+38 -3.4e+38 -3.4e+38 -3.4e+38 -3.4e+38 -3.4e+38 -3.4e+38 0.300898224115372 0.355853319168091 0.377945989370346 0.43120601773262 0.412844330072403 0.479966312646866 0.485306292772293 0.538205683231354 0.531186759471893 0.632999837398529 0.703105866909027 0.730052411556244 0.80545312166214 0.856748640537262 0.858314752578735 0.91458261013031 0.952674686908722 0.955274820327759 0.982542037963867 0.980712592601776 0.974868535995483 0.970802247524261 0.968676686286926 0.978724896907806 0.932861030101776 0.904687762260437 0.584931373596191 0.539554357528687 0.541416227817535 0.517072796821594 0.523587703704834 0.489485681056976 0.481897801160812 0.472347676753998 0.487065613269806 0.502712845802307 0.495854467153549 0.463002383708954 0.397683709859848 0.405972391366959
-3.4e+38 -3.4e+38 -3.4e+38 -3.4e+38 -3.4e+38 -3.4e+38 -3.4e+38 -3.4e+38 0.308857411146164 0.362422734498978 0.36674490571022 0.422248333692551 0.408037155866623 0.457059234380722 0.546719193458557 0.533826112747192 0.531300902366638 0.590469777584076 0.630168557167053 0.700589656829834 0.852527558803558 0.830753028392792 0.841338515281677 0.914320826530457 0.956590175628662 0.96893984079361 0.98135781288147 0.970902442932129 0.979244709014893 0.963093817234039 0.957329034805298 0.957876265048981 0.909055054187775 0.885766208171844 0.524532616138458 0.52679842710495 0.500472724437714 0.469251036643982 0.488509148359299 0.501684486865997 0.575297951698303 0.586033821105957 0.511038184165955 0.471736699342728 0.483455777168274 0.470674067735672 0.406426310539246
