data/climate_estimation/maxent_output/Wurmbea_inusta.asc
NCOLS 28 
NROWS 16 
XLLCORNER 18.3333333333333 
YLLCORNER -34.4166666666667 
CELLSIZE 0.0833333333333333 
NODATA_value -3.4e+38 
0.643663048744202 0.602085292339325 0.736774086952209 0.844344258308411 0.782265186309814 0.545935869216919 0.486055433750153 0.373306423425674 0.543192148208618 0.893554449081421 0.762208640575409 0.44991871714592 0.033299408853054 0.0214155707508326 0.101245805621147 0.0608827993273735 0.018047733232379 0.00552585069090128 0.00214931066147983 0.00209223432466388 0.00229893298819661 0.00241229380480945 0.00269711553119123 0.00262902374379337 0.00345835392363369 0.00309657445177436 0.00408258335664868 0.0036808259319514
0.655561745166779 0.601270258426666 0.734357833862305 0.872660219669342 0.914514422416687 0.729958832263947 0.703323721885681 0.578442811965942 0.829956114292145 0.695148408412933 0.676181733608246 0.417211651802063 0.478412240743637 0.21575990319252 0.194196507334709 0.232240334153175 0.022424204275012 0.00944655947387218 0.00449318904429674 0.00485463812947273 0.00978416111320257 0.00850322749465704 0.00605255411937833 0.00454143108800054 0.00723464181646705 0.00940645486116409 0.00751389795914292 0.00636850157752633
0.788745641708374 0.789436101913452 0.907846748828888 0.968636393547058 0.925171613693237 0.875062763690948 0.837055802345276 0.568589389324188 0.775577962398529 0.641963064670563 0.743711709976196 0.636758983135223 0.650375783443451 0.50221985578537 0.235019221901894 0.167637005448341 0.143241047859192 0.0352388434112072 0.0335766933858395 0.00763626070693135 0.00673444289714098 0.0055061262100935 0.00706334551796317 0.00908941030502319 0.0232845619320869 0.0460503362119198 0.0619526356458664 0.0726542845368385
0.712163269519806 0.83622682094574 0.875442743301392 0.997458338737488 0.999655067920685 0.99680483341217 0.991673052310944 0.770645081996918 0.929335534572601 0.862868189811707 0.811811089515686 0.733155131340027 0.722553849220276 0.818224668502808 0.413316369056702 0.728650212287903 0.635758638381958 0.0683238133788109 0.0444161891937256 0.0136782927438617 0.00741486949846148 0.00981619209051132 0.0213806834071875 0.0200226176530123 0.0387844927608967 0.0298210363835096 0.0422618128359318 0.0548070669174194
0.779375016689301 0.966554760932922 0.987736344337463 0.998227119445801 0.999875783920288 0.998746991157532 0.987813174724579 0.975468754768372 0.971293747425079 0.885156452655792 0.843593120574951 0.954773366451263 0.949744999408722 0.913049519062042 0.942111849784851 0.712284624576569 0.236274421215057 0.189720168709755 0.136876121163368 0.0584420599043369 0.0230809077620506 0.0168018955737352 0.0228884927928448 0.0296626277267933 0.0391078814864159 0.0550561584532261 0.0510365478694439 0.0619311705231667
0.84899491071701 0.951306998729706 0.996690154075623 0.998047530651093 0.999802887439728 0.998047292232513 0.992779493331909 0.979761123657227 0.968428909778595 0.963060557842255 0.937423765659332 0.967607498168945 0.95537930727005 0.98023784160614 0.969880342483521 0.89945125579834 0.836257576942444 0.71968001127243 0.487073868513107 0.259075373411179 0.108619272708893 0.088401585817337 0.0675518661737442 0.0586772486567497 0.0646155700087547 0.0775546878576279 0.108258463442326 0.109945140779018
0.940983533859253 0.968540966510773 0.996604144573212 0.999624371528625 0.999713838100433 0.998352885246277 0.993356883525848 0.970353901386261 0.95511257648468 0.992370247840881 0.983703374862671 0.988498747348785 0.981562197208405 0.974005341529846 0.947332561016083 0.939378261566162 0.903202176094055 0.781911730766296 0.661207735538483 0.481707394123077 0.303587943315506 0.34233945608139 0.241330653429031 0.190358892083168 0.154268696904182 0.130278199911118 0.12692579627037 0.136987760663033
-3.4e+38 0.993590950965881 0.997132301330566 0.999912202358246 0.999832689762115 0.997968256473541 0.993828654289246 0.982735633850098 0.984509885311127 0.989338874816895 0.998279929161072 0.998283505439758 0.997121214866638 0.923117816448212 0.803624868392944 0.877150416374207 0.825040817260742 0.770423769950867 0.700515329837799 0.531321942806244 0.378514736890793 0.292017579078674 0.294454157352448 0.230735406279564 0.19561468064785 0.190162837505341 0.179730698466301 0.166155755519867
0.990584433078766 0.999062299728394 0.999862253665924 0.999503374099731 0.999493062496185 0.996952950954437 0.989100635051727 0.965672671794891 0.993870079517365 0.978620827198029 0.892128765583038 0.994956851005554 0.998892366886139 0.989136099815369 0.961516141891479 0.914980113506317 0.782441735267639 0.620227217674255 0.439223378896713 0.400326907634735 0.417505085468292 0.397157520055771 0.29468110203743 0.269022107124329 0.283870488405228 0.236852020025253 0.247434601187706 0.22763766348362
0.995920598506927 0.999601900577545 0.99987256526947 0.999475598335266 0.9995037317276 0.995284497737885 0.99444168806076 0.992140054702759 0.989210605621338 0.988627731800079 0.887656390666962 0.962267816066742 0.998047947883606 0.996232450008392 0.991764545440674 0.977165222167969 0.74131965637207 0.753464877605438 0.491315275430679 0.458828777074814 0.385542422533035 0.399330586194992 0.422153919935226 0.384404748678207 0.377151191234589 0.340607076883316 0.334092766046524 0.330003827810287
0.742327988147736 0.996078073978424 0.999732255935669 0.999823331832886 0.999230325222015 0.997556924819946 0.995222687721252 0.964879870414734 0.948522090911865 0.989101588726044 0.943464875221252 0.986435949802399 0.98984968662262 0.965813040733337 0.989506125450134 0.978627860546112 0.947793245315552 0.840193569660187 0.621064424514771 0.535925626754761 0.502776443958282 0.483142495155334 0.53625899553299 0.500592827796936 0.497745782136917 0.433491408824921 0.39605376124382 0.377802699804306
0.71328216791153 0.993805587291718 0.998431742191315 0.999665439128876 0.999954402446747 0.999689519405365 0.997671365737915 0.915109932422638 0.787574052810669 0.990935266017914 0.994130253791809 0.994391739368439 0.984735906124115 0.992576777935028 0.989291071891785 0.972453057765961 0.963434457778931 0.940001726150513 0.881102979183197 0.766209304332733 0.656097114086151 0.652921617031097 0.39736995100975 0.373622089624405 0.316356122493744 0.294865727424622 0.329439252614975 0.314522385597229
0.933605074882507 0.976356625556946 0.995935797691345 -3.4e+38 -3.4e+38 0.999910712242126 0.999640822410583 0.956260025501251 0.959938645362854 0.899085938930511 0.99267578125 0.992082536220551 0.992365539073944 0.987275958061218 0.988453507423401 0.955662131309509 0.897385954856873 0.830422580242157 0.830606818199158 0.77604204416275 0.720854640007019 0.718479990959167 0.635747253894806 0.418767392635345 0.39150458574295 0.348308056592941 0.384141892194748 0.332487195730209
0.882354080677032 0.891580581665039 -3.4e+38 -3.4e+38 -3.4e+38 0.999332308769226 0.95114928483963 0.969638705253601 0.991659045219421 0.965655207633972 0.994515359401703 0.992485642433167 0.981909394264221 0.962559044361115 0.960410296916962 0.972387194633484 0.956718862056732 0.874005317687988 0.813854932785034 0.786854684352875 0.773467838764191 0.75337427854538 0.660467624664307 0.466190874576569 0.442638337612152 0.42392885684967 0.424315094947815 0.386240720748901
0.885652482509613 0.896328628063202 -3.4e+38 -3.4e+38 -3.4e+38 0.987383723258972 0.977566361427307 0.983164310455322 0.988170206546783 0.991019129753113 0.990277051925659 0.964143574237823 0.964695870876312 0.939825713634491 0.945209324359894 0.9357008934021 0.948756754398346 0.920067071914673 0.890528798103333 0.84020608663559 0.850516021251678 0.812133252620697 0.779769897460938 0.537037253379822 0.476301789283752 0.476051032543182 0.495342671871185 0.466836482286453
-3.4e+38 0.909031212329865 -3.4e+38 -3.4e+38 -3.4e+38 0.983602404594421 0.980172336101532 0.986913681030273 0.987593829631805 0.961452841758728 0.953355252742767 0.903558313846588 0.894303917884827 0.912047147750854 0.930389285087585 0.931160748004913 0.912068665027618 0.906387448310852 0.890331268310547 0.894081294536591 0.853460371494293 0.841582775115967 0.874316215515137 0.669022738933563 0.587264001369476 0.536337018013 0.472538322210312 0.4981789290905
