data/climate_estimation/maxent_output/Wurmbea_angustifolia.asc
NCOLS 25 
NROWS 45 
XLLCORNER 27.8333333333333 
YLLCORNER -32 
CELLSIZE 0.0833333333333333 
NODATA_value -3.4e+38 
0.435280829668045 0.435276538133621 0.556436479091644 0.599898099899292 0.624693512916565 0.645723283290863 0.661783576011658 0.703390717506409 0.823589980602264 0.830108404159546 0.831416845321655 0.78901219367981 0.767502665519714 0.745392918586731 0.698143243789673 0.710433781147003 0.917008399963379 0.85678768157959 0.854858577251434 0.870023012161255 0.671993553638458 0.53059321641922 0.37733381986618 0.517458081245422 0.493679285049438
0.555453777313232 0.573744416236877 0.635523736476898 0.732900083065033 0.78005039691925 0.769636809825897 0.747244834899902 0.812087535858154 0.869878947734833 0.944877624511719 0.870177447795868 0.889794766902924 0.893625915050507 0.887161135673523 0.841570973396301 0.856412827968597 0.868871092796326 0.877685725688934 0.858546614646912 0.660403966903687 0.50628274679184 0.466600954532623 0.335159361362457 0.430845886468887 0.464552581310272
0.627086043357849 0.713484883308411 0.773909449577332 0.724096775054932 0.735812664031982 0.862851858139038 0.861654698848724 0.920608818531036 0.954793214797974 0.970212638378143 0.952596068382263 0.95019394159317 0.936144769191742 0.958148777484894 0.907703697681427 0.907347917556763 0.916316032409668 0.862383425235748 0.684792816638947 0.443248599767685 0.374952763319016 0.355808794498444 0.330382257699966 0.341917335987091 0.33881875872612
0.662476003170013 0.761834144592285 0.817176163196564 0.727086126804352 0.816921710968018 0.9051114320755 0.910490930080414 0.941303730010986 0.977078020572662 0.984931468963623 0.987441599369049 0.957564115524292 0.938784956932068 0.975243985652924 0.924662053585052 0.888513922691345 0.845320701599121 0.642004430294037 0.464752167463303 0.556222081184387 0.399685710668564 0.266840636730194 0.247831538319588 0.206696346402168 0.227314189076424
0.609857261180878 0.747909665107727 0.846329629421234 0.733957946300507 0.807974457740784 0.81449556350708 0.877557039260864 0.949886679649353 0.979066610336304 0.982895255088806 0.99507600069046 0.980702340602875 0.926889061927795 0.896460235118866 0.699099063873291 0.616225063800812 0.640657603740692 0.573049306869507 0.494838804006577 0.524315178394318 0.430253237485886 0.356263101100922 0.338627934455872 0.311666995286942 0.239514231681824
0.654008507728577 0.678458869457245 0.784452497959137 0.731679916381836 0.763800978660583 0.838677942752838 0.853246092796326 0.952995955944061 0.983274579048157 0.996065318584442 0.997869312763214 0.99765533208847 0.988038718700409 0.792834162712097 0.671546399593353 0.660662531852722 0.582780182361603 0.553845405578613 0.492408603429794 0.424993008375168 0.398318469524384 0.37122243642807 0.350136488676071 0.23725637793541 0.215454310178757
0.598569929599762 0.612135648727417 0.663477003574371 0.777097940444946 0.813821613788605 0.901468455791473 0.926908433437347 0.954656362533569 0.995076239109039 0.996218740940094 0.996265769004822 0.986076533794403 0.987409353256226 0.990021169185638 0.720627009868622 0.654777467250824 0.649394929409027 0.618272185325623 0.630034029483795 0.464050143957138 0.351671010255814 0.246769100427628 0.272491574287415 0.240986317396164 0.22604364156723
0.530701339244843 0.469987034797668 0.572914600372314 0.801003694534302 0.816988527774811 0.868555128574371 0.965911328792572 0.995050728321075 0.99725866317749 0.998266339302063 0.996867477893829 0.98423045873642 0.989362597465515 0.994134306907654 0.955653309822083 0.778040528297424 0.729661166667938 0.702919363975525 0.643387913703918 0.523155033588409 0.423251986503601 0.436308145523071 0.380112588405609 0.355163723230362 0.396396219730377
0.577060341835022 0.518566608428955 0.660690903663635 0.734058380126953 0.824906229972839 0.912450969219208 0.976866543292999 0.999272048473358 0.996006965637207 0.998574256896973 0.967679142951965 0.958951890468597 0.987247407436371 0.987478077411652 0.985934495925903 0.98989999294281 0.738649189472198 0.691603541374207 0.742112100124359 0.649201989173889 0.567308843135834 0.590775072574615 0.608032882213593 0.504998624324799 0.559122264385223
0.646831870079041 0.72535640001297 0.829243123531342 0.83931839466095 0.888614237308502 0.942414224147797 0.997665166854858 0.997620046138763 0.992912173271179 0.998851954936981 0.988479197025299 0.982674717903137 0.944502055644989 0.990104138851166 0.979090452194214 0.955356657505035 0.956713199615479 0.923008799552917 0.834529399871826 0.765266060829163 0.737727701663971 0.813274443149567 0.818874359130859 0.719929158687592 0.725867092609406
0.691586136817932 0.698560059070587 0.737256586551666 0.83171272277832 0.997931241989136 0.999509334564209 0.999382674694061 0.995487093925476 0.99442321062088 0.998046696186066 0.995395481586456 0.949469864368439 0.986058115959167 0.949708640575409 0.94576370716095 0.942847073078156 0.949552237987518 0.894899010658264 0.958595752716064 0.837630808353424 0.847998440265656 0.858861148357391 0.851275742053986 0.833667635917664 0.876691401004791
0.782166600227356 0.863915920257568 0.967498123645782 0.988793551921844 0.999549210071564 0.999671816825867 0.999212682247162 0.985106408596039 0.990821242332458 0.99019581079483 0.988333404064178 0.986820459365845 0.906759977340698 0.922039091587067 0.788542926311493 0.823489546775818 0.88133716583252 0.916566431522369 0.950247526168823 0.767795741558075 0.827153205871582 0.864166975021362 0.889538109302521 0.90279620885849 0.902206301689148
0.884420633316040 0.992350101470947 0.999130606651306 0.999141097068787 0.999421358108521 0.99958074092865 0.988228619098663 0.956004083156586 0.977246224880219 0.982572019100189 0.992645084857941 0.953218460083008 0.730296432971954 0.785778224468231 0.786918520927429 0.824293911457062 0.871465921401978 0.884312570095062 0.906876146793365 0.917708158493042 0.636430382728577 0.813720643520355 0.884181141853333 0.903338372707367 0.914402425289154
0.981287360191345 0.99922788143158 0.997456014156342 0.994922876358032 0.997945308685303 0.999563455581665 0.997560143470764 0.980392932891846 0.93702220916748 0.867494463920593 0.984915792942047 0.821417152881622 0.872963488101959 0.952366769313812 0.869813501834869 0.834130525588989 0.876187741756439 0.889734625816345 0.903378129005432 0.941032648086548 0.849387049674988 0.800062656402588 0.884284555912018 0.915455877780914 0.925162196159363
0.945587158203125 0.999625682830811 0.993204474449158 0.96072518825531 0.999279320240021 0.997864246368408 0.997631430625916 0.997089326381683 0.989770472049713 0.860909879207611 0.950530886650085 0.77225136756897 0.971987545490265 0.93865430355072 0.867207169532776 0.885269403457642 0.955699324607849 0.94816654920578 0.950681746006012 0.838867127895355 0.84972608089447 0.879964232444763 0.915130138397217 0.925728440284729 0.928377270698547
0.842708945274353 0.997641205787659 0.998762369155884 0.888956129550934 0.985676765441895 0.966483891010284 0.991944789886475 0.997621893882751 0.981510639190674 0.875262260437012 0.712180912494659 0.682404458522797 0.888574779033661 0.920131742954254 0.941900432109833 0.956064462661743 0.958760201931 0.952996730804443 0.833417534828186 0.841378629207611 0.852258205413818 0.87533712387085 0.898205637931824 0.928490579128265 0.939360380172729
0.756160736083984 0.98065173625946 0.992371559143066 0.826508522033691 0.849174201488495 0.975331246852875 0.996689319610596 0.997791051864624 0.993292987346649 0.983242571353912 0.719975531101227 0.638514399528503 0.89798378944397 0.937537312507629 0.9558385014534 0.951722681522369 0.956544697284698 0.977490484714508 0.882720112800598 0.846570551395416 0.840943574905396 0.84725958108902 0.805947721004486 0.8357213139534 0.868430078029633
0.856404662132263 0.995980203151703 0.986928045749664 0.85483056306839 0.688724100589752 0.919362545013428 0.934849560260773 0.959777414798737 0.996193945407867 0.990503489971161 0.732450366020203 0.646694362163544 0.979949355125427 0.987638354301453 0.989618718624115 0.986976802349091 0.952120840549469 0.901444137096405 0.887066662311554 0.847636163234711 0.842506229877472 0.916192412376404 0.877707481384277 0.688164889812469 0.724308252334595
0.961640119552612 0.943156242370605 0.86731094121933 0.874734997749329 0.611354768276215 0.757557570934296 0.97020560503006 0.996336400508881 0.998592734336853 0.995487689971924 0.940126240253448 0.775668859481812 0.96592766046524 0.996899724006653 0.987032890319824 0.990021884441376 0.95259702205658 0.885990738868713 0.844821870326996 0.848803699016571 0.865408062934875 0.870860159397125 0.92434298992157 0.76788866519928 0.596336007118225
0.769662201404572 0.877881407737732 0.759635269641876 0.856044232845306 0.708341121673584 0.706890106201172 0.947066843509674 0.995962500572205 0.996529698371887 0.96380740404129 0.909343302249908 0.944242417812347 0.994069516658783 0.995224893093109 0.987494349479675 0.981923520565033 0.945467114448547 0.887200057506561 0.864842534065247 0.882692337036133 0.88666957616806 0.862456381320953 0.859772264957428 0.814753234386444 0.699096620082855
0.622749507427216 0.730179727077484 0.623710215091705 0.811131596565247 0.657120823860168 0.707567453384399 0.893136203289032 0.963084518909454 0.996553659439087 0.975528955459595 0.939601898193359 0.98814857006073 0.995960295200348 0.98139214515686 0.976589500904083 0.968492269515991 0.940727472305298 0.907734334468842 0.895758092403412 0.891777038574219 0.895627737045288 0.853007376194 0.762958168983459 0.724722504615784 0.591828644275665
0.533212721347809 0.507858574390411 0.528325438499451 0.565348207950592 0.553121328353882 0.684978306293488 0.733636796474457 0.890098512172699 0.910618126392365 0.890205323696136 0.973149180412292 0.963982462882996 0.960741996765137 0.962827086448669 0.949848830699921 0.934659719467163 0.926910519599915 0.921767115592957 0.917944669723511 0.917081296443939 0.86552232503891 0.818411409854889 0.720127463340759 0.583479642868042 0.574913740158081
0.437572509050369 0.475093603134155 0.495838552713394 0.596664249897003 0.794409453868866 0.952262818813324 0.982766091823578 0.938233017921448 0.976845264434814 0.936929166316986 0.942248165607452 0.969256401062012 0.948548853397369 0.938415884971619 0.927462100982666 0.918087959289551 0.930789768695831 0.929847478866577 0.941315531730652 0.930099785327911 0.887975335121155 0.78150749206543 0.792981564998627 0.714962422847748 0.527763605117798
0.433170348405838 0.471755802631378 0.691663384437561 0.818947613239288 0.907554805278778 0.943615317344666 0.954180419445038 0.797979772090912 0.721422433853149 0.713960647583008 0.699354588985443 0.841482698917389 0.915259659290314 0.905637562274933 0.907532095909119 0.913422107696533 0.919162750244141 0.9271120429039 0.927246809005737 0.937710046768188 0.893722832202911 0.855010807514191 0.792548954486847 0.728535652160645 0.530910909175873
0.438763439655304 0.541492998600006 0.659197747707367 0.859382450580597 0.969042956829071 0.925256788730621 0.72934103012085 0.684834361076355 0.672160625457764 0.647511303424835 0.611319601535797 0.622852206230164 0.848773837089539 0.853944480419159 0.863298773765564 0.875046372413635 0.845384657382965 0.927401661872864 0.927188336849213 0.92781662940979 0.916220605373383 0.863603889942169 0.800159096717834 0.745362341403961 0.636009573936462
0.50227564573288 0.576402425765991 0.888970971107483 0.960677683353424 0.982138276100159 0.959187626838684 0.781372845172882 0.787223994731903 0.68662428855896 0.619340777397156 0.731540679931641 0.910761177539825 0.800101935863495 0.787799060344696 0.857252597808838 0.876194536685944 0.908117592334747 0.923673450946808 0.934287548065186 0.920587778091431 0.902647316455841 0.831051707267761 0.737616956233978 0.545674562454224 0.451024830341339
0.73716276884079 0.747584164142609 0.848431587219238 0.974925518035889 0.979024350643158 0.891846239566803 0.863234519958496 0.782007575035095 0.779410660266876 0.611293733119965 0.785932064056396 0.935800611972809 0.865150690078735 0.853300929069519 0.867378175258636 0.884582459926605 0.919618546962738 0.915708184242249 0.916428446769714 0.92939430475235 0.906951367855072 0.876746654510498 0.764822542667389 0.544832110404968 0.326034098863602
0.897214889526367 0.928009331226349 0.847078859806061 0.979771375656128 0.882725417613983 0.815800428390503 0.821625530719757 0.775685727596283 0.780127227306366 0.68541955947876 0.707749307155609 0.771958768367767 0.846301019191742 0.838776826858521 0.794108331203461 0.8135986328125 0.87995982170105 0.910540401935577 0.891965985298157 0.901077568531036 0.908916413784027 0.870050132274628 0.733974456787109 0.600213527679443 0.403193891048431
0.886069059371948 0.943480730056763 0.953903913497925 0.97435599565506 0.842316746711731 0.777388751506805 0.861466348171234 0.824989080429077 0.794396638870239 0.858636915683746 0.814304232597351 0.631716907024384 0.6683469414711 0.689118087291718 0.669665217399597 0.737681746482849 0.767206192016602 0.884911119937897 0.793863296508789 0.863704442977905 0.86232715845108 0.807485818862915 0.622258543968201 0.457526475191116 0.384905964136124
0.884519934654236 0.905676662921906 0.936286866664886 0.979266345500946 0.915759146213531 0.925292372703552 0.92394608259201 0.89280503988266 0.826033055782318 0.820278406143188 0.791495800018311 0.631536245346069 0.56349116563797 0.572771191596985 0.499333024024963 0.558665454387665 0.757989823818207 0.768240571022034 0.576865315437317 0.760208487510681 0.75818133354187 0.59688937664032 0.413353025913239 0.214755117893219 0.241576492786407
0.82454377412796 0.843236327171326 0.951481878757477 0.977657616138458 0.937107741832733 0.938605546951294 0.891646564006805 0.917091846466064 0.842784762382507 0.784880399703979 0.715344190597534 0.708819568157196 0.705974578857422 0.523246169090271 0.374645382165909 0.412716865539551 0.702345073223114 0.634904623031616 0.538478493690491 0.690200626850128 0.652912676334381 0.549232006072998 0.344707906246185 0.258862227201462 0.136861115694046
0.779512643814087 0.884601414203644 0.95741605758667 0.956784188747406 0.897157549858093 0.868886828422546 0.867569744586945 0.881759345531464 0.876383066177368 0.798822641372681 0.676089823246002 0.564209997653961 0.643092095851898 0.458608388900757 0.359644651412964 0.346598595380783 0.405598908662796 0.396810948848724 0.509992659091949 0.500397443771362 0.38178676366806 0.393496781587601 0.280495375394821 0.224604785442352 0.133970737457275
0.886997640132904 0.929923534393311 0.95753014087677 0.905879378318787 0.868317186832428 0.883976817131042 0.863606452941895 0.833595454692841 0.838979780673981 0.813465237617493 0.704841911792755 0.551726043224335 0.426384210586548 0.455542713403702 0.335252910852432 0.263766199350357 0.318323940038681 0.402802556753159 0.343916296958923 0.229233771562576 0.289525121450424 0.197270080447197 0.127290561795235 0.111742682754993 0.0698175728321075
0.900623321533203 0.959588885307312 0.95728999376297 0.908021807670593 0.857164144515991 0.873307585716248 0.846707999706268 0.845650136470795 0.825731933116913 0.716534078121185 0.681259989738464 0.559815645217896 0.394739061594009 0.345041751861572 0.388477623462677 0.2848901450634 0.200647071003914 0.205861002206802 0.23137466609478 0.156231999397278 0.209313526749611 0.0890351682901382 0.0661064684391022 0.0678758695721626 0.0441089756786823
0.913592278957367 0.958673119544983 0.943341493606567 0.896738171577454 0.888185262680054 0.839672446250916 0.873522579669952 0.887094914913177 0.7255699634552 0.62068098783493 0.558299243450165 0.496866881847382 0.459392458200455 0.362933069467545 0.288771957159042 0.349524915218353 0.269067585468292 0.142435505986214 0.102908492088318 0.148168489336967 0.116023607552052 0.0798568576574326 0.0467480458319187 0.0265587344765663 0.0193096715956926
0.92985612154007 0.957701981067657 0.913049578666687 0.906182646751404 0.871851444244385 0.876572072505951 0.906030654907227 0.880886912345886 0.804642021656036 0.659485518932343 0.538031280040741 0.460357695817947 0.427369207143784 0.378431230783463 0.216526031494141 0.132323741912842 0.172956347465515 0.0969658270478249 0.122892044484615 0.140089735388756 0.0922467112541199 0.0435038506984711 0.0358546748757362 0.0228772386908531 0.0149448029696941
0.936463534832001 0.924973785877228 0.915259301662445 0.912400364875793 0.910935044288635 0.902682363986969 0.882586479187012 0.814556241035461 0.780574560165405 0.670976340770721 0.591936111450195 0.509870052337646 0.46386730670929 0.292373836040497 0.222329542040825 0.135277584195137 0.0674303695559502 0.138907179236412 0.153335213661194 0.0976885184645653 0.0550078079104424 0.036873959004879 0.0211317632347345 0.0146249076351523 0.00754965376108885
0.896973073482513 0.847347676753998 0.880308270454407 0.865126311779022 0.862392604351044 0.881190180778503 0.875337302684784 0.868966579437256 0.832189202308655 0.580605208873749 0.570501506328583 0.549204409122467 0.472815454006195 0.418210864067078 0.292536169290543 0.21001435816288 0.0557809770107269 0.0477993376553059 0.0790010243654251 0.0624338090419769 0.038788516074419 0.0314140804111958 0.0192097835242748 0.00742901628836989 0.00399842951446772
0.7901970744133 0.728089869022369 0.827228367328644 0.826917409896851 0.78934109210968 0.827427268028259 0.839863359928131 0.730829954147339 0.550362348556519 0.516313672065735 0.447875499725342 0.455496340990067 0.460334748029709 0.388645797967911 0.312801748514175 0.209034830331802 0.127452999353409 0.028623016551137 0.0203253421932459 0.02312315069139 0.0120853614062071 0.00838929228484631 0.00481051532551646 0.00345093244686723 0.0022663502022624
0.639560580253601 0.601190209388733 0.728316009044647 0.714846849441528 0.604221343994141 0.589221656322479 0.7589972615242 0.56140011548996 0.509806394577026 0.48849618434906 0.376359641551971 0.356664955615997 0.370580434799194 0.296361058950424 0.2469192892313 0.168317958712578 0.0571726895868778 0.0262641068547964 0.0176098197698593 0.00602342933416367 0.00538927922025323 0.00292939320206642 0.00225213565863669 -3.4e+38 -3.4e+38
0.46554496884346 0.536814630031586 0.418658554553986 0.473415166139603 0.432295978069305 0.453790873289108 0.482673615217209 0.517414331436157 0.535868048667908 0.450844168663025 0.400276780128479 0.308807700872421 0.260526239871979 0.256341248750687 0.149144351482391 0.0981852859258652 0.0358884185552597 0.0114832185208797 0.00580656481906772 0.00364973000250757 0.00323907379060984 0.00225422205403447 -3.4e+38 -3.4e+38 -3.4e+38
0.339907318353653 0.334901988506317 0.404297113418579 0.357422590255737 0.420833885669708 0.419565916061401 0.461608052253723 0.497355759143829 0.493755906820297 0.398271292448044 0.389646619558334 0.292954444885254 0.152397289872169 0.161120980978012 0.107643820345402 0.0477277040481567 0.0361763685941696 0.0107687413692474 0.00385773903690279 0.00260528107173741 -3.4e+38 -3.4e+38 -3.4e+38 -3.4e+38 -3.4e+38
0.300695568323135 0.276707112789154 0.315015435218811 0.33859971165657 0.333566337823868 0.370835036039352 0.360462695360184 0.371161460876465 0.358349472284317 0.363025635480881 0.334297508001328 0.212963476777077 0.0947915688157082 0.0729224011301994 0.0663935467600822 0.0242261029779911 0.00870270561426878 0.00417256122455001 0.00262888916768134 -3.4e+38 -3.4e+38 -3.4e+38 -3.4e+38 -3.4e+38 -3.4e+38
0.29779177904129 0.288735449314117 0.348437964916229 0.301877021789551 0.311894595623016 0.289003074169159 0.291503667831421 0.211404129862785 0.245710372924805 0.291309744119644 0.235275581479073 0.142017737030983 0.0796091854572296 0.0451724790036678 0.0141843892633915 0.00813885405659676 0.0042260424233973 0.00265350425615907 -3.4e+38 -3.4e+38 -3.4e+38 -3.4e+38 -3.4e+38 -3.4e+38 -3.4e+38
0.279494374990463 0.283074527978897 0.253159254789352 0.232227444648743 0.271482646465302 0.271448940038681 0.248052388429642 0.131360754370689 0.11638405174017 0.151791974902153 0.144705384969711 0.0787532031536102 0.0471480526030064 0.0264813341200352 0.0144208036363125 0.00445401109755039 0.0026762408670038 -3.4e+38 -3.4e+38 -3.4e+38 -3.4e+38 -3.4e+38 -3.4e+38 -3.4e+38 -3.4e+38
