data/climate_estimation/maxent_output/Wurmbea_marginata.asc
NCOLS 86 
NROWS 69 
XLLCORNER 18.0833333333333 
YLLCORNER -34.5833333333333 
CELLSIZE 0.0833333333333333 
NODATA_value -3.4e+38 
[rows 19 to 37 of 69, columns 0 to 42 of 86]
0.600156128406525 0.458626121282578 0.413186997175217 0.245246052742004 0.266175478696823 0.257744193077087 0.187850683927536 0.141464069485664 0.119695596396923 0.0963893309235573 0.077284500002861 0.0597652867436409 0.0512831211090088 0.0394932627677917 0.0361451245844364 0.0339398682117462 0.0368987880647182 0.0356726571917534 0.03430001065135 0.00346326758153737 0.0015609246911481 0.00151497730985284 0.00146710418630391 0.00146753597073257 0.00164202286396176 0.00119146262295544 0.00132447562646121 0.000948732485994697 0.000419573247199878 0.000452137202955782 0.00048014908679761 0.000493009225465357 0.00056552398018539 0.000504910945892334 0.000783520634286106 0.000768427446018904 0.000759747053962201 0.00073747499845922 0.0011476370273158 0.00126949138939381 0.00123596005141735 0.00125521689187735 0.00123520335182548
0.306847929954529 0.180205121636391 0.145659387111664 0.304212629795074 0.0943247601389885 0.254156142473221 0.22896134853363 0.172158002853394 0.137832462787628 0.110218740999699 0.0825564041733742 0.0605238899588585 0.0549083910882473 0.0428138114511967 0.0328469723463058 0.0349500738084316 0.0321873314678669 0.0314787998795509 0.0361517369747162 0.039235420525074 0.00327345822006464 0.00182655348908156 0.00160792167298496 0.00164261600002646 0.00162328034639359 0.00152981502469629 0.00134018948301673 0.000848990748636425 0.000870506512001157 0.000638774479739368 0.00104708329308778 0.00051869620801881 0.000593275588471442 0.000529431970790029 0.000828282150905579 0.000750364561099559 0.000786740216426551 0.000758890178985894 0.00118549063336104 0.00125358009245247 0.00125043862499297 0.00127963244449347 0.00129398296121508
0.206778168678284 0.186705514788628 0.145508274435997 0.199700281023979 0.0973251163959503 0.134632378816605 0.181925192475319 0.180668070912361 0.157993361353874 0.0987934023141861 0.0869930759072304 0.0698518306016922 0.0532479546964169 0.0292612966150045 0.0370668359100819 0.0398340113461018 0.0352937839925289 0.0308766197413206 0.033373448997736 0.039434552192688 0.0344297550618649 0.00354660418815911 0.00376363913528621 0.00173103343695402 0.00177613785490394 0.00164309225510806 0.00164071016479284 0.0014138447586447 0.000995306065306067 0.000914708594791591 0.000911663053557277 0.000630581227596849 0.000735342386178672 0.00115971046034247 0.00127790647093207 0.00118204904720187 0.00127886631526053 0.00131123047322035 0.00128971529193223 0.00129597075283527 0.00137886335141957 0.00144232157617807 0.00156853429507464
0.13075652718544 0.118755750358105 0.0896414294838905 0.0750694498419762 0.0665619745850563 0.152592688798904 0.140533432364464 0.115888804197311 0.095358707010746 0.0789174735546112 0.12954281270504 0.11286798864603 0.0861351117491722 0.0366390645503998 0.0453524775803089 0.0516839772462845 0.0394141785800457 0.0380759797990322 0.0370491147041321 0.035967580974102 0.0372098535299301 0.0376043990254402 0.00372598296962678 0.00170095206703991 0.00165607477538288 0.00173429294954985 0.00171896570827812 0.0013235907536 0.00119874451775104 0.000949498149566352 0.000986336730420589 0.00101991172414273 0.0011497758096084 0.00130219513084739 0.00109495234210044 0.00140721187926829 0.00235938420519233 0.00147324113640934 0.00146106211468577 0.00145268067717552 0.001569255720824 0.00273242243565619 0.00287890341132879
0.0671642199158669 0.0629876852035522 0.0465728677809238 0.0846880152821541 0.0736720263957977 0.117607519030571 0.100477002561092 0.0850530937314034 0.0750410482287407 0.0659470185637474 0.0544770769774914 0.0432353354990482 0.0366730876266956 0.0450415052473545 0.0725828111171722 0.0685814544558525 0.049789872020483 0.0455582290887833 0.0398975275456905 0.0382217057049274 0.0368429645895958 0.0370472632348537 0.00419120630249381 0.0034123370423913 0.0034157217014581 0.00189595844130963 0.00170910754241049 0.00169189902953804 0.00138575723394752 0.00138660112861544 0.00155986694153398 0.0011086743324995 0.00119324901606888 0.00111970328725874 0.00123499892652035 0.00143956963438541 0.0022287406027317 0.00273017794825137 0.00266868970356882 0.00260813441127539 0.00415410380810499 0.00452488334849477 0.00328944181092083
0.0794753059744835 0.0649484395980835 0.0525773242115974 0.0457302369177341 0.0778860971331596 0.0643179193139076 0.102117337286472 0.0523764789104462 0.0469922572374344 0.0411496050655842 0.0346722863614559 0.0287057552486658 0.044760812073946 0.0377830043435097 0.0469362176954746 0.0903884619474411 0.067182682454586 0.057996965944767 0.0451779067516327 0.0417245551943779 0.0418087914586067 0.039921548217535 0.0376632623374462 0.00368551863357425 0.00362716312520206 0.00196274812333286 0.00176818133331835 0.00172075408045202 0.00186590710654855 0.00151004246436059 0.00157753855455667 0.00187714817002416 0.00163216842338443 0.0018783527193591 0.00200426345691085 0.0023091365583241 0.00263480073772371 0.00260799541138113 0.00372361694462597 0.00452527496963739 0.00479123694822192 0.00655533745884895 0.00554150203242898
0.0969869047403336 0.0739675909280777 0.0582303181290627 0.0447467938065529 0.0375265181064606 0.03449796885252 0.0308930613100529 0.0553915314376354 0.0432531349360943 0.0398233309388161 0.0358295999467373 0.0372227989137173 0.0977576300501823 0.0800926461815834 0.0608452782034874 0.102540276944637 0.0968495458364487 0.0779981464147568 0.0521645396947861 0.0495418347418308 0.0519545190036297 0.0550328604876995 0.0466620028018951 0.00490926252678037 0.00445132190361619 0.00455244304612279 0.00190957030281425 0.00189544109161943 0.00185835384763777 0.0018506390042603 0.00194670422933996 0.00192778185009956 0.00253106164745986 0.00272242818027735 0.00216977531090379 0.00230326363816857 0.00361774582415819 0.00406259205192327 0.00404852349311113 0.00461436854675412 0.00557989720255136 0.00639967666938901 0.00590206915512681
0.0524846352636814 0.0781065598130226 0.0609084889292717 0.0460498034954071 0.0388493873178959 0.0368175730109215 0.0332433916628361 0.0300115123391151 0.0277366396039724 0.0244456734508276 0.0225877184420824 0.0439286045730114 0.0825726762413979 0.0731033533811569 0.0848244205117226 0.107399307191372 0.103602342307568 0.0836202800273895 0.0671867057681084 0.0525448322296143 0.0522219687700272 0.0585635714232922 0.0561256557703018 0.00581840192899108 0.00537023600190878 0.0045718657784164 0.00425968179479241 0.0042151203379035 0.00207590241916478 0.00195877254009247 0.00200368254445493 0.00203171418979764 0.00252046971581876 0.00280444719828665 0.00294224824756384 0.0032682684250176 0.00407960917800665 0.00424383673816919 0.00464342348277569 0.0038940052036196 0.00530585274100304 0.00547491386532784 0.00553580233827233
0.112891308963299 0.0859896615147591 0.0661186352372169 0.0508025921881199 0.0464208126068115 0.0411327965557575 0.0365348421037197 0.0336984843015671 0.0297142285853624 0.0278847198933363 0.0669355094432831 0.0611033923923969 0.0954499617218971 0.0431047305464745 0.0746084153652191 0.084186963737011 0.0986572057008743 0.11347009986639 0.0744710490107536 0.0615867525339127 0.0511272065341473 0.0508223921060562 0.0588544681668282 0.0643857792019844 0.00607690215110779 0.00464069377630949 0.00446134619414806 0.00414591282606125 0.00426261033862829 0.00189877033699304 0.00213883048854768 0.0020675549749285 0.00225630379281938 0.00247915554791689 0.00318088079802692 0.00346766458824277 0.00360016943886876 0.00371561455540359 0.00370438396930695 0.0037467828951776 0.00487486738711596 0.00538738118484616 0.00571052450686693
0.0606298930943012 0.0958204790949821 0.076580211520195 0.062317069619894 0.0558999739587307 0.0481767095625401 0.042432252317667 0.0365984439849854 0.0344896093010902 0.0315788686275482 0.0736242905259132 0.173883274197578 0.0713247805833817 0.0493793785572052 0.0431741625070572 0.0728201419115067 0.0752293542027473 0.088090755045414 0.0658720135688782 0.0686201900243759 0.0577661581337452 0.0598179884254932 0.0617689676582813 0.0682545378804207 0.0589581206440926 0.0050893509760499 0.00450656469911337 0.00435112370178103 0.0044202427379787 0.00521179847419262 0.0046469490043819 0.00218272674828768 0.0023606086615473 0.00239757844246924 0.00312621332705021 0.00285691278986633 0.00333428662270308 0.00337262591347098 0.00332403881475329 0.00362087436951697 0.00409956742078066 0.00452752085402608 0.00539850816130638
0.138568952679634 0.117675930261612 0.0938158556818962 0.0763851851224899 0.0616727955639362 0.0555608682334423 0.0503307692706585 0.0435017272830009 0.0402598232030869 0.0362747944891453 0.0811470672488213 0.353777945041656 0.187197312712669 0.0698903128504753 0.0995624512434006 0.0796725824475288 0.0994915515184402 0.10844574123621 0.129955157637596 0.0885003358125687 0.106817454099655 0.093307301402092 0.0766401961445808 0.0665674433112144 0.0579800382256508 0.00491445977240801 0.00453557819128036 0.00484278239309788 0.00484049506485462 0.00470298668369651 0.00500070815905929 0.00444663781672716 0.00243490329012275 0.00270308996550739 0.00331128109246492 0.00290339486673474 0.00228597549721599 0.00283302739262581 0.00336271477863193 0.00331475026905537 0.00367609038949013 0.00431793509051204 0.00548185780644417
0.0722959563136101 0.133481651544571 0.111667484045029 0.0914816483855247 0.0778412148356438 0.0663225278258324 0.0590815953910351 0.0537491366267204 0.0449439436197281 0.0378798954188824 0.0394794568419456 0.365984588861465 0.345911353826523 0.295180857181549 0.2173862606287 0.153063058853149 0.180847838521004 0.138884693384171 0.148645877838135 0.142546251416206 0.141436621546745 0.105388835072517 0.0826506912708282 0.0646906793117523 0.0631147846579552 0.0506823807954788 0.00431494461372495 0.00452259788289666 0.00523360259830952 0.00540963094681501 0.00537737272679806 0.00473399320617318 0.00483891367912292 0.00248631509020925 0.00269847130402923 0.0026360412593931 0.0026372792199254 0.0026741148903966 0.00247537810355425 0.00239348667673767 0.00374226691201329 0.00432529719546437 0.00501984776929021
0.0772614628076553 0.0726523175835609 0.0632456094026566 0.108391523361206 0.0896470174193382 0.0789459720253944 0.0677895545959473 0.060942605137825 0.0518113747239113 0.0449763610959053 0.0405866988003254 0.239394932985306 0.369239032268524 0.299713730812073 0.250411808490753 0.183168217539787 0.222438529133797 0.193968772888184 0.172007113695145 0.152203798294067 0.116027496755123 0.105875506997108 0.0787115916609764 0.0684882178902626 0.0586735755205154 0.0491701513528824 0.00472400337457657 0.00466873310506344 0.00457839528098702 0.00514526292681694 0.00515954662114382 0.0050479955971241 0.00561037007719278 0.00513670360669494 0.00265762046910822 0.00268702441826463 0.00280422554351389 0.00274058594368398 0.00293158343993127 0.003332887776196 0.00328383757732809 0.00389450951479375 0.0045009171590209
0.0806284695863724 0.0722729936242104 0.0642529726028442 0.0599943660199642 0.0508291199803352 0.0463851429522038 0.0863459035754204 0.0695719346404076 0.0603209249675274 0.0508833564817905 0.129583492875099 0.397057890892029 0.35584956407547 0.325360774993896 0.276187360286713 0.287471264600754 0.293512910604477 0.228344410657883 0.185712948441505 0.158579215407372 0.127931371331215 0.100884467363358 0.0769229456782341 0.0678927153348923 0.0679104551672935 0.0409499518573284 0.033966988325119 0.00455763563513756 0.00468303263187408 0.00421493500471115 0.00464463094249368 0.00507817603647709 0.00602733111009002 0.00602857442572713 0.00296730548143387 0.00250397995114326 0.00257549667730927 0.00248672044835985 0.00283229909837246 0.00301639596000314 0.00347810355015099 0.00357032124884427 0.00371903274208307
0.16074725985527 0.0772184804081917 0.141589477658272 0.12935334444046 0.06090122833848 0.108707554638386 0.0962179824709892 0.0801456570625305 0.0670721456408501 0.0546510256826878 0.211019471287727 0.357481598854065 0.548084199428558 0.325794130563736 0.269425928592682 0.32635286450386 0.153546944260597 0.191291928291321 0.213377729058266 0.178687959909439 0.150813475251198 0.132950067520142 0.0918242558836937 0.0753403156995773 0.0753247439861298 0.0604255720973015 0.0333478488028049 0.00493438122794032 0.00511994771659374 0.00467148842290044 0.0038725093472749 0.0044610844925046 0.00473432894796133 0.00520949019119143 0.0026337921153754 0.00249897059984505 0.00256674340926111 0.0026714070700109 0.00303860031999648 0.00307610887102783 0.00308774714358151 0.00324449245817959 0.00409990875050426
-3.4e+38 0.156610250473022 0.15398383140564 0.162090167403221 0.141969993710518 0.119168676435947 0.107432067394257 0.0909664258360863 0.34442400932312 0.140365540981293 0.207603991031647 0.396035015583038 0.413227915763855 0.338824898004532 0.285742223262787 0.133931085467339 0.0944174751639366 0.138944700360298 0.159571647644043 0.102847635746002 0.130823358893394 0.139301881194115 0.102083019912243 0.0902663469314575 0.0850725919008255 0.0586969591677189 0.0352478958666325 0.0364684760570526 0.00496265711262822 0.00519951246678829 0.00464697368443012 0.0042575066909194 0.00444714492186904 0.00482619274407625 0.0026899604126811 0.00276185851544142 0.00296475039795041 0.00285275094211102 0.00293116876855493 0.00329301250167191 0.00309189036488533 0.00360125256702304 0.00384185742586851
-3.4e+38 0.164063647389412 0.176128074526787 0.173122823238373 0.307758957147598 0.264370441436768 0.209079563617706 0.645871222019196 0.504265964031219 0.289878159761429 0.213596865534782 0.217508852481842 0.211093589663506 0.281645148992538 0.281234711408615 0.133037745952606 0.0886716544628143 0.0675486102700233 0.0567200109362602 0.0416610278189182 0.12327616661787 0.132973104715347 0.114201903343201 0.120110414922237 0.0755235031247139 0.0574172846972942 0.0336833074688911 0.0339262001216412 0.00483920052647591 0.00472679175436497 0.00424976041540504 0.00428579840809107 0.00414048880338669 0.00437198439612985 0.00517699448391795 0.0027795962523669 0.00286360923200846 0.00261166668497026 0.00325881456956267 0.00308780022896826 0.00294894608668983 0.00347925815731287 0.00364460563287139
-339999999999999996123846586046231871488.000000000000000 -3.4e+38 0.1802778840065 0.346601694822311 0.326953172683716 0.456849426031113 0.212512359023094 0.324262529611588 0.287912726402283 0.211945563554764 0.172690644860268 0.170187383890152 0.156015008687973 0.1589475274086 0.217763602733612 0.120584107935429 0.0879185274243355 0.0339606516063213 0.0635620728135109 0.0415263809263706 0.0317220762372017 0.0734450072050095 0.122991926968098 0.134848088026047 0.064208596944809 0.0591039508581161 0.0103564467281103 0.00868874229490757 0.00982621032744646 0.0048845587298274 0.00447661196812987 0.00462478445842862 0.0040560569614172 0.00424590613692999 0.00475298706442118 0.00241596112027764 0.00255241454578936 0.0027785028796643 0.00328772864304483 0.0031596478074789 0.00296078436076641 0.00340041029267013 0.00391307007521391
-3.4e+38 -3.4e+38 0.180378168821335 0.353733867406845 0.324076950550079 0.483158081769943 0.563104867935181 0.330718845129013 0.415433406829834 0.444527745246887 0.174754232168198 0.165556624531746 0.145065188407898 0.0553185828030109 0.121676214039326 0.112642630934715 0.0874312222003937 0.0315587818622589 0.0493113324046135 0.0404574908316135 0.0166481956839561 0.0230251830071211 0.133827015757561 0.114109322428703 0.0569846108555794 0.0644385516643524 0.0474838465452194 0.00905696302652359 0.0350694581866264 0.00511051155626774 0.00558625580742955 0.00528889009729028 0.00475518917664886 0.00428727502003312 0.00447780545800924 0.00443216133862734 0.00242374115623534 0.00282070669345558 0.00309645221568644 0.0036949310451746 0.00382598210126162 0.00351751456037164 0.00429157260805368
