data/climate_estimation/maxent_output/Wurmbea_biglandulosa.asc
NCOLS 197 
NROWS 138 
XLLCORNER 137.583333333333 
YLLCORNER -37.8333333333333 
CELLSIZE 0.0833333333333333 
NODATA_value -3.4e+38 
[rows 40 to 59 of 138, columns 0 to 44 of 197]
0.000611514318734407 0.000712302571628243 0.000478967238450423 0.000939456804189831 0.000936382333748043 0.000908927526324987 0.000900584738701582 0.00104229396674782 0.00102642423007637 0.00107380538247526 0.00117107469122857 0.00125194434076548 0.001289670355618 0.000804268987849355 0.000796540989540517 0.000816722109448165 0.000786617631092668 0.000851512013468891 0.000855351623613387 0.000870106450747699 0.00087417452596128 0.000868754694238305 0.000872816366609186 0.000825257098767906 0.000826541217975318 0.000870206742547452 0.000544916954822838 0.000516034895554185 0.000494102772790939 0.000504927302245051 0.000494868203531951 0.000844791764393449 0.000904555199667811 0.000866194895934314 0.000911816547159106 0.000949498033151031 0.00097480951808393 0.000979345757514238 0.000948029744904488 0.000960086937993765 0.000988736050203443 0.000981115037575364 0.000991801032796502 0.00103438575752079 0.00166417495347559
0.000783620518632233 0.000805638206657022 0.000899121514521539 0.00110742775723338 0.000920738559216261 0.00109881372191012 0.000654716044664383 0.00110728887375444 0.00123251939658076 0.00122324354015291 0.00129357539117336 0.00136794825084507 0.00137230532709509 0.000833345053251833 0.000858188723213971 0.000857082195580006 0.000946536136325449 0.000946536136325449 0.000964243314228952 0.000918819569051266 0.00095529027748853 0.00100237631704658 0.000947892898693681 0.000924551568459719 0.000941962993238121 0.000925937783904374 0.000946239044424146 0.000906020752154291 0.000553437101189047 0.000528245524037629 0.00051532342331484 0.000897582736797631 0.00093467632541433 0.00093467632541433 0.00098542682826519 0.000991545733995736 0.00104538258165121 0.000990267377346754 0.00100415607448667 0.00099487544503063 0.00105214433278888 0.00110384763684124 0.00108186341822147 0.00174375344067812 0.00176819355692714
0.000736850488465279 0.00133254250977188 0.00133663415908813 0.00115394324529916 0.000990893924608827 0.00131541816517711 0.000783811789005995 0.00133783998899162 0.00138460914604366 0.00136164261493832 0.00142888107802719 0.00145105645060539 0.00143343210220337 0.00150655268225819 0.00148805207572877 0.00155192764941603 0.00162818178068846 0.00168729037977755 0.00173256173729897 0.00292864022776484 0.00297864573076367 0.00515130907297134 0.00312494533136487 0.00176192808430642 0.001695029088296 0.00106518226675689 0.00099929072894156 0.00097620754968375 0.000927349028643221 0.000890552531927824 0.000548379786778241 0.000968544511124492 0.00105486251413822 0.00100234535057098 0.000993081368505955 0.00109167408663779 0.00104054063558578 0.00174600374884903 0.00175141415093094 0.00106525071896613 0.0010953398887068 0.001124536851421 0.00110071990638971 0.00183508067857474 0.00186994345858693
0.000921556551475078 0.00162717420607805 0.000870327057782561 0.00107063131872565 0.00150192028377205 0.00162314181216061 0.00153409224003553 0.00144187174737453 0.00147819542326033 0.00160695938393474 0.00162268860731274 0.00131985417101532 0.00144764943979681 0.00145938748028129 0.00164844689425081 0.00170862593222409 0.00180419604294002 0.00291613512672484 0.00312638166360557 0.00528340181335807 0.00853234995156527 0.0116909677162766 0.00756451487541199 0.00321918516419828 0.00180931843351573 0.0018579822499305 0.00107677618507296 0.0010308506898582 0.000944920757319778 0.00093023048248142 0.000598188547883183 0.00103065848816186 0.00104188383556902 0.00101797748357058 0.00109675386920571 0.00173210515640676 0.00184029317460954 0.00169805600307882 0.00177322351373732 0.00186946243047714 0.00114590860903263 0.00121719157323241 0.00115659728180617 0.00183792144525796 0.0019346735207364
0.000940065598115325 0.000985705526545644 0.00106648751534522 0.00120234303176403 0.00129156862385571 0.00166568567510694 0.00172071775887161 0.00153972615953535 0.00179415394086391 0.00157618580851704 0.00240231142379344 0.00207540346309543 0.00230905949138105 0.00284439628012478 0.00286647002212703 0.00269165611825883 0.00299432780593634 0.00323049700818956 0.00510253850370646 0.00821519643068314 0.030813243240118 0.0373498350381851 0.0193869639188051 0.0094752786681056 0.00356269557960331 0.00115666456986219 0.00107677618507296 0.00101652729790658 0.000985335325822234 0.000615207944065332 0.000615089084021747 0.00107297243084759 0.00109167408663779 0.0010899860644713 0.00119080021977425 0.00187187478877604 0.00192224548663944 0.00187235639896244 0.00191038870252669 0.00194618012756109 0.00196736701764166 0.00192522117868066 0.00188397744204849 0.00202656420879066 0.00196787319146097
0.000896321900654584 0.00109458214137703 0.00106812000740319 0.00134297204203904 0.00155872281175107 0.00166601163800806 0.00170999043621123 0.00160330953076482 0.00159595406148583 0.00204334175214171 0.00211410131305456 0.00224940502084792 0.0023178169503808 0.00340412114746869 0.00242514559067786 0.00408024759963155 0.00703245913609862 0.0066965171135962 0.00951411109417677 0.0170403886586428 0.0388737730681896 0.0517628975212574 0.0314376428723335 0.00336887547746301 0.00117683294229209 0.00113345915451646 0.00069034070475027 0.000669072789605707 0.000645619933493435 0.000630670110695064 0.00110706815030426 0.00111223140265793 0.00112773233558983 0.00119449116755277 0.00114561372902244 0.00208002259023488 0.00196736701764166 0.00196432624943554 0.00199803430587053 0.00209023407660425 0.00205815327353776 0.00209671002812684 0.00211298768408597 0.00205815327353776 0.00198315153829753
0.00100618065334857 0.000983112258836627 0.0010827366495505 0.00124082819093019 0.00200408534146845 0.00222147046588361 0.00252294493839145 0.00265145464800298 0.00186563516035676 0.00207155547104776 0.00197343528270721 0.00283715524710715 0.00295430631376803 0.003902054624632 0.00396996829658747 0.00619254494085908 0.00855144578963518 0.0147024085745215 0.0219391752034426 0.0345322228968143 0.0488683506846428 0.0491849258542061 0.00367585499770939 0.0020056888461113 0.00122167414519936 0.0012156591983512 0.000706631573848426 0.000697802926879376 0.000669072789605707 0.00117811129894108 0.00121711450628936 0.00122468871995807 0.00120004906784743 0.00118895899504423 0.00130900950171053 0.00127897784113884 0.00209346949122846 0.00200112699531019 0.00215257052332163 0.00224841362796724 0.00220365938730538 0.00225169095210731 0.00223358720541 0.00220959214493632 0.00219001271761954
0.000968223495874554 0.00102534610778093 0.00108451023697853 0.00128334772307426 0.00183479569386691 0.00182220537681133 0.00180280650965869 0.00171369302552193 0.0030011183116585 0.00270368391647935 0.00249996269121766 0.00271815061569214 0.00320329680107534 0.00512335216626525 0.00518348859623075 0.00798211712390184 0.0205710753798485 0.0179156716912985 0.0416372083127499 0.0452445931732655 0.0463249944150448 0.027445126324892 0.00358032016083598 0.0012524580815807 0.00126981281209737 0.000754362088628113 0.000747357029467821 0.000724273500964046 0.000727652106434107 0.00129521498456597 0.00128122977912426 0.00126543152146041 0.00126129027921706 0.00131917593535036 0.00135224149562418 0.00129090691916645 0.00216592871583998 0.00225131446495652 0.00215923925861716 0.00226586754433811 0.00243732193484902 0.00231510424055159 0.00239503663033247 0.00236930884420872 0.00231510424055159
0.00101010082289577 0.000991814653389156 0.00146717834286392 0.00160726287867874 0.00179463229142129 0.0015267712296918 0.00282336142845452 0.00261550419963896 0.00237062014639378 0.00202900497242808 0.00258724996820092 0.0031177147757262 0.00537306256592274 0.00496579939499497 0.0114630721509457 0.0137060582637787 0.0299373175948858 0.0398021303117275 0.0427795946598053 0.0482848696410656 0.0627442896366119 0.0171051807701588 0.00226120045408607 0.00136189465411007 0.000810339523013681 0.000761432747822255 0.000768569647334516 0.000779176654759794 0.000798758235760033 0.00134433258790523 0.00133809249382466 0.00135500996839255 0.00131917593535036 0.0013994233449921 0.0014278560411185 0.00138007139321417 0.00239189364947379 0.00238819746300578 0.00244355876930058 0.0024862710852176 0.00238765752874315 0.00243227486498654 0.00243227486498654 0.00238765752874315 0.00249010999687016
0.000983348698355258 0.0015856025274843 0.00151022733189166 0.00164688215591013 0.00173073261976242 0.00206412118859589 0.00230831303633749 0.00249133235774934 0.0039702826179564 0.00354227889329195 0.00319895171560347 0.00334943667985499 0.005187111441046 0.00826472043991089 0.0116958525031805 0.0180305372923613 0.0387980788946152 0.0624507814645767 0.0505160242319107 0.043038472533226 0.0155752059072256 0.00252546113915741 0.00144484254997224 0.000830751669127494 0.000824318267405033 0.000774568121414632 0.000803730043116957 0.000812505197245628 0.000864518049638718 0.000860504223965108 0.00140639347955585 0.00140203814953566 0.00144787773024291 0.00152411265298724 0.00151705509051681 0.00153357384260744 0.00251323427073658 0.00256096408702433 0.00253260275349021 0.00243678013794124 0.00264453049749136 0.00262421066872776 0.00263231992721558 0.00258802692405879 0.00251326709985733
0.000883673201315105 0.00184439716394991 0.00122948666103184 0.00143861898686737 0.00148225296288729 0.0023739452008158 0.00249097519554198 0.00239372719079256 0.00283365673385561 0.00140551093500108 0.000792502367403358 0.00268728844821453 0.00856204424053431 0.0192670971155167 0.0274509843438864 0.028003990650177 0.0392869673669338 0.0417977422475815 0.0529411286115646 0.0140871675685048 0.00755430571734905 0.0024967344943434 0.00144484254997224 0.000890656898263842 0.000870035553816706 0.000829056836664677 0.000832924037240446 0.000845945498440415 0.000857838662341237 0.00147794641088694 0.00151766499038786 0.00152710813563317 0.00159158639144152 0.00155267270747572 0.00166247237939388 0.00269086984917521 0.0026660212315619 0.00273244455456734 0.00269477046094835 0.00255615473724902 0.00267819338478148 0.00267324270680547 0.00241060461848974 0.00270309741608799 0.00264942832291126
0.00237098569050431 0.00111125409603119 0.00113117415457964 0.00125263980589807 0.0018706067930907 0.00185646093450487 0.00242400262504816 0.00211128080263734 0.00260364171117544 0.000685194740071893 0.000653167662676424 0.00165931379888207 0.00896633416414261 0.0289642531424761 0.0466241836547852 0.045506227761507 0.036501444876194 0.0333182252943516 0.0398156717419624 0.0075539811514318 0.00277075660414994 0.00154000276234001 0.0014554321533069 0.000865996116772294 0.000893284101039171 0.00090303662000224 0.000920003396458924 0.000940201105549932 0.00153636885806918 0.0015557911247015 0.00154377508442849 0.00155820557847619 0.00174144573975354 0.00168578105513006 0.0016883909702301 0.00286328047513962 0.00291689834557474 0.0027964070905 0.00265431450679898 0.00256086909212172 0.00275785243138671 0.00286628259345889 0.00257764221169055 0.00227670650929213 0.00220136134885252
0.0012962551554665 0.00124097452498972 0.00123721093405038 0.00116960739251226 0.00189346459228545 0.002001948421821 0.00236192368902266 0.00150195439346135 0.00359169137664139 0.00171322317328304 0.00206254795193672 0.00352082098834217 0.0113723026588559 0.036703784018755 0.0490726120769978 0.0459961742162704 0.0419785343110561 0.0254727397114038 0.0152841275557876 0.010444956831634 0.00288494513370097 0.00162760610692203 0.00150360958650708 0.000887758622411638 0.000910067756194621 0.000957865850068629 0.00160703575238585 0.00160703575238585 0.00168382306583226 0.00170775386504829 0.00168931810185313 0.00176313112024218 0.00176859437488019 0.00181057816371322 0.00281077856197953 0.00259002042002976 0.00278003909625113 0.00275442725978792 0.00276720360852778 0.00272064423188567 0.00272064423188567 0.00221837079152465 0.00245997961610556 0.00238591060042381 0.00312091666273773
0.0011857901699841 0.00118399073835462 0.00167791533749551 0.00183696986641735 0.00159320596139878 0.00174455100204796 0.00228647654876113 0.00254476792179048 0.00176632695365697 0.00357325398363173 0.00378877576440573 0.00935547426342964 0.029275031760335 0.062550000846386 0.0831474587321281 0.045319490134716 0.0340168289840221 0.0263925045728683 0.0238632783293724 0.0267213992774487 0.00494062062352896 0.00175225490238518 0.00165179162286222 0.00161478237714618 0.00153161131311208 0.00164256186690181 0.00167081889230758 0.00168905302416533 0.00171278929337859 0.00173443998210132 0.00184570590499789 0.00189951632637531 0.00189951632637531 0.00188779958989471 0.00267550302669406 0.00316478894092143 0.00281022046692669 0.00304130231961608 0.00271319085732102 0.00255702901631594 0.00251410040073097 0.00240434426814318 0.00219506165012717 0.00308339041657746 0.00300377677194774
0.00164697202853858 0.00161241262685508 0.00158336758613586 0.0015738025540486 0.00182802055496722 0.0016616660868749 0.00186261802446097 0.00188187952153385 0.0014473176561296 0.00143663946073502 0.0119756227359176 0.0299999918788671 0.0800066068768501 0.0918599590659142 0.0499156676232815 0.0497067272663116 0.0450982563197613 0.0225162412971258 0.0175018645823002 0.0120540168136358 0.0053472938016057 0.00179061759263277 0.00172224652487785 0.00177636416628957 0.00173148105386645 0.00170748599339277 0.00175853760447353 0.00183970271609724 0.00188007252290845 0.0019127115374431 0.0019127115374431 0.00192912691272795 0.00313768466003239 0.00320633011870086 0.00305283162742853 0.00310289743356407 0.00305540743283927 0.00282858056016266 0.00261675007641315 0.00272064167074859 0.00281433435156941 0.00247241836041212 0.00241598743014038 0.00339357159100473 0.00308545911684632
0.000842294481117278 0.00157597532961518 0.00109023903496563 0.00197674566879869 0.00204254197888076 0.00204254197888076 0.00196686270646751 0.000893087824806571 0.000958797230850905 0.00146748078987002 0.00657722866162658 0.0484625808894634 0.0787292495369911 0.092409148812294 0.0496603697538376 0.0331728607416153 0.036115363240242 0.0152542246505618 0.0157087910920382 0.0147869950160384 0.00554964784532785 0.00322025502100587 0.0019167346181348 0.0019346063490957 0.00181392463855445 0.00184512685518712 0.00188591144979 0.0018057901179418 0.00195165374316275 0.00196989323012531 0.00349607225507498 0.00346380076371133 0.00324121327139437 0.00316822389140725 0.00282954797148705 0.0027905369643122 0.00310874939896166 0.00300503335893154 0.00256545864976943 0.00251076859422028 0.00274224206805229 0.00263062445446849 0.00198119669221342 0.00295916758477688 0.00305775436572731
0.00159783510025591 0.00129563850350678 0.00134798756334931 0.00131562969181687 0.00113326357677579 0.00100382254458964 0.00143999117426574 0.0010006355587393 0.000943185412324965 0.00218229228630662 0.0186895057559013 0.0561318621039391 0.0749627202749252 0.0826495811343193 0.0713687017560005 0.0365052446722984 0.0213705766946077 0.0146835343912244 0.0167546365410089 0.0222236961126328 0.00543296942487359 0.00330599932931364 0.0033626917283982 0.00334196491166949 0.00331405783072114 0.00329817272722721 0.00327779585495591 0.00335019477643073 0.00335019477643073 0.00351556926034391 0.00367332459427416 0.00357363047078252 0.00334435445256531 0.00305065093562007 0.00282083218917251 0.00278289243578911 0.00277860299684107 0.00272122118622065 0.00277621345594525 0.00278048915788531 0.0024620764888823 0.00233294209465384 0.00322198285721242 0.00341228418983519 0.00351510825566947
0.00138663768302649 0.00167749531101435 0.00161575269885361 0.000984695390798151 0.00215933262370527 0.00272740470245481 0.00145320210140198 0.00100907729938626 0.00299472664482892 0.00228903372772038 0.00554934190586209 0.0477948896586895 0.108352743089199 0.101258493959904 0.0676015168428421 0.0178026668727398 0.0136137316003442 0.0154494224116206 0.00981666054576635 0.00964194349944592 0.00586666585877538 0.00586898811161518 0.00355601822957397 0.00345756206661463 0.00359264737926424 0.00359821715392172 0.00365439034067094 0.00378107163123786 0.00371143873780966 0.00372353824786842 0.00384268234483898 0.00383692840114236 0.00341540039516985 0.00304229510948062 0.00270989304408431 0.00252954615280032 0.00298904976807535 0.00294340518303216 0.00266788504086435 0.00243194447830319 0.00214820960536599 0.00311135593801737 0.00321508571505547 0.00366982654668391 0.00450715189799666
0.00125013280194253 0.00125393562484533 0.00251718098297715 0.00212516053579748 0.00288199260830879 0.00285929907113314 0.00195780536159873 0.00195844587869942 0.00453139143064618 0.00463384017348289 0.00646373396739364 0.108257435262203 0.146148204803467 0.127591818571091 0.091251440346241 0.0234937630593777 0.0118531845510006 0.0151550890877843 0.0164363272488117 0.0103751253336668 0.0106709469109774 0.00617728568613529 0.00591446412727237 0.00614716904237866 0.00634832587093115 0.00619311863556504 0.00626774597913027 0.00634832587093115 0.00391881400719285 0.00372743629850447 0.00372168025933206 0.00365894683636725 0.0030611224938184 0.00332816364243627 0.00308111938647926 0.00273314490914345 0.00315588829107583 0.00322957336902618 0.00267667975276709 0.00221182126551867 0.00238968897610903 0.00340297119691968 0.00320549914613366 0.00339434668421745 0.00525289867073298
0.0028655263595283 0.00264591746963561 0.00185208616312593 0.00371592445299029 0.00226028496399522 0.00203615939244628 0.00202836911194026 0.00346664432436228 0.00703753996640444 0.00688067404553294 0.0151563845574856 0.116082265973091 0.130333885550499 0.151136338710785 0.110357038676739 0.073813833296299 0.0212333500385284 0.0197131745517254 0.013272363692522 0.0140070952475071 0.0162300076335669 0.00912670604884624 0.0094186021015048 0.009447674266994 0.0057906536385417 0.00663131335750222 0.00663131335750222 0.00692587858065963 0.00569507665932178 0.00534893898293376 0.00590321701020002 0.00558670144528151 0.00370185682550073 0.00345897767692804 0.00305009563453496 0.00290353852324188 0.00289969122968614 0.00279024871997535 0.00216162949800491 0.0022393527906388 0.00371615961194038 0.00339282536879182 0.00346845621243119 0.00436851428821683 0.00556281767785549
