data/climate_estimation/maxent_output/Wurmbea_drummondii.asc
NCOLS 454 
NROWS 45 
XLLCORNER 114.833333333333 
YLLCORNER -33.25 
CELLSIZE 0.0833333333333333 
NODATA_value -3.4e+38 
[rows 19 to 37 of 45, columns 215 to 257 of 454]
0.044405534863472 0.0451287738978863 0.046889778226614 0.0520600341260433 0.0444990731775761 0.0466830246150494 0.0485403798520565 0.046150054782629 0.046774722635746 0.048391368240118 0.0511979274451733 0.0468613468110561 0.0463553033769131 0.045428279787302 0.0453716441988945 0.0393793024122715 0.0342734158039093 0.0363763682544231 0.0329968370497227 0.0297466050833464 0.0291521865874529 0.0229557491838932 0.0252422653138638 0.0243430156260729 0.0240068547427654 0.0214698873460293 0.0171485263854265 0.0169394705444574 0.015649801120162 0.0172025393694639 0.0172248706221581 0.0151630165055394 0.0080415140837431 0.00727588497102261 0.00720786629244685 0.00783459562808275 0.00644638668745756 0.00649539986625314 0.0064068865031004 0.00617012707516551 0.00623071100562811 0.00564782414585352 0.00513726752251387
0.0498405136168003 0.0508437342941761 0.0471570789813995 0.0531857647001743 0.0371006913483143 0.0380007438361645 0.0344778336584568 0.0332650691270828 0.0346531681716442 0.0363081693649292 0.0366112254559994 0.038722924888134 0.0399960614740849 0.0336730405688286 0.0456361472606659 0.0448200665414333 0.0397332832217216 0.0348796769976616 0.0342119857668877 0.0334124267101288 0.0323202088475227 0.0287994276732206 0.0277084670960903 0.0242212899029255 0.0214952025562525 0.0216681510210037 0.021470358595252 0.0176574159413576 0.0174940302968025 0.0170718152076006 0.0185544360429049 0.0186687689274549 0.0139308925718069 0.0154285077005625 0.00676696700975299 0.00710518751293421 0.0149575527757406 0.00657919188961387 0.0066932593472302 0.00574422627687454 0.00521058542653918 0.00511086452752352 0.0063339346088469
0.0511841624975204 0.0429283007979393 0.0391901396214962 0.0391658842563629 0.0369855239987373 0.0386248379945755 0.0321151502430439 0.0368439182639122 0.0381587818264961 0.0363611839711666 0.0341886766254902 0.0325231477618217 0.0338250026106834 0.0393901318311691 0.0372555442154408 0.0359130315482616 0.0492409616708755 0.0433343499898911 0.038487933576107 0.0379686243832111 0.0335787385702133 0.0348201170563698 0.0311662256717682 0.0295532327145338 0.0275037325918674 0.0221756026148796 0.0262892562896013 0.0237789917737246 0.0194741636514664 0.019068593159318 0.0183758214116096 0.018788168206811 0.0171622410416603 0.0169126577675343 0.0154388397932053 0.0155365960672498 0.0154026169329882 0.0150965750217438 0.0152927152812481 0.012149540707469 0.0132427113130689 0.00529355928301811 0.00510732922703028
0.0371895395219326 0.042698685079813 0.039321418851614 0.0407348498702049 0.042129997164011 0.0432522296905518 0.0450734160840511 0.0403472408652306 0.0358382612466812 0.0369859784841537 0.0390554443001747 0.0359637998044491 0.038720615208149 0.0365203097462654 0.0381618961691856 0.0363032221794128 0.0360546931624413 0.0481935180723667 0.0474308207631111 0.0424558781087399 0.0442749373614788 0.0329943969845772 0.0350044742226601 0.0282656718045473 0.0286061521619558 0.0252946354448795 0.0271525308489799 0.0269910823553801 0.0240660663694143 0.0239741187542677 0.0234919153153896 0.0209083538502455 0.0226335655897856 0.0186539590358734 0.0169965289533138 0.0168025381863117 0.0152246095240116 0.0150125017389655 0.0149623118340969 0.0148528339341283 0.0146628748625517 0.013116430491209 0.00937062222510576
0.0408624038100243 0.0453937873244286 0.0398500673472881 0.0418166071176529 0.0424019657075405 0.0451343432068825 0.0378935486078262 0.0406518466770649 0.0394314676523209 0.0457304492592812 0.040556475520134 0.0374074056744576 0.0377448685467243 0.0443913750350475 0.0426228158175945 0.0404647663235664 0.0465232022106647 0.0595749653875828 0.0536832176148891 0.0518980957567692 0.051043689250946 0.0481010228395462 0.0427598766982555 0.0391151495277882 0.0382876507937908 0.0317573547363281 0.0309932567179203 0.0304558165371418 0.0273783225566149 0.0291747357696295 0.0294410549104214 0.0231346245855093 0.0246082618832588 0.020169110968709 0.0207497850060463 0.0186382792890072 0.0169252939522266 0.0168582573533058 0.0165039002895355 0.0149105340242386 0.0147008756175637 0.013686983846128 0.0133837023749948
0.0456404685974121 0.0504690483212471 0.046148806810379 0.0509064346551895 0.0482935458421707 0.0467327833175659 0.0224513709545135 0.020190566778183 0.0193283837288618 0.0173402801156044 0.0191357061266899 0.0185606777667999 0.0407130308449268 0.0416946262121201 0.0384468659758568 0.0418591722846031 0.0442660860717297 0.0424282737076283 0.0600995682179928 0.0655406042933464 0.0506596751511097 0.0550444684922695 0.0476648062467575 0.0478089340031147 0.0396622233092785 0.0354334786534309 0.0378282815217972 0.0371276661753654 0.0357675887644291 0.0316545218229294 0.0262440387159586 0.0287914797663689 0.0248782150447369 0.0248782150447369 0.0190854072570801 0.0187173299491405 0.0184351559728384 0.0181769616901875 0.0164004527032375 0.0166353993117809 0.0163160022348166 0.0145603232085705 0.0144916456192732
0.0273382794111967 0.0255729705095291 0.0259430911391973 0.0240256935358047 0.0244264993816614 0.0223484337329865 0.0234607197344303 0.0192997604608536 0.0202565025538206 0.0217884760349989 0.0211743451654911 0.021442424505949 0.0211946219205856 0.0182241722941399 0.0404316410422325 0.0529116988182068 0.044955238699913 0.0437948741018772 0.0515987873077393 0.0723550170660019 0.0646022781729698 0.0617109723389149 0.055973369628191 0.0543168224394321 0.0434877760708332 0.0529526248574257 0.0422153025865555 0.0375766791403294 0.0357753112912178 0.0398661457002163 0.035327635705471 0.0291108097881079 0.0312498714774847 0.0276709329336882 0.0248782150447369 0.0245913527905941 0.0226363744586706 0.0200192704796791 0.0202675294131041 0.0195071510970592 0.0163117758929729 0.0174767784774303 0.0160862170159817
0.0286057777702808 0.0257271025329828 0.0260336957871914 0.0267621204257011 0.0239558983594179 0.0219660587608814 0.0250292830169201 0.0207300651818514 0.0210223440080881 0.0198105238378048 0.018445985391736 0.0187275167554617 0.0184895787388086 0.0186643786728382 0.0487990528345108 0.0488406084477901 0.0467223078012466 0.0500408299267292 0.0470044314861298 0.0558111593127251 0.0528857000172138 0.0735662654042244 0.0643434971570969 0.0699544548988342 0.0600728206336498 0.0533149354159832 0.0472756363451481 0.0543555617332458 0.0430796258151531 0.0385551750659943 0.0390471369028091 0.0348248183727264 0.0346095561981201 0.033385518938303 0.0298354923725128 0.0293962974101305 0.0273627117276192 0.0245433729141951 0.0220385249704123 0.0220342483371496 0.0183383971452713 0.0198904909193516 0.0178633667528629
0.0300307888537645 0.0320884808897972 0.0318779535591602 0.0658092200756073 0.0261172186583281 0.0266595277935266 0.0228245202451944 0.0211926400661469 0.0222061481326818 0.0205397997051477 0.0192129947245121 0.0200706701725721 0.019063975661993 0.0244387574493885 0.0454295314848423 0.0499323457479477 0.0471520870923996 0.0521028637886047 0.0600495599210262 0.0573896542191505 0.061177983880043 0.0574498400092125 0.0913319885730743 0.0733078867197037 0.0625359714031219 0.0598372705280781 0.0627783387899399 0.0558904558420181 0.0595291815698147 0.0523144714534283 0.0424666255712509 0.0462792813777924 0.0410079807043076 0.0358759835362434 0.0352222733199596 0.0318942777812481 0.0324084050953388 0.0297030508518219 0.0270117912441492 0.0241778623312712 0.0221349205821753 0.0200026053935289 0.0192702431231737
0.0301813837140799 0.0346982628107071 0.0756720900535583 0.0630252659320831 0.053859505802393 0.0267350114881992 0.0243474896997213 0.0239862110465765 0.0215322766453028 0.0210985373705626 0.018765090033412 0.0202703159302473 0.0207522623240948 0.0227092858403921 0.0513826943933964 0.0528770238161087 0.057659674435854 0.0566203333437443 0.0615782886743546 0.058028269559145 0.0624406151473522 0.0660010278224945 0.0947363525629044 0.0970487967133522 0.0849127769470215 0.0772892162203789 0.0611501783132553 0.0634972378611565 0.0622397363185883 0.0671825259923935 0.0633790343999863 0.0514729917049408 0.0541903115808964 0.0398221351206303 0.0391814298927784 0.0381107330322266 0.0338397324085236 0.0313560925424099 0.0294026993215084 0.0292662903666496 0.0264223664999008 0.0223876778036356 0.0217931270599365
0.0324544981122017 0.0322664380073547 0.070092149078846 0.0732710734009743 0.0578884445130825 0.0284190010279417 0.0235065184533596 0.02245276235044 0.0195012930780649 0.0200970359146595 0.0189124215394258 0.0198647081851959 0.0192184075713158 0.0469935685396194 0.0464066565036774 0.05410036444664 0.0627147704362869 0.0624535456299782 0.0697322636842728 0.0663954690098763 0.0716564580798149 0.0744014605879784 0.110689334571362 0.113552562892437 0.105543062090874 0.0840658247470856 0.0819237157702446 0.0860239341855049 0.0810735449194908 0.0813958793878555 0.0716453641653061 0.0628588646650314 0.0522240772843361 0.0497318617999554 0.0476677753031254 0.042550265789032 0.0390158519148827 0.0350687727332115 0.0385606661438942 0.0331244245171547 0.0263917483389378 0.0270112100988626 0.0243527553975582
-3.4e+38 0.0394856929779053 0.0369800329208374 0.0320004783570766 0.028867369517684 0.0302672497928143 0.0256975274533033 0.0232497155666351 0.0200269110500813 0.0412836261093616 0.0414354652166367 0.0402856878936291 0.0406921915709972 0.0509559996426105 0.0521569177508354 0.0562407411634922 0.0588395074009895 0.0731091424822807 0.0714180544018745 0.0834294185042381 0.0809950456023216 0.0727783963084221 0.0916079953312874 0.0846390128135681 0.124482929706573 0.105797491967678 0.0999300703406334 0.114349491894245 0.0992644354701042 0.0906535387039185 0.0857201740145683 0.0647746101021767 0.0686371400952339 0.0612614937126637 0.0488850213587284 0.0473468899726868 0.0476465448737144 0.0433379784226418 0.035949345678091 0.0262085366994143 0.0256769061088562 0.029156718403101 0.0262237582355738
-3.4e+38 -3.4e+38 0.0382697843015194 0.0357311181724072 0.0299404468387365 0.028819439932704 0.0255787558853626 0.0242474991828203 0.0513578578829765 0.0461162962019444 0.0378940738737583 0.0395069718360901 0.0409853048622608 0.0514165349304676 0.0534956827759743 0.0712879151105881 0.0672851651906967 0.0767563804984093 0.0899580493569374 0.0846871063113213 0.0824081674218178 0.0987837016582489 0.0944027155637741 0.0978909134864807 0.0934059843420982 0.091218613088131 0.137637674808502 0.118073016405106 0.123054899275303 0.107260018587112 0.0891828313469887 0.0943237692117691 0.0699329599738121 0.0676615983247757 0.0601077638566494 0.053660124540329 0.0593620501458645 0.035202119499445 0.0295110512524843 0.0298025440424681 0.0289739537984133 0.0283625181764364 0.0295191369950771
-3.4e+38 -3.4e+38 -3.4e+38 -3.4e+38 0.0312785543501377 0.0287852175533772 0.0250837951898575 0.0245817191898823 0.0461721234023571 -3.4e+38 0.0492355152964592 0.0432841144502163 0.0474428944289684 0.0568051859736443 0.0610374920070171 0.0673463046550751 0.0718198344111443 0.0802115425467491 0.0910823047161102 0.0969321504235268 0.104600913822651 0.114580042660236 0.112296000123024 0.122365050017834 0.0973373055458069 0.0954566448926926 0.0986478850245476 0.101434648036957 0.14139860868454 0.131019160151482 0.0961483791470528 0.094511054456234 0.0826990753412247 0.07437913864851 0.0735506042838097 0.0682369023561478 0.0616991706192493 0.0441909320652485 0.0359107218682766 0.0424404740333557 0.0356821343302727 0.0292954612523317 0.0358625948429108
-3.4e+38 -3.4e+38 -3.4e+38 -3.4e+38 -3.4e+38 0.0280846264213324 -3.4e+38 -3.4e+38 -3.4e+38 0.0511715412139893 0.0515553615987301 -3.4e+38 0.0473582074046135 0.0631476044654846 0.0750045254826546 0.0772168710827827 0.0901845768094063 0.0980408638715744 0.107934199273586 0.100209087133408 0.131758078932762 0.123663522303104 0.132627665996552 0.127751916646957 0.123312056064606 0.12109162658453 0.11342740803957 0.12077721208334 0.10897009074688 0.140179485082626 0.118342697620392 0.118588723242283 0.0947391912341118 0.0916581153869629 0.083347462117672 0.0833066925406456 0.0555801428854465 0.0502237230539322 0.0492252483963966 0.0226170010864735 0.0429410748183727 0.0324436761438847 0.0404189005494118
-3.4e+38 -3.4e+38 -3.4e+38 -3.4e+38 -3.4e+38 -3.4e+38 -3.4e+38 0.0278096925467253 0.0588650666177273 -3.4e+38 -3.4e+38 -3.4e+38 0.0644359365105629 0.0817838311195374 0.0758518353104591 0.0834404826164246 0.0990971326828003 0.100818991661072 0.110029093921185 0.116501957178116 0.137444898486137 0.159054532647133 0.154818564653397 0.145617291331291 0.154294565320015 0.132086157798767 0.125064268708229 0.11052905023098 0.117045149207115 0.117465309798717 0.153895512223244 0.122514478862286 0.104811064898968 0.095456175506115 0.114431902766228 0.0865712538361549 0.0933530405163765 0.0619122572243214 0.0243847277015448 0.0255951080471277 0.0273112207651138 0.0633024796843529 0.0438793301582336
-3.4e+38 -3.4e+38 -3.4e+38 -3.4e+38 -3.4e+38 -3.4e+38 -3.4e+38 -3.4e+38 -3.4e+38 -3.4e+38 0.0664041340351105 0.064190000295639 -3.4e+38 0.0787409618496895 0.0950527563691139 0.0425239279866219 0.045727726072073 0.0534651950001717 0.0569113492965698 0.0652938485145569 0.0694814100861549 0.0781270861625671 0.168674007058144 0.204683542251587 0.171681061387062 0.14127442240715 0.149360164999962 0.141587629914284 0.146757170557976 0.127969801425934 0.165690794587135 0.143191903829575 0.119663156569004 0.116300798952579 0.100565835833549 0.091547504067421 0.102931663393974 0.0629230290651321 0.0302532929927111 0.0296299662441015 0.0589106418192387 0.0656599923968315 0.0490509569644928
-3.4e+38 -3.4e+38 -3.4e+38 -3.4e+38 -3.4e+38 -3.4e+38 0.0295571461319923 -3.4e+38 -3.4e+38 -3.4e+38 -3.4e+38 -3.4e+38 -3.4e+38 0.0437661036849022 0.0449751392006874 -3.4e+38 -3.4e+38 0.0673782452940941 0.0665602907538414 0.07432821393013 0.073911152780056 0.0854159891605377 0.0785089880228043 0.0943524017930031 0.0810338705778122 0.166718035936356 0.16446989774704 0.140507519245148 0.137421682476997 0.137037038803101 0.184268489480019 0.149385944008827 0.140757843852043 0.115871854126453 0.111269041895866 0.10185157507658 0.115546688437462 0.096686452627182 0.0643179416656494 0.0589028224349022 0.0565257966518402 0.0695429444313049 0.054687038064003
-3.4e+38 -3.4e+38 -3.4e+38 -3.4e+38 -3.4e+38 -3.4e+38 -3.4e+38 -3.4e+38 -3.4e+38 -3.4e+38 -3.4e+38 -3.4e+38 -3.4e+38 -3.4e+38 -3.4e+38 -3.4e+38 -3.4e+38 -3.4e+38 0.0802837535738945 0.0884383767843246 0.0853590965270996 0.0844487994909286 0.100610546767712 0.0955048725008965 0.0823087692260742 0.0862206071615219 0.169691324234009 0.149560049176216 0.139861971139908 0.151531457901001 0.130816116929054 0.157851859927177 0.16866660118103 0.136377319693565 0.120485968887806 0.111337900161743 0.121778786182404 0.109164208173752 0.0912589579820633 0.0896767824888229 0.0811681896448135 0.0714669674634933 0.0625408813357353
