data/climate_estimation/maxent_output/Wurmbea_monantha.asc
NCOLS 115 
NROWS 117 
XLLCORNER 112.75 
YLLCORNER -35.25 
CELLSIZE 0.0833333333333333 
NODATA_value -3.4e+38 
[rows 0 to 20 of 117, columns 0 to 45 of 115]
-339999999999999996123846586046231871488.000000000000000 0.65990149974823 0.637481212615967 -3.4e+38 -3.4e+38 -3.4e+38 -3.4e+38 -3.4e+38 0.643432915210724 -3.4e+38 -3.4e+38 -3.4e+38 -3.4e+38 -3.4e+38 0.0999753698706627 0.0695824399590492 0.0480671115219593 0.0321193262934685 0.033001996576786 0.0261807944625616 0.014218314550817 0.011286330409348 0.0117861479520798 0.00694923847913742 0.00578183680772781 0.00350176286883652 0.00395903550088406 0.00317715248093009 0.00160824914928526 0.00173918704967946 0.00113204889930785 0.00144822208676487 0.00137095560785383 0.0013316614786163 0.000910043192561716 0.00125191954430193 0.000909119611606002 0.000422659213654697 0.000440571893705055 0.000490398961119354 0.000335653137881309 0.000315589422825724 0.000232326579862274 0.000229784389375709 0.000175501627381891 0.000190082821063697
-3.4e+38 0.657416641712189 0.643330633640289 0.661958336830139 -3.4e+38 -3.4e+38 -3.4e+38 0.69635671377182 0.603269279003143 0.516316473484039 -3.4e+38 -3.4e+38 -3.4e+38 -3.4e+38 -3.4e+38 0.0541701503098011 0.0441300980746746 0.0307473670691252 0.02495695091784 0.0261117927730083 0.0201004836708307 0.0108352117240429 0.0115534551441669 0.00781577546149492 0.00566970137879252 0.00465275952592492 0.00420797010883689 0.00322688487358391 0.00206989888101816 0.0014888223959133 0.00157215329818428 0.00145983439870179 0.00121099490206689 0.00128755415789783 0.00122150522656739 0.000441875745309517 0.000572373159229755 0.000451063795480877 0.000474036642117426 0.000422462559072301 0.000409999425755814 0.000249673845246434 0.000264381553279236 0.000204401352675632 0.000162784126587212 0.000172452084370889
-3.4e+38 -3.4e+38 0.660341084003448 0.638790547847748 -3.4e+38 -3.4e+38 -3.4e+38 0.698937654495239 0.588942050933838 0.491511762142181 0.376867324113846 -3.4e+38 -3.4e+38 -3.4e+38 -3.4e+38 -3.4e+38 0.0339443013072014 0.0274045262485743 0.0226333495229483 0.0188572071492672 0.0193263124674559 0.010953382588923 0.0121886124834418 0.00933076627552509 0.00592363439500332 0.00484462128952146 0.00306229293346405 0.00330792227759957 0.00202693603932858 0.00231694080866873 0.00136550341267139 0.00147900497540832 0.00138995226006955 0.00127431657165289 0.00122966361232102 0.000599785184022039 0.000548825715668499 0.000532198697328568 0.000406099075917155 0.000401778845116496 0.000373511196812615 0.000275569705991074 0.000337874051183462 0.000266774470219389 0.000203389980015345 0.000175595181644894
-3.4e+38 -3.4e+38 0.647072672843933 0.619959712028503 0.64749538898468 -3.4e+38 -3.4e+38 -3.4e+38 0.552922368049622 0.458005309104919 0.365123569965363 0.277725845575333 -3.4e+38 0.126472637057304 -3.4e+38 -3.4e+38 0.0281793866306543 0.0245337281376123 0.0210725329816341 0.0173658300191164 0.0141836395487189 0.0103163626044989 0.0120419794693589 0.00975311361253262 0.0061692432500422 0.00482035847380757 0.00401371670886874 0.00342839257791638 0.002974045695737 0.00263755745254457 0.002040398074314 0.00171483971644193 0.00145716592669487 0.00150698283687234 0.00127431657165289 0.00125527416821569 0.000551511766389012 0.000526730727870017 0.000500902184285223 0.000485086027765647 0.000353047245880589 0.000344034167937934 0.000339231948601082 0.000248584721703082 0.000205028205527924 0.000164426674018614
-3.4e+38 -3.4e+38 0.625335156917572 0.609857976436615 0.638064086437225 -3.4e+38 -3.4e+38 -3.4e+38 0.496861636638641 0.409685492515564 0.345247000455856 0.267252892255783 -3.4e+38 0.135755196213722 -3.4e+38 -3.4e+38 -3.4e+38 0.0212352853268385 0.0194840654730797 0.0214608013629913 0.0185956005007029 0.0109647354111075 0.00832707434892654 0.0100689511746168 0.00701555516570807 0.00647695502266288 0.00409680837765336 0.00335518177598715 0.00311770173721015 0.00288410019129515 0.00210900325328112 0.00196286523714662 0.0015408928738907 0.0013331372756511 0.00124876317568123 0.00107621832285076 0.000523825932759792 0.000527826719917357 0.000505347969010472 0.000452111387858167 0.000418806099332869 0.000323281856253743 0.000381669902708381 0.00030378284282051 0.000209942125366069 0.000159455012180842
-3.4e+38 -3.4e+38 -3.4e+38 0.612576901912689 0.646946847438812 0.530644118785858 -3.4e+38 -3.4e+38 -3.4e+38 0.434976428747177 0.341641634702682 0.269098430871964 -3.4e+38 0.134042352437973 -3.4e+38 -3.4e+38 -3.4e+38 0.0316577441990376 0.0267758686095476 0.0232742559164762 0.0145785911008716 0.0134740648791194 0.0105625372380018 0.0111747551709414 0.00797056127339602 0.00618285918608308 0.0041980822570622 0.00363779091276228 0.00273832795210183 0.00282935355789959 0.00238169706426561 0.00213081296533346 0.00200114725157619 0.00178227957803756 0.00129602325614542 0.00162879412528127 0.00157950143329799 0.000489251862745732 0.000476662477012724 0.000448832171969116 0.000447035650722682 0.00039272935828194 0.000331528659444302 0.00026265237829648 0.000201161456061527 0.000147383208968677
-3.4e+38 -3.4e+38 -3.4e+38 -3.4e+38 0.535964846611023 0.540377080440521 0.525934219360352 0.60001927614212 -3.4e+38 0.483022898435593 0.393202155828476 0.28683814406395 -3.4e+38 0.124184690415859 -3.4e+38 -3.4e+38 -3.4e+38 0.0341538451611996 0.0302642527967691 0.0252058804035187 0.0166999660432339 0.0119281886145473 0.01049252320081 0.0117679191753268 0.00971437338739634 0.00640201102942228 0.00541208870708942 0.00435225386172533 0.00284423818811774 0.00275556300766766 0.00269595696590841 0.00234566978178918 0.00212980853393674 0.00187012657988816 0.0014217171119526 0.00171035120729357 0.00162187090609223 0.000488888937979937 0.000510344340000302 0.000602580781560391 0.000544678361620754 0.000364378822268918 0.000315769750159234 0.00025999199715443 0.000190094098797999 0.000149654209963046
-3.4e+38 -3.4e+38 -3.4e+38 -3.4e+38 0.497718840837479 0.511686265468597 0.491145402193069 0.475983649492264 -3.4e+38 0.462180823087692 0.405888587236404 0.360978841781616 0.187502905726433 0.154166907072067 0.127693578600883 -3.4e+38 -3.4e+38 0.0372547134757042 0.0332510098814964 0.0252710077911615 0.016327703371644 0.0152034144848585 0.0131715722382069 0.0138787729665637 0.0115476557984948 0.00836507510393858 0.00682120630517602 0.00469960924237967 0.00396055402234197 0.00268668797798455 0.00223175063729286 0.00249274191446602 0.00228949938900769 0.00204590708017349 0.00142627768218517 0.00131821364630014 0.00156922498717904 0.00146796135231853 0.0004783668264281 0.000567095179576427 0.000511212274432182 0.000367804925190285 0.000285753194475546 0.000254942424362525 0.000191453815205023 0.000179654336534441
-3.4e+38 -3.4e+38 -3.4e+38 -3.4e+38 0.504980981349945 0.469122171401978 0.483791470527649 0.438554644584656 0.416109025478363 -3.4e+38 0.368946850299835 0.344543933868408 0.393987447023392 0.170773714780807 0.151464581489563 -3.4e+38 -3.4e+38 0.0364476479589939 0.0306578669697046 0.03126285597682 0.0223117545247078 0.0182768199592829 0.0217982288450003 0.0178946442902088 0.0129069993272424 0.00994584336876869 0.0070254416204989 0.00645278114825487 0.0044277342967689 0.00277184671722353 0.00248644151724875 0.00240042083896697 0.00233421637676656 0.00213110027834773 0.00142818479798734 0.00132760335691273 0.00132656446658075 0.00109289004467428 0.00137348042335361 0.000432672066381201 0.000391137233236805 0.000306703790556639 0.000282460183370858 0.000222393602598459 0.000193584026419558 0.000180162722244859
-3.4e+38 -3.4e+38 -3.4e+38 -3.4e+38 -3.4e+38 0.477468430995941 0.727068364620209 0.680023372173309 0.368104428052902 0.351274698972702 -3.4e+38 -3.4e+38 0.410798728466034 0.210601165890694 0.151587456464767 -3.4e+38 -3.4e+38 0.0415510535240173 0.0393785946071148 0.0300926472991705 0.0300371572375298 0.029618114233017 0.0194330289959908 0.017011484131217 0.0132386647164822 0.0102140102535486 0.00892909895628691 0.00624209269881248 0.00587273063138127 0.00393233448266983 0.0027545525226742 0.00307255983352661 0.00185136694926769 0.00163849792443216 0.00158255570568144 0.00117643573321402 0.0010073792655021 0.00122935057152063 0.00110512948594987 0.000324540364090353 0.000303358188830316 0.000281851273030043 0.000222737260628492 0.00019574053294491 0.000179316411959007 0.000216209358768538
-3.4e+38 -3.4e+38 -3.4e+38 -3.4e+38 -3.4e+38 -3.4e+38 0.703914165496826 0.664814472198486 0.601063787937164 0.528047263622284 -3.4e+38 -3.4e+38 -3.4e+38 0.210799619555473 0.185983657836914 0.153199031949043 0.108213037252426 0.0820668786764145 0.0682754963636398 0.0612415298819542 0.0446245186030865 0.0388456620275974 0.0293797999620438 0.0221293121576309 0.0172568131238222 0.0128891551867127 0.00956932920962572 0.00798856932669878 0.00599290058016777 0.00442890776321292 0.00372389773838222 0.00269848457537591 0.00252545019611716 0.00170216243714094 0.00148842169437557 0.00111975148320198 0.00118935841601342 0.000955697847530246 0.000915027223527431 0.000908932590391487 0.000232963109738193 0.000214686500839889 0.00022624377743341 0.00021099163859617 0.000193518964806572 0.000238070395425893
-3.4e+38 -3.4e+38 -3.4e+38 -3.4e+38 -3.4e+38 -3.4e+38 0.689268350601196 0.645265638828278 0.579422056674957 0.527234375476837 0.441793709993362 -3.4e+38 -3.4e+38 0.16071854531765 0.184204086661339 0.141570836305618 0.109949938952923 0.116672895848751 0.107554145157337 0.077544629573822 0.066468320786953 0.0484649948775768 0.0426138453185558 0.028986144810915 0.0275337174534798 0.0180219076573849 0.0111851207911968 0.00849113613367081 0.00762865273281932 0.00554315699264407 0.00414840411394835 0.00298276031389832 0.00271524791605771 0.00179889681749046 0.00128616788424551 0.00163265597075224 0.00115060713142157 0.000880266365129501 0.000967934203799814 0.000974629539996386 0.000222923947148956 0.000168093800311908 0.000224324656301178 0.000147147278767079 0.000147521277540363 0.000218045926885679
-3.4e+38 -3.4e+38 -3.4e+38 -3.4e+38 -3.4e+38 -3.4e+38 -3.4e+38 0.603378236293793 0.571016013622284 0.525290369987488 0.43899804353714 -3.4e+38 0.306494623422623 0.163743004202843 0.187530919909477 0.154434189200401 0.131052002310753 0.142132088541985 0.128986865282059 0.114236295223236 0.0939870178699493 0.0848593637347221 0.05481868237257 0.0397381447255611 0.0346799492835999 0.0261656437069178 0.0163676179945469 0.0108193820342422 0.0099816108122468 0.00717518618330359 0.00504498137161136 0.00357707473449409 0.00273343781009316 0.00183854228816926 0.00128215120639652 0.00133423449005932 0.000996012007817626 0.000717776769306511 0.000829764059744775 0.000691560155246407 0.000223508744966239 0.000198112320504151 0.000190535138244741 0.000216411572182551 0.000206180731765926 0.000149932355270721
-3.4e+38 -3.4e+38 -3.4e+38 -3.4e+38 -3.4e+38 -3.4e+38 -3.4e+38 -3.4e+38 0.538396954536438 0.506207227706909 0.410354942083359 0.356427282094955 0.322975546121597 0.27821147441864 0.20034795999527 0.173057287931442 0.148659467697144 0.122915647923946 0.148870050907135 0.123739086091518 0.104898311197758 0.0999357476830482 0.0905823931097984 0.0527468547224998 0.0362012758851051 0.0245783869177103 0.0250857435166836 0.0147793237119913 0.00978825706988573 0.00710796238854527 0.00498530501499772 0.00383426854386926 0.00242737960070372 0.00177761283703148 0.0013890367699787 0.000971146102529019 0.000982635887339711 0.000754544278606772 0.000645097286906093 0.000716479320544749 0.000229329729336314 0.000163989287102595 0.000194759311852977 0.000138783609145321 0.000165857665706426 0.000150814317748882
-3.4e+38 -3.4e+38 -3.4e+38 -3.4e+38 -3.4e+38 -3.4e+38 -3.4e+38 -3.4e+38 -3.4e+38 0.462161630392075 0.424037873744965 0.362089663743973 0.331996887922287 0.29696324467659 0.200318038463593 0.183193743228912 0.152585312724113 0.139917328953743 0.120052747428417 0.139987334609032 0.1268270611763 0.11311487108469 0.0945162922143936 0.0853039398789406 0.0664115995168686 0.0446019321680069 0.0298994407057762 0.020218413323164 0.0142023228108883 0.00793914403766394 0.0053332163952291 0.00482780020684004 0.00260645104572177 0.00223982497118413 0.00152933038771152 0.000978000578470528 0.00101011863444 0.000922540377359837 0.000873345299623907 0.00063345191301778 0.000218525470700115 0.000195821863599122 0.000147051192470826 0.000147268845466897 0.000166198675287887 0.000173951382748783
-3.4e+38 -3.4e+38 -3.4e+38 -3.4e+38 -3.4e+38 -3.4e+38 -3.4e+38 -3.4e+38 -3.4e+38 -3.4e+38 0.433929473161697 0.411595493555069 0.374816387891769 0.308744847774506 0.383946627378464 0.340002447366714 0.16675940155983 0.148498997092247 0.142595693469048 0.16495655477047 0.145559638738632 0.120868526399136 0.104195825755596 0.084794394671917 0.0712015405297279 0.0647050440311432 0.041495818644762 0.023581163957715 0.0144112044945359 0.0107231689617038 0.0075091328471899 0.00543862534686923 0.00317767867818475 0.00234842346981168 0.00173041643574834 0.000995714566670358 0.00126513536088169 0.000985599355772138 0.000817250111140311 0.000197379631572403 0.000178060072357766 0.000171758802025579 0.000156621899805032 0.000142227538162842 0.000140995820402168 0.000144631208968349
-3.4e+38 -3.4e+38 -3.4e+38 -3.4e+38 -3.4e+38 -3.4e+38 -3.4e+38 -3.4e+38 -3.4e+38 -3.4e+38 -3.4e+38 0.408426702022552 0.413134098052979 0.348359227180481 0.419773876667023 0.371830433607101 0.346077054738998 0.162119880318642 0.150426506996155 0.168043538928032 0.154833853244781 0.140332892537117 0.115970157086849 0.0947486758232117 0.0926697328686714 0.0656548589468002 0.0499989874660969 0.0397336147725582 0.0190619826316833 0.01380804926157 0.00942259561270475 0.00543086929246783 0.00375045230612159 0.00255024596117437 0.00195161090232432 0.00176795735023916 0.00128303607925773 0.000935716961976141 0.00068044982617721 0.000184332093340345 0.000178775750100613 0.00012137080921093 0.000157963309902698 0.000146865000715479 0.000152927954331972 0.000153972927364521
-3.4e+38 -3.4e+38 -3.4e+38 -3.4e+38 -3.4e+38 -3.4e+38 -3.4e+38 -3.4e+38 -3.4e+38 -3.4e+38 -3.4e+38 -3.4e+38 0.431619971990585 0.501156091690063 0.445562213659286 0.398296773433685 0.379595905542374 0.326675832271576 0.303688853979111 0.36205980181694 0.161638170480728 0.147810146212578 0.135899975895882 0.11805210262537 0.098951518535614 0.0713108628988266 0.0642534643411636 0.0438915155827999 0.0288237445056438 0.0184311792254448 0.0126237999647856 0.00687331240624189 0.00453220028430223 0.00276877079159021 0.00188039988279343 0.00186760432552546 0.00128646986559033 0.000961066980380565 0.000976314127910882 0.000184578719199635 0.000166525554959662 0.000122176119475625 0.000145681784488261 0.00015776333748363 0.000161565680173226 0.000162986179930158
-3.4e+38 -3.4e+38 -3.4e+38 -3.4e+38 -3.4e+38 -3.4e+38 -3.4e+38 -3.4e+38 -3.4e+38 -3.4e+38 -3.4e+38 -3.4e+38 0.419275194406509 0.566163241863251 0.47844785451889 0.436575084924698 0.42120435833931 0.372121334075928 0.345875352621078 0.389454960823059 0.169461503624916 0.151996240019798 0.139613047242165 0.127654299139977 0.104190535843372 0.0872300043702126 0.0628568902611732 0.0602678135037422 0.0389596745371819 0.0248264409601688 0.0132239544764161 0.00915404222905636 0.00511189037933946 0.00336791086010635 0.00194147974252701 0.00222772406414151 0.00130029674619436 0.00100893387570977 0.000782635353971273 0.000136248578201048 0.000129359323182143 0.000114108806883451 0.000144306672154926 0.000159673290909268 0.000157656642841175 0.000124757832963951
-3.4e+38 -3.4e+38 -3.4e+38 -3.4e+38 -3.4e+38 -3.4e+38 -3.4e+38 -3.4e+38 -3.4e+38 -3.4e+38 -3.4e+38 -3.4e+38 -3.4e+38 0.54251891374588 0.534392118453979 0.475880712270737 0.452824354171753 0.416487753391266 0.481486141681671 0.424125492572784 0.396684408187866 0.350379288196564 0.153157979249954 0.130971133708954 0.115529835224152 0.0893838256597519 0.0851376578211784 0.0622023269534111 0.0513213537633419 0.0300678182393312 0.0201312862336636 0.00941252987831831 0.00611322838813066 0.00360189122147858 0.00364032108336687 0.00233450927771628 0.0013005577493459 0.00144102424383163 0.000947312102653086 0.0002037286903942 0.000176617919350974 0.000155089684994891 0.000157091169967316 0.000134608679218218 0.000172824860783294 0.000158632930833846
-3.4e+38 -3.4e+38 -3.4e+38 -3.4e+38 -3.4e+38 -3.4e+38 -3.4e+38 -3.4e+38 -3.4e+38 -3.4e+38 -3.4e+38 -3.4e+38 -3.4e+38 -3.4e+38 0.581628203392029 0.529270768165588 0.510710000991821 0.570655763149261 0.515000462532043 0.49598017334938 0.424692064523697 0.384932518005371 0.335931688547134 0.301453232765198 0.12088468670845 0.101356409490108 0.0840675979852676 0.0701010078191757 0.0486684814095497 0.0427960753440857 0.0265415739268064 0.0133051769807935 0.009093320928514 0.00454535568132997 0.00461682584136724 0.00310439337044954 0.0019832553807646 0.00114048318937421 0.00113271083682775 0.000879288767464459 0.000225295094423927 0.000180677408934571 0.000142723802127875 0.000165986726642586 0.000161164323799312 0.000127581050037406
