data/climate_estimation/maxent_output/Wurmbea_dioica.asc
NCOLS 494 
NROWS 293 
XLLCORNER 113.166666666667 
YLLCORNER -43.5 
CELLSIZE 0.0833333333333333 
NODATA_value -3.4e+38 
[rows 160 to 179 of 293, columns 270 to 314 of 494]
0.702255845069885 0.712971210479736 0.599843800067902 0.547228217124939 0.545369863510132 0.59668755531311 0.633056640625 0.679755985736847 0.679041028022766 0.674715042114258 0.597247958183289 0.617611825466156 0.60984742641449 0.589579463005066 0.591056346893311 0.59162425994873 0.614763617515564 0.617229759693146 0.62211000919342 0.623573839664459 0.607563614845276 0.61983722448349 0.601817548274994 0.700293600559235 0.604622602462769 0.636482000350952 0.67365175485611 0.828119337558746 0.82110071182251 0.784858345985413 0.7435382604599 0.756104290485382 0.740255951881409 0.732076108455658 0.592622399330139 0.569124758243561 0.574246764183044 0.555903792381287 0.548721075057983 0.520686745643616 0.474462896585464 0.489083230495453 0.513415038585663 0.511592507362366 0.500864565372467
0.702831447124481 0.711668610572815 0.661865651607513 0.597278296947479 0.602000296115875 0.595294415950775 0.644919216632843 0.710667669773102 0.720532894134521 0.690726220607758 0.644402921199799 0.648043394088745 0.622549653053284 0.618381977081299 0.635436475276947 0.619398891925812 0.61942321062088 0.620048582553864 0.624114811420441 0.60870349407196 0.60816502571106 0.621310353279114 0.755934774875641 0.744733035564423 0.658069968223572 0.635708570480347 0.663203477859497 0.831250727176666 0.817132413387299 0.815482914447784 0.782604932785034 0.759404063224792 0.737098813056946 0.758824527263641 0.603898406028748 0.579280853271484 0.582982838153839 0.576078712940216 0.557042062282562 0.529899716377258 0.501161634922028 0.496593922376633 0.492482632398605 0.490739464759827 0.502352118492126
0.70001208782196 0.682182848453522 0.682214558124542 0.661935925483704 0.660249412059784 0.657015800476074 0.692242026329041 0.720411241054535 0.74889874458313 0.733093798160553 0.719382584095001 0.649985909461975 0.647313892841339 0.635562300682068 0.641825675964355 0.643908083438873 0.645545482635498 0.647729635238647 0.627806901931763 0.611839234828949 0.61583536863327 0.627426981925964 0.718258380889893 0.772808432579041 0.814810693264008 0.772093594074249 0.785387337207794 0.825830817222595 0.843976140022278 0.830406606197357 0.79991340637207 0.778763294219971 0.757904171943665 0.76662540435791 0.749400854110718 0.605892598628998 0.599803030490875 0.594928562641144 0.573666930198669 0.529077708721161 0.505428433418274 0.499905943870544 0.496220409870148 0.495287030935287 0.52149885892868
0.721495449542999 0.697349786758423 0.677770435810089 0.681356072425842 0.708486139774323 0.705371499061584 0.704904973506927 0.718040645122528 0.743567705154419 0.773192942142487 0.74693900346756 0.748021066188812 0.65569144487381 0.6511589884758 0.651329517364502 0.652849555015564 0.628761827945709 0.633885383605957 0.634555637836456 0.61101758480072 0.619453847408295 0.62711775302887 0.745155394077301 0.810045123100281 0.807006299495697 0.794214487075806 0.801264047622681 0.83416223526001 0.840813755989075 0.846645772457123 0.832633972167969 0.79245537519455 0.763517379760742 0.7724529504776 0.764694929122925 0.735246896743774 0.602089643478394 0.583906769752502 0.587591767311096 0.56797730922699 0.544733762741089 0.54101437330246 0.492837250232697 0.493777453899384 0.519622147083282
0.717835605144501 0.721589505672455 0.723645806312561 0.715274631977081 0.722229063510895 0.73120504617691 0.722624778747559 0.742563605308533 0.75310081243515 0.778630435466766 0.764841854572296 0.761705875396729 0.670997500419617 0.663187623023987 0.657038152217865 0.658325850963593 0.653592228889465 0.639116883277893 0.642237842082977 0.642126679420471 0.646553456783295 0.67507004737854 0.725343942642212 0.78153795003891 0.82743889093399 0.820073544979095 0.828882575035095 0.844539165496826 0.866723418235779 0.822284042835236 0.841535925865173 0.809713363647461 0.773071587085724 0.768231451511383 0.755094587802887 0.741935074329376 0.710981726646423 0.708667397499084 0.564930021762848 0.583311498165131 0.580416798591614 0.588818609714508 0.578767478466034 0.488811045885086 0.475513458251953
0.723552346229553 0.710799396038055 0.724134385585785 0.740570425987244 0.724394083023071 0.737380564212799 0.742934286594391 0.756941795349121 0.763935089111328 0.792613446712494 0.790174961090088 0.768544673919678 0.692589819431305 0.688507199287415 0.685294270515442 0.688462257385254 0.66640293598175 0.667754232883453 0.650861084461212 0.653297483921051 0.655221581459045 0.740765452384949 0.753569781780243 0.771646320819855 0.81257688999176 0.830620169639587 0.822773993015289 0.823520600795746 0.862299859523773 0.831708788871765 0.826504290103912 0.790446221828461 0.788045525550842 0.774500250816345 0.749514102935791 0.742747604846954 0.714412152767181 0.705700039863586 0.69420200586319 0.565202713012695 0.578743994235992 0.57946640253067 0.590095520019531 0.522175908088684 0.480915755033493
0.733470678329468 0.736759662628174 0.733063161373138 0.721534907817841 0.743165671825409 0.744548857212067 0.764821171760559 0.772119879722595 0.775764763355255 0.792834997177124 0.794081211090088 0.781664371490479 0.714111924171448 0.72044450044632 0.702765941619873 0.691418409347534 0.698652565479279 0.673563778400421 0.670672357082367 0.679025292396545 0.686510801315308 0.747419655323029 0.773817956447601 0.763768255710602 0.804355502128601 0.810512065887451 -3.4e+38 0.808239281177521 0.831640005111694 0.842744648456573 0.807920217514038 0.797386646270752 0.783296763896942 0.779641330242157 0.755842268466949 0.736266791820526 0.710182189941406 0.698127150535583 0.694570660591125 0.684119284152985 0.574540197849274 0.592533826828003 0.595810353755951 0.542265653610229 0.508447647094727
0.731577098369598 0.735592484474182 0.743791043758392 0.737925887107849 0.745279729366302 0.772253453731537 0.774535417556763 0.787051260471344 0.784506022930145 0.803904294967651 0.793804585933685 0.791632890701294 0.795958936214447 0.730377972126007 0.78583836555481 0.699107050895691 0.704760015010834 0.717637956142426 0.706988215446472 0.6825070977211 0.670542538166046 0.717393398284912 0.727902472019196 0.743864715099335 -3.4e+38 -3.4e+38 -3.4e+38 0.8174107670784 0.809928894042969 0.840633690357208 0.810812473297119 0.807857394218445 0.784613430500031 0.781214237213135 0.763115108013153 0.746700346469879 0.726495444774628 0.716310858726501 0.719400525093079 0.577816545963287 0.567700088024139 0.582777857780457 0.593602955341339 0.553599298000336 0.534768104553223
0.749661147594452 0.750621557235718 0.752682685852051 0.75587797164917 0.759853780269623 0.760239899158478 0.772358000278473 0.797251164913177 0.796577930450439 0.808157503604889 0.809197068214417 0.804226219654083 0.793461918830872 0.79154896736145 0.79072493314743 0.780844449996948 0.719225406646729 0.723230957984924 0.710418879985809 0.76748913526535 0.679108917713165 0.704195976257324 0.711525142192841 -3.4e+38 -3.4e+38 -3.4e+38 -3.4e+38 0.808640897274017 0.803695380687714 0.83674567937851 0.800972402095795 0.807247579097748 0.79122793674469 0.779649555683136 0.781921744346619 0.756157755851746 0.747502744197845 0.744329869747162 0.738373637199402 0.588377118110657 0.587260007858276 0.590317368507385 0.5878826379776 0.555740177631378 0.543084800243378
0.759266316890717 0.760030508041382 0.7675701379776 0.766881287097931 0.758642256259918 0.758272111415863 0.78188818693161 0.787738382816315 0.808923840522766 0.811351597309113 0.807471573352814 0.803902626037598 0.795973062515259 0.792866051197052 0.793271422386169 0.788916707038879 0.703362047672272 0.780193865299225 0.716147124767303 0.70947390794754 0.682203054428101 0.730434000492096 -3.4e+38 -3.4e+38 -3.4e+38 0.783946812152863 0.788029789924622 0.797644555568695 0.805681347846985 0.814359664916992 0.804558515548706 0.806887090206146 0.799395501613617 0.795909941196442 0.803220808506012 0.781081259250641 0.770146250724792 0.755729198455811 0.7404745221138 0.7298983335495 0.579184889793396 0.597207129001617 0.559679687023163 0.54794579744339 0.409952431917191
0.787613689899445 0.777454793453217 0.775212526321411 0.787225902080536 0.777825951576233 0.770943701267242 0.784836411476135 0.796442568302155 0.784732460975647 0.792856454849243 0.794504523277283 0.792849004268646 0.800745785236359 0.783856153488159 0.786380290985107 0.781413853168488 0.775403439998627 0.714331328868866 0.778284966945648 0.762601912021637 0.704420387744904 -3.4e+38 -3.4e+38 -3.4e+38 -3.4e+38 0.78162956237793 0.784223198890686 0.802214443683624 0.801686704158783 0.80761730670929 0.799063563346863 0.806066989898682 0.796735942363739 0.789003431797028 0.784744322299957 0.778213560581207 0.761676430702209 0.756082832813263 0.750018954277039 0.734705626964569 0.70867782831192 0.585939168930054 0.561682820320129 0.542564272880554 0.527038276195526
0.782578229904175 0.779510021209717 0.778602480888367 0.783530294895172 0.761048316955566 0.7817702293396 0.771478652954102 0.767540335655212 0.77276623249054 0.795395135879517 0.781001210212708 0.799110233783722 0.807141602039337 0.783360660076141 0.77015221118927 0.769783914089203 0.770383358001709 0.772411286830902 0.726518630981445 0.709668099880219 0.713902652263641 -3.4e+38 -3.4e+38 -3.4e+38 -3.4e+38 -3.4e+38 0.787761569023132 0.798689126968384 0.782295048236847 0.798171281814575 0.800772130489349 0.801551520824432 0.803436398506165 0.780686736106873 0.783387541770935 0.771161377429962 0.764015257358551 0.760956346988678 0.752533912658691 0.740035235881805 0.720668792724609 0.572456479072571 0.54099440574646 0.525337755680084 0.514081180095673
0.777476131916046 0.778453350067139 0.775481224060059 0.780895531177521 0.782428860664368 0.786282241344452 0.770591497421265 0.781988263130188 0.782139956951141 0.7901411652565 0.79467511177063 0.78515762090683 0.785086274147034 0.789520144462585 0.79081392288208 0.768492221832275 0.767369151115417 0.773597717285156 0.762428283691406 0.703274309635162 0.687799870967865 -3.4e+38 -3.4e+38 -3.4e+38 -3.4e+38 -3.4e+38 0.795478761196136 0.780653297901154 0.772496402263641 0.779811143875122 0.785336375236511 0.799020648002625 0.788192689418793 0.760382056236267 0.767666876316071 0.757815301418304 0.765238165855408 0.756470143795013 0.738835155963898 0.751266360282898 0.73423820734024 0.577681183815002 0.529524743556976 0.527745127677917 0.518227815628052
0.78494393825531 0.76835960149765 0.776723146438599 0.777468025684357 0.783032536506653 0.76503187417984 0.764979243278503 0.770542144775391 0.7621990442276 0.788121521472931 0.789419174194336 0.790157973766327 0.785890161991119 0.786050498485565 0.786778092384338 0.762230038642883 0.750379681587219 0.751525938510895 0.762951016426086 0.754111588001251 -3.4e+38 -3.4e+38 -3.4e+38 -3.4e+38 -3.4e+38 -3.4e+38 -3.4e+38 0.787409067153931 0.76677930355072 0.788644194602966 0.79068398475647 0.80833101272583 0.802062571048737 0.77864271402359 0.77035391330719 0.766823887825012 0.768003046512604 0.740805447101593 0.751261234283447 0.734704911708832 0.73235011100769 0.549713790416718 0.534758865833282 0.532502710819244 0.532896637916565
0.748880863189697 0.782379865646362 0.777480900287628 0.769204378128052 0.767810344696045 0.773108184337616 0.759903848171234 0.756734073162079 0.776978433132172 0.773800730705261 0.778913974761963 0.775139629840851 0.783563554286957 0.785552203655243 0.771434009075165 0.750113248825073 0.754644632339478 0.760806560516357 0.74994421005249 0.68729430437088 -3.4e+38 -3.4e+38 -3.4e+38 -3.4e+38 -3.4e+38 0.800547480583191 0.796780824661255 0.792105734348297 0.794875979423523 0.786430895328522 0.799355685710907 0.80813854932785 0.806807398796082 0.776289284229279 0.779714107513428 0.775513172149658 0.778824865818024 0.767401993274689 0.750082492828369 0.764181315898895 0.760546505451202 0.56490170955658 0.540154695510864 0.538058817386627 0.516705453395844
0.758147120475769 0.758736848831177 0.780222713947296 0.783620178699493 0.767614722251892 0.761126935482025 0.762147128582001 0.768166482448578 0.773695528507233 0.764109075069427 0.778168320655823 0.773096024990082 0.772929430007935 0.772701442241669 0.750992178916931 0.741425931453705 0.755952000617981 0.74893456697464 0.758539080619812 -3.4e+38 -3.4e+38 -3.4e+38 -3.4e+38 -3.4e+38 0.787514925003052 0.796228885650635 0.789321482181549 0.794314682483673 0.78631991147995 0.796826899051666 0.807498335838318 0.81075519323349 0.800713777542114 0.772020399570465 0.808359563350677 0.804873108863831 0.803565382957458 0.775220692157745 0.775886654853821 0.77514374256134 0.752560377120972 0.624933481216431 0.665303885936737 0.546004474163055 0.524322688579559
0.750722289085388 0.748354315757751 0.736448585987091 0.745389461517334 0.776664197444916 0.76276421546936 0.762929201126099 0.765715599060059 0.757869482040405 0.757768988609314 0.767685174942017 0.7627232670784 0.775968611240387 0.75339949131012 0.749019742012024 0.73563277721405 -3.4e+38 -3.4e+38 -3.4e+38 -3.4e+38 -3.4e+38 -3.4e+38 -3.4e+38 0.793468356132507 0.808731198310852 0.809885442256927 0.797682225704193 0.794573187828064 0.796247541904449 0.814940094947815 0.825531125068665 0.809751510620117 0.798269271850586 0.800205886363983 0.799243986606598 0.811916291713715 0.80308336019516 0.788570165634155 0.773642897605896 0.777316987514496 0.761765539646149 0.718486666679382 0.678462743759155 0.660049498081207 0.634175598621368
0.772686958312988 0.748659431934357 0.746362030506134 0.742247641086578 0.787515103816986 0.758527040481567 0.757043778896332 0.732181549072266 0.732286632061005 0.765001714229584 0.765120804309845 0.763724863529205 0.772370040416718 -3.4e+38 -3.4e+38 -3.4e+38 -3.4e+38 -3.4e+38 -3.4e+38 -3.4e+38 -3.4e+38 -3.4e+38 -3.4e+38 0.795740127563477 0.80608719587326 0.803346574306488 0.793799757957458 0.792245328426361 0.801062107086182 0.81482595205307 0.815668225288391 0.802269041538239 0.793958008289337 0.805203795433044 0.817059338092804 0.798473596572876 0.797479093074799 0.785473763942719 0.772893846035004 0.77901029586792 0.783937215805054 0.742153644561768 0.692434191703796 0.676551401615143 0.64212292432785
0.762270629405975 0.751429080963135 0.739915549755096 0.780604839324951 0.776863396167755 0.749555051326752 0.718587517738342 0.737393915653229 0.717179954051971 0.766811966896057 0.749492704868317 -3.4e+38 -3.4e+38 -3.4e+38 -3.4e+38 -3.4e+38 -3.4e+38 -3.4e+38 -3.4e+38 -3.4e+38 -3.4e+38 -3.4e+38 0.790374398231506 0.778796136379242 0.775532245635986 0.794444799423218 0.777090072631836 0.793895542621613 0.794273495674133 0.808094918727875 0.808469712734222 0.813827991485596 0.800886273384094 0.801181972026825 0.798150777816772 0.779112696647644 0.784213364124298 0.786480724811554 0.767964482307434 0.767505943775177 0.758692920207977 0.757402777671814 0.718146562576294 0.685230135917664 0.645375192165375
0.760870099067688 0.761783361434937 0.790398478507996 0.780247211456299 0.766167759895325 0.762736976146698 0.744169652462006 0.736453533172607 0.728860855102539 0.736919045448303 -3.4e+38 -3.4e+38 -3.4e+38 -3.4e+38 -3.4e+38 -3.4e+38 -3.4e+38 -3.4e+38 -3.4e+38 -3.4e+38 -3.4e+38 -3.4e+38 0.764601469039917 0.783185482025146 0.77773129940033 0.773234784603119 0.771852612495422 0.771783709526062 0.793684542179108 0.799898684024811 0.831570446491241 0.821333706378937 0.802700698375702 0.805212318897247 0.804288923740387 0.783519387245178 0.794935941696167 0.77690601348877 0.772122800350189 0.767946541309357 0.780664205551147 0.761510789394379 0.720276236534119 0.693849265575409 0.660478949546814
