data/climate_estimation/maxent_output/Wurmbea_monantha.asc
NCOLS 115 
NROWS 117 
XLLCORNER 112.75 
YLLCORNER -35.25 
CELLSIZE 0.0833333333333333 
NODATA_value -3.4e+38 
[rows 63 to 83 of 117, columns 46 to 91 of 115]
0.393686383962631 0.399444788694382 0.37440624833107 0.364059776067734 0.359751731157303 0.361118197441101 0.0930365994572639 0.0797578021883965 0.0872670784592628 0.072824515402317 0.0702126398682594 0.267376035451889 0.233595594763756 0.245147466659546 0.0617329739034176 0.0548457652330399 0.0602763034403324 0.0537090748548508 0.043555710464716 0.0467549860477448 0.0418581552803516 0.0402994304895401 0.0381381921470165 0.0355363711714745 0.0298214592039585 0.0265837144106627 0.0228528175503016 0.018997959792614 0.0169875770807266 0.016786890104413 0.01333053316921 0.0123439934104681 0.0107498811557889 0.0113025568425655 0.00880319997668266 0.00758222071453929 0.00757606746628881 0.00727506680414081 0.00106183788739145 0.00110724382102489 0.000916153599973768 0.00108570465818048 0.000979625503532588 0.000973242276813835 0.000902835861779749 0.000951145426370203
0.437839835882187 0.465254187583923 0.428521722555161 0.385753601789474 0.368465423583984 0.3498395383358 0.088128849864006 0.0769426226615906 0.0765465572476387 0.0761833563446999 0.066867895424366 0.269489943981171 0.223939716815948 0.241435632109642 0.0632596388459206 0.0623312741518021 0.0608342587947845 0.0455497093498707 0.0494784452021122 0.0464481897652149 0.0473191924393177 0.0415237247943878 0.0367971733212471 0.0340178944170475 0.0310125816613436 0.0333419516682625 0.029651366174221 0.0233794674277306 0.024196507409215 0.02173126116395 0.0158090461045504 0.0130809126421809 0.0125298472121358 0.0114729711785913 0.00998678430914879 0.00994024984538555 0.00830900762230158 0.00846903026103973 0.00699450168758631 0.0077179460786283 0.00712045282125473 0.00713144382461905 0.00110328162554651 0.00621628388762474 0.000912608811631799 0.00673881452530622
0.459616243839264 0.46166929602623 0.428297936916351 0.364652037620544 0.383052974939346 0.381689637899399 0.0932637155056 0.0849490910768509 0.0771682932972908 0.0810175016522408 0.0691866874694824 0.0846094489097595 0.228922173380852 0.0689748674631119 0.0660175904631615 0.0598079226911068 0.0582404956221581 0.0584407187998295 0.0525094158947468 0.0543714612722397 0.0466571263968945 0.0401123873889446 0.0396508760750294 0.0398155674338341 0.0397930629551411 0.0383347384631634 0.0327929258346558 0.0279547441750765 0.0263019911944866 0.0232458766549826 0.0221998132765293 0.0170317161828279 0.0163644570857286 0.0163118839263916 0.0124327307567 0.0105428975075483 0.00863612443208694 0.00859346427023411 0.00930150598287582 0.00712830619886518 0.00760215939953923 0.00656552938744426 0.00677996035665274 0.0066181649453938 0.00696512311697006 0.00646609952673316
0.501801490783691 0.443887859582901 0.433640748262405 0.399136543273926 0.398435115814209 0.353110820055008 0.269784212112427 0.0823486372828484 0.0786931365728378 0.0753538608551025 0.0712910667061806 0.270949602127075 0.0677506253123283 0.065019004046917 0.0666172876954079 0.0753586888313293 0.0637689977884293 0.0576874017715454 0.0519493222236633 0.0563861951231956 0.0553145632147789 0.0465970858931541 0.046065978705883 0.0416156910359859 0.0431296639144421 0.0386583022773266 0.0366673730313778 0.0331561453640461 0.0327309332787991 0.0248269755393267 0.0247278343886137 0.0208420250564814 0.018276859074831 0.014516013674438 0.0147061236202717 0.0131158726289868 0.0104477051645517 0.00919992011040449 0.00970293954014778 0.00831690616905689 0.00788086373358965 0.00742593314498663 0.00689962273463607 0.0076662371866405 0.00742512056604028 0.00731994863599539
0.56837123632431 0.495133519172668 0.428623169660568 0.412531733512878 0.377615958452225 0.369421780109406 0.339542597532272 0.335443526506424 0.322376698255539 0.0750891268253326 0.277052819728851 0.0688749626278877 0.270630836486816 0.266017735004425 0.0681196674704552 0.0680376142263412 0.0617105737328529 0.0537191703915596 0.0521134659647942 0.0437492728233337 0.0569838546216488 0.0617895983159542 0.0563298352062702 0.0496769398450851 0.045405700802803 0.0418962426483631 0.0441188849508762 0.0358658879995346 0.033857949078083 0.0329102091491222 0.026804381981492 0.0228865295648575 0.0229411963373423 0.0183704402297735 0.0175934601575136 0.0139273181557655 0.0118973003700376 0.0106579456478357 0.0106106987223029 0.0100417276844382 0.0086012277752161 0.00878641474992037 0.00886936020106077 0.00706059020012617 0.00745775643736124 0.00626042345538735
0.541505634784698 0.491555005311966 0.460682898759842 0.420443564653397 0.369314402341843 0.365253686904907 0.366012871265411 0.355301350355148 0.346067517995834 0.28479015827179 0.300182968378067 0.283682435750961 0.278285622596741 0.25466525554657 0.0640629231929779 0.0603401511907578 0.0589556396007538 0.0477755665779114 0.0465473011136055 0.0478435456752777 0.059181310236454 0.0691735967993736 0.0593396835029125 0.0540208034217358 0.0540456250309944 0.047279167920351 0.042513020336628 0.0445826388895512 0.044484730809927 0.0293280649930239 0.0303319059312344 0.0268285889178514 0.0268020536750555 0.0197148211300373 0.0182135831564665 0.0135460318997502 0.014093660749495 0.0136071164160967 0.0131766023114324 0.0114994393661618 0.00926651805639267 0.00836367532610893 0.00921796541661024 0.00746643589809537 0.00822934880852699 0.00774110574275255
0.527953207492828 0.499918669462204 0.449571073055267 0.410987555980682 0.424998164176941 0.367210030555725 0.322917371988297 0.323102235794067 0.277940571308136 0.299430310726166 0.28995555639267 0.286051839590073 0.265340059995651 0.249599143862724 0.232128545641899 0.237749174237251 0.0536041595041752 0.0531980879604816 0.0475486218929291 0.0532125346362591 0.0710076317191124 0.0628933608531952 0.0634356588125229 0.0653089061379433 0.0608702786266804 0.0476836822926998 0.043878335505724 0.0459722764790058 0.0383952185511589 0.0348967649042606 0.0367426760494709 0.027373967692256 0.0278839729726315 0.0248996149748564 0.0169542133808136 0.018411485478282 0.0170872155576944 0.0138648925349116 0.0116052310913801 0.0120967263355851 0.0118183828890324 0.0089868912473321 0.0100907376036048 0.0086468243971467 0.00826468504965305 0.0073062083683908
0.544954657554626 0.494455099105835 0.440232008695602 0.385670840740204 0.348375529050827 0.373376876115799 0.340249419212341 0.333966344594955 0.334825605154037 0.298917531967163 0.294766485691071 0.313274621963501 0.296557635068893 0.256366491317749 0.254439532756805 0.223408177495003 0.22673998773098 0.193919003009796 0.215910762548447 0.271564781665802 0.303004264831543 0.0604141056537628 0.064587764441967 0.0581231117248535 0.0564866699278355 0.0549847781658173 0.0482561439275742 0.0458616316318512 0.0431630983948708 0.0360696353018284 0.0388309247791767 0.0351618491113186 0.030472919344902 0.0297230631113052 0.0217582676559687 0.0167590882629156 0.0153451543301344 0.013351684436202 0.012722478248179 0.0127740707248449 0.00975778512656689 0.00965418294072151 0.0107846884056926 0.0093282125890255 0.00859674159437418 0.00797374919056892
0.527123689651489 0.485520780086517 0.446873366832733 0.442356050014496 0.365949869155884 0.373800873756409 0.36899733543396 0.335805147886276 0.366317987442017 0.350529968738556 0.275589764118195 0.313754618167877 0.261071383953094 0.265297442674637 0.276553988456726 0.264903098344803 0.238910064101219 0.240315973758698 0.268681615591049 0.3177370429039 0.302805215120316 0.290705382823944 0.0712766721844673 0.0643492117524147 0.0569809973239899 0.0471277832984924 0.0503118745982647 0.0464615263044834 0.0433871820569038 0.042027585208416 0.0382045358419418 0.0323411598801613 0.0292572267353535 0.0242157969623804 0.0208260454237461 0.0185782443732023 0.0192285645753145 0.0174980610609055 0.0158530585467815 0.0128808058798313 0.0107931802049279 0.0111291911453009 0.0113115450367332 0.00939890090376139 0.00932993832975626 0.00789889600127935
0.517782807350159 0.447141259908676 0.444354623556137 0.427913337945938 0.398924201726913 0.391502439975739 0.409371018409729 0.415739327669144 0.382488936185837 0.336260467767715 0.310725629329681 0.306246817111969 0.292967975139618 0.25768780708313 0.297969132661819 0.288852989673615 0.277367234230042 0.276865214109421 0.283752948045731 0.312106490135193 0.303518801927567 0.282010167837143 0.0631739869713783 0.0643537491559982 0.0622364729642868 0.0530155040323734 0.0482988767325878 0.04317831620574 0.0441309548914433 0.0433212220668793 0.0388252176344395 0.0327289775013924 0.030642144382 0.0308980103582144 0.0265328828245401 0.0203878600150347 0.0186186488717794 0.0153961200267076 0.0145483715459704 0.0135050769895315 0.0117831351235509 0.0129153653979301 0.0114144748076797 0.0110076414421201 0.00956432987004519 0.00841477047652006
0.51389217376709 0.455789417028427 0.498586177825928 0.486381024122238 0.405027657747269 0.37872126698494 0.409985363483429 0.426518678665161 0.404848963022232 0.385841012001038 0.358324199914932 0.349600404500961 0.292103171348572 0.252818316221237 0.284418553113937 0.274719744920731 0.263117462396622 0.288061231374741 0.288708716630936 0.332192629575729 0.290142327547073 0.295621007680893 0.269157826900482 0.0613847784698009 0.0567964538931847 0.0569441393017769 0.0477957166731358 0.0433454252779484 0.0397737175226212 0.0474797375500202 0.0415551960468292 0.0353868491947651 0.0320751219987869 0.0251258444041014 0.023046737536788 0.026173172518611 0.0190677586942911 0.019147552549839 0.0179760027676821 0.0160222351551056 0.0131247146055102 0.0110766021534801 0.0111513705924153 0.0117859244346619 0.0099426656961441 0.0086312647908926
0.532464444637299 0.462810337543488 0.449672400951385 0.452817231416702 0.417149186134338 0.482842713594437 0.455420821905136 0.424176335334778 0.40720596909523 0.373711049556732 0.334944993257523 0.36771696805954 0.315712630748749 0.313765645027161 0.309946030378342 0.295697063207626 0.270300090312958 0.277754932641983 0.301850497722626 0.322231322526932 0.329746782779694 0.277106553316116 0.282676935195923 0.248023375868797 0.0597343631088734 0.0527730882167816 0.0492511577904224 0.0413080677390099 0.0427434779703617 0.0479198731482029 0.0441301800310612 0.0391853712499142 0.0351395383477211 0.0271573606878519 0.0293547362089157 0.0295107141137123 0.0242366455495358 0.0185567829757929 0.0188449583947659 0.0154910916462541 0.0143960807472467 0.0119913145899773 0.0131432618945837 0.0105171082541347 0.0103048542514443 0.00842683110386133
0.541406810283661 0.525419414043427 0.493507653474808 0.434718489646912 0.455642729997635 0.489854395389557 0.437610685825348 0.389519870281219 0.431331813335419 0.392589807510376 0.360755413770676 0.404015839099884 0.338153719902039 0.346083223819733 0.281044751405716 0.288388609886169 0.269255995750427 0.287914246320724 0.286021590232849 0.306001543998718 0.27518019080162 0.275622069835663 0.274997979402542 0.266366958618164 0.0555197335779667 0.0585909932851791 0.0535318367183208 0.0477383062243462 0.0415164418518543 0.0413113869726658 0.0426853559911251 0.0376751348376274 0.0378692299127579 0.0327946171164513 0.0352078005671501 0.0263698417693377 0.0937407165765762 0.0968174487352371 0.0723728165030479 0.068226583302021 0.0677992701530457 0.05634680762887 0.0152621921151876 0.0475001260638237 0.0379106439650059 0.00852347631007433
0.540579617023468 0.525766849517822 0.493336826562881 0.475481659173965 0.513710379600525 0.457390367984772 0.494706183671951 0.459896892309189 0.387688755989075 0.42858749628067 0.423202455043793 0.412411004304886 0.337276995182037 0.28687646985054 0.31312957406044 0.29182168841362 0.313941270112991 0.29148057103157 0.286293774843216 0.306627780199051 0.273650228977203 0.277827858924866 0.247626036405563 0.057814709842205 0.0533014461398125 0.0474679842591286 0.0478854365646839 0.0484332144260406 0.0444966927170753 0.0406190454959869 0.0378412045538425 0.0356651954352856 0.0363267697393894 0.034684706479311 0.130255416035652 0.114469110965729 0.108853280544281 0.0894115418195724 0.0876179784536362 0.0746703594923019 0.0657446309924126 0.0674651190638542 0.050645649433136 0.0528003238141537 0.0443550497293472 0.0420399084687233
0.540338337421417 0.510618329048157 0.524952530860901 0.467442125082016 0.514172077178955 0.504217565059662 0.464841544628143 0.428548187017441 0.40767166018486 0.400527805089951 0.379186362028122 0.374204218387604 0.319852650165558 0.321593374013901 0.308488756418228 0.310954064130783 0.294066786766052 0.306816279888153 0.330083966255188 0.294916450977325 0.308030664920807 0.246376797556877 0.252861589193344 0.227035447955132 0.0531642474234104 0.0566827207803726 0.0539838448166847 0.046534325927496 0.0456887930631638 0.0392118319869041 0.0383669845759869 0.0352456904947758 0.0397680252790451 0.0358793474733829 0.120400473475456 0.128400191664696 0.0999220013618469 0.102700978517532 0.0910793840885162 0.0857346802949905 0.0724459812045097 0.0668492317199707 0.0588477812707424 0.0487828478217125 0.0438369661569595 0.0423558950424194
0.84155660867691 0.527784407138824 0.541516244411469 0.459848135709763 0.427508950233459 0.493224829435349 0.433876097202301 0.465144574642181 0.443011224269867 0.413745373487473 0.406865537166595 0.418957978487015 0.355153530836105 0.335014939308167 0.304394483566284 0.309567481279373 0.297843903303146 0.285990983247757 0.292822510004044 0.296517819166183 0.280895531177521 0.283558309078217 0.257893472909927 0.259008824825287 0.215659633278847 0.244152620434761 0.0549725219607353 0.0499295182526112 0.0477623902261257 0.0401396565139294 0.0406156405806541 0.0391981452703476 0.153073996305466 0.131349340081215 0.140780419111252 0.121556356549263 0.11104267090559 0.105375774204731 0.0900629088282585 0.081103228032589 0.0845431834459305 0.0702750831842422 0.068486712872982 0.0628351718187332 0.0483688935637474 0.0482318289577961
0.878016889095306 0.572610139846802 0.528938293457031 0.473295003175735 0.457281500101089 0.429659426212311 0.435600876808167 0.460039973258972 0.453982532024384 0.462278187274933 0.438920259475708 0.372416198253632 0.363267421722412 0.301521420478821 0.28398609161377 0.30047732591629 0.291703432798386 0.307943910360336 0.2976915538311 0.319773554801941 0.317139655351639 0.277819752693176 0.268161684274673 0.240945741534233 0.220273315906525 0.213528171181679 0.046560849994421 0.0487073175609112 0.0437827669084072 0.0413670539855957 0.182279795408249 0.152867317199707 0.147227302193642 0.154172673821449 0.136963725090027 0.123609691858292 0.127743378281593 0.108381681144238 0.091832622885704 0.105488456785679 0.0866896957159042 0.072171539068222 0.0679695457220078 0.0601010695099831 0.0484771430492401 0.0469275675714016
0.906375110149384 0.863558888435364 0.563579976558685 0.497984349727631 0.533375561237335 0.49586808681488 0.533510386943817 0.508256137371063 0.480442196130753 0.452847987413406 0.397821545600891 0.404010891914368 0.362666010856628 0.345601826906204 0.319594353437424 0.3086276948452 0.298915326595306 0.335039108991623 0.320062279701233 0.290040135383606 0.296840310096741 0.27324303984642 0.235381603240967 0.240310251712799 0.205803498625755 0.0458460375666618 0.0410276129841805 0.0360786207020283 0.153182506561279 0.151250198483467 0.190454035997391 0.162611678242683 0.161928698420525 0.161807283759117 0.129580244421959 0.140800133347511 0.132324576377869 0.129119798541069 0.137802734971046 0.0994677320122719 0.100244596600533 0.0799989551305771 0.0698151513934135 0.0659889057278633 0.0565964132547379 0.0548605248332024
0.921286523342133 0.876518189907074 0.528753995895386 0.529831111431122 0.50545608997345 0.54617041349411 0.537922084331512 0.479213237762451 0.48254469037056 0.465610504150391 0.438673883676529 0.378470122814178 0.390662908554077 0.33232307434082 0.308528065681458 0.308618366718292 0.3360356092453 0.313707023859024 0.293918490409851 0.289084672927856 0.273028939962387 0.278453081846237 0.220394626259804 0.22013521194458 0.198934584856033 0.164356559514999 0.166264921426773 0.152456849813461 0.158007726073265 0.144838511943817 0.175513818860054 0.176908850669861 0.163853958249092 0.172812536358833 0.14559231698513 0.158927574753761 0.13841438293457 0.140553623437881 0.141776040196419 0.121140919625759 0.112535655498505 0.0845172926783562 0.0734050422906876 0.0774064660072327 0.0607893504202366 0.0575614422559738
0.90437513589859 0.898133337497711 0.834992706775665 0.536602854728699 0.545698046684265 0.564231276512146 0.53204220533371 0.479997336864471 0.529837071895599 0.497740596532822 0.455318331718445 0.390160143375397 0.356417596340179 0.392144948244095 0.321720570325851 0.310005158185959 0.315790444612503 0.314304560422897 0.30203714966774 0.323044091463089 0.274117410182953 0.250376552343369 0.227014407515526 0.238966926932335 0.193757623434067 0.174243867397308 0.168797492980957 0.164330571889877 0.165851682424545 0.149928018450737 0.182558611035347 0.184243515133858 0.177893877029419 0.15935193002224 0.174065262079239 0.188922181725502 0.169639766216278 0.156484633684158 0.155132606625557 0.120824933052063 0.120268359780312 0.0906414911150932 0.0930324122309685 0.0701693594455719 0.0706427469849586 0.0603017024695873
0.867987334728241 0.882380962371826 0.876108944416046 0.855828940868378 0.551547467708588 0.568108677864075 0.530423164367676 0.503025054931641 0.502995669841766 0.447120368480682 0.432809293270111 0.397962659597397 0.358144223690033 0.366255640983582 0.324284434318542 0.309977173805237 0.311895966529846 0.313788861036301 0.31046199798584 0.326749235391617 0.281651377677917 0.267464727163315 0.248554706573486 0.228516608476639 0.210557729005814 0.187365293502808 0.182980671525002 0.181388705968857 0.176274076104164 0.170443698763847 0.190785557031631 0.174938201904297 0.175232574343681 0.194783940911293 0.174395740032196 0.155967697501183 0.158006519079208 0.163698270916939 0.170830935239792 0.161386162042618 0.129968032240868 0.103501550853252 0.0854631811380386 0.0851693004369736 0.0747799053788185 0.0633065104484558
