data/climate_estimation/maxent_output/Wurmbea_elongata.asc
NCOLS 94 
NROWS 43 
XLLCORNER 18.3333333333333 
YLLCORNER -33.5 
CELLSIZE 0.0833333333333333 
NODATA_value -3.4e+38 
[rows 19 to 37 of 43, columns 43 to 85 of 94]
0.0660234466195107 0.0693506821990013 0.0635588765144348 0.0500007979571819 0.0494534708559513 0.0378027036786079 0.0500661507248878 0.0572569370269775 0.0700648128986359 0.0890183076262474 0.0621924065053463 0.0875332951545715 0.0735880509018898 0.069378674030304 0.0621874034404755 0.0915581360459328 0.0867723152041435 0.10095626115799 0.0689148232340813 0.101786002516747 0.0720430836081505 0.0838380753993988 0.0863806158304214 0.0647769644856453 0.0617488622665405 0.0405415371060371 0.0469832234084606 0.0479100234806538 0.0535941533744335 0.0562821328639984 0.0653878301382065 0.0668468475341797 0.0709127634763718 0.0626441463828087 0.111136838793755 0.124936059117317 0.141361773014069 0.178101792931557 0.174733400344849 0.192232578992844 0.187136024236679 0.186996579170227 0.218592971563339
0.0528086051344872 0.0492898523807526 0.0455450788140297 0.0515379644930363 0.0526577718555927 0.0537967719137669 0.0476087145507336 0.0398764200508595 0.062803253531456 0.0564197935163975 0.0829741507768631 0.0717215463519096 0.0717975124716759 0.0793786272406578 0.07496627420187 0.0674929097294807 0.0773871093988419 0.0876649022102356 0.0916198417544365 0.0902890637516975 0.0666008591651917 0.0599007345736027 0.0819673612713814 0.0844012871384621 0.050436444580555 0.0311349704861641 0.0308283306658268 0.0381304807960987 0.0371419005095959 0.0521987117826939 0.0391481220722198 0.0393829308450222 0.0545133166015148 0.0657160207629204 0.0912992358207703 0.0737409144639969 0.100994266569614 0.162243843078613 0.16757270693779 0.187955409288406 0.196611180901527 0.183890506625175 0.231391072273254
0.0378513336181641 0.0356134139001369 0.0430884025990963 0.0376444235444069 0.0376845896244049 0.0526750385761261 0.0394151769578457 0.0344594940543175 0.0456662699580193 0.0739876702427864 0.0750967711210251 0.0834708139300346 0.0725521072745323 0.0691708028316498 0.0785011127591133 0.0743466690182686 0.0896807238459587 0.0742969065904617 0.0979392826557159 0.0886273756623268 0.0807137116789818 0.0757163688540459 0.0569777339696884 0.0595319420099258 0.0487704649567604 0.030634980648756 0.0241377297788858 0.0281477682292461 0.0272763650864363 0.0337209329009056 0.0223456230014563 0.0281596519052982 0.0318991802632809 0.0433543212711811 0.0441190525889397 0.0413242653012276 0.0791135877370834 0.0873837545514107 0.126623064279556 0.188694819808006 0.230238437652588 0.191407546401024 0.255871564149857
0.0290152374655008 0.0439797416329384 0.0402062609791756 0.0534172207117081 0.035504050552845 0.0279535111039877 0.028627797961235 0.0438810288906097 0.044549249112606 0.0605146028101444 0.0632099956274033 0.0747735500335693 0.0725217536091805 0.0805520340800285 0.056291114538908 0.0540237948298454 0.062266431748867 0.0772566944360733 0.0715247392654419 0.084904670715332 0.0880283340811729 0.0772741660475731 0.0689420998096466 0.05452910810709 0.0474893264472485 0.0304452907294035 0.0270040091127157 0.0350974611938 0.0289258491247892 0.0359988436102867 0.0358532182872295 0.0414642207324505 0.0537386350333691 0.0357854552567005 0.0424026995897293 0.0483004339039326 0.0749732702970505 0.0813699513673782 0.131277292966843 0.224212169647217 0.223053961992264 0.215734556317329 0.248501226305962
0.0392619110643864 0.0315067991614342 0.0409759432077408 0.0383811667561531 0.0340877696871758 0.0303374994546175 0.0321345925331116 0.0366383865475655 0.05080197006464 0.0520098134875298 0.0443971045315266 0.0438184253871441 0.0760990232229233 0.0650245845317841 0.0625472292304039 0.0746557712554932 0.0708385184407234 0.0623030513525009 0.0731209293007851 0.0735290497541428 0.08348498493433 0.0618097931146622 0.0562668666243553 0.0387881621718407 0.044929388910532 0.0375361628830433 0.0296467933803797 0.0453050695359707 0.0451712161302567 0.0459263622760773 0.0634454265236855 0.0789690613746643 0.0549886971712112 0.0514089949429035 0.0761866569519043 0.0443778038024902 0.0725207775831223 0.126538529992104 0.139715477824211 0.190271511673927 0.187627658247948 0.206325769424438 0.202928707003593
0.0314932093024254 0.038520809262991 0.034966628998518 0.0270250979810953 0.0328810513019562 0.0299342107027769 0.0297953449189663 0.0351866222918034 0.0435513779520988 0.0369336903095245 0.0380522273480892 0.0454910807311535 0.0584974475204945 0.0675610899925232 0.0501383170485497 0.0607624799013138 0.0597612485289574 0.0757371783256531 0.0695001631975174 0.0726184099912643 0.0669785812497139 0.0444093197584152 0.05353694409132 0.0415236689150333 0.0378015674650669 0.0444223210215569 0.0248390790075064 0.0310265999287367 0.0454011671245098 0.0615102760493755 0.0711569860577583 0.0749075934290886 0.0775755643844604 0.0745031163096428 0.0892832353711128 0.0468317717313766 0.0565847009420395 0.103978089988232 0.112623803317547 0.134834036231041 0.159401714801788 0.177612915635109 0.169164970517159
0.0226827580481768 0.0278951600193977 0.0286884158849716 0.0298420619219542 0.0279120206832886 0.0249287597835064 0.0251978617161512 0.0220458526164293 0.0260205697268248 0.026823628693819 0.0317176878452301 0.0452479124069214 0.0613659732043743 0.0612998530268669 0.0555073730647564 0.0665895864367485 0.0665603131055832 0.0730955749750137 0.0618481859564781 0.0348585061728954 0.0494685545563698 0.0281761884689331 0.0332322306931019 0.0400041453540325 0.0192552041262388 0.0204253494739532 0.0231289006769657 0.0300699677318335 0.0375086106359959 0.0504775755107403 0.0697394832968712 0.0652726963162422 0.079959437251091 0.0786823183298111 0.076693594455719 0.0640039592981339 0.0332259610295296 0.0778814852237701 0.0863922834396362 0.111617654561996 0.124710462987423 0.152681797742844 0.173532739281654
0.0205858554691076 0.0340473391115665 0.0172705706208944 0.0248604118824005 0.0306900255382061 0.0178390461951494 0.0208430308848619 0.0184673983603716 0.0190515592694283 0.0582957118749619 0.0507104024291039 0.0454795584082603 0.0512955896556377 0.0683725997805595 0.0552915632724762 0.0513075441122055 0.0646003112196922 0.0697682872414589 0.0678627267479897 0.0384373180568218 0.0383911058306694 0.0363345704972744 0.0249209646135569 0.025029394775629 0.0177797395735979 0.0176229476928711 0.0233117174357176 0.0463215708732605 0.0435260757803917 0.0615698210895061 0.0550342984497547 0.0726864337921143 0.0796753615140915 0.0883309319615364 0.0753071159124374 0.0488570891320705 0.0330581367015839 0.0483427792787552 0.0508324839174747 0.0621247924864292 0.109079428017139 0.116844937205315 0.149049699306488
0.026065131649375 0.031376589089632 0.0349573343992233 0.0487368926405907 0.0591072291135788 0.0200147870928049 0.0199942607432604 0.0238850396126509 0.0300153661519289 0.0462001115083694 0.0473310574889183 0.0631068050861359 0.0646684467792511 0.0717660561203957 0.0598362423479557 0.0563393272459507 0.0522663481533527 0.0685127675533295 0.0746034309267998 0.0502292104065418 0.0574622564017773 0.0435148403048515 0.0251447316259146 0.0157866831868887 0.0227113924920559 0.0233493819832802 0.0437427647411823 0.0622653812170029 0.06039222702384 0.0609373115003109 0.0653755217790604 0.0719222649931908 0.0662187486886978 0.0617282055318356 0.0524285882711411 0.025226766243577 0.0221273545175791 0.0289706196635962 0.0276069324463606 0.0489012748003006 0.0666479095816612 0.0862738415598869 0.102054320275784
0.0231820419430733 0.0302191264927387 0.0393334664404392 0.0494453981518745 0.0404548607766628 0.0635653734207153 0.037652350962162 0.0335188247263432 0.0493370741605759 0.0442454740405083 0.0503912456333637 0.0449296124279499 0.0688270777463913 0.0640730932354927 0.0522752143442631 0.0585888139903545 0.046788789331913 0.0583735927939415 0.0519155487418175 0.0585974529385567 0.050064891576767 0.0632872879505157 0.031223876401782 0.0186033323407173 0.0414614714682102 0.0768139734864235 0.0424035675823689 0.0560425780713558 0.0664643049240112 0.0676295757293701 0.0611866638064384 0.0705816075205803 0.0695306807756424 0.0611247234046459 0.0575366616249084 0.0592408217489719 0.056964498013258 0.0370618142187595 0.0358527936041355 0.0300985909998417 0.036562979221344 0.0440946109592915 0.0485649593174458
0.0338268466293812 0.0597297735512257 0.0415762588381767 0.0613696239888668 0.0594664216041565 0.0653011351823807 0.0621840059757233 0.0507412925362587 0.0718598142266273 0.0398085154592991 0.0474088154733181 0.0447790026664734 0.0438974797725677 0.0497170574963093 0.054796140640974 0.0543671660125256 0.0608602985739708 0.0480086281895638 0.0496642626821995 0.0624682120978832 0.0543010123074055 0.0544962547719479 0.0395228564739227 0.0271793100982904 0.0650101602077484 0.0799002125859261 0.0648573040962219 0.0757719576358795 0.0692403465509415 0.0787768289446831 0.0847429037094116 0.0843387395143509 0.0849487483501434 0.0544233396649361 0.0720731094479561 0.0736082568764687 0.0606383271515369 0.0565150156617165 0.0766421556472778 0.0332175977528095 0.0427154004573822 0.0508323609828949 0.086157351732254
0.049462154507637 0.0355738885700703 0.0701893642544746 0.0485918372869492 0.053946927189827 0.0368110537528992 0.042473953217268 0.0532337687909603 0.0480543151497841 0.0491135232150555 0.0488534010946751 0.0474464558064938 0.0472653433680534 0.0531305745244026 0.0573007613420486 0.0564806386828423 0.0642436668276787 0.060371920466423 0.0489441491663456 0.0672547295689583 0.0481810234487057 0.0565299019217491 0.0593392103910446 0.0554770603775978 0.0656074211001396 0.0688980892300606 0.0910556837916374 0.0844961926341057 0.0689644515514374 0.0695810765028 0.0879416540265083 0.082739531993866 0.0726427510380745 0.0630763918161392 0.0635621622204781 0.0637312382459641 0.063539445400238 0.0645316988229752 0.0746600776910782 0.0463388077914715 0.0376822501420975 0.0406563207507133 0.0572192370891571
0.0400784499943256 0.0517526231706142 0.0498010329902172 0.039667472243309 0.0370557680726051 0.0352505743503571 0.0529460348188877 0.0402457639575005 0.0490802973508835 0.042596846818924 0.0376457795500755 0.0434130616486073 0.047700434923172 0.0474145971238613 0.0445915423333645 0.0416042618453503 0.0476105362176895 0.0452440567314625 0.0434911362826824 0.0425660572946072 0.0514015220105648 0.0579958409070969 0.0529765039682388 0.0547266788780689 0.0685237124562263 0.0642333477735519 0.070864699780941 0.0566066205501556 0.0692924633622169 0.0636476799845695 0.0860596895217896 0.0766090899705887 0.0799425840377808 0.0701191052794456 0.0606395527720451 0.0618582889437675 0.0540965683758259 0.0565268769860268 0.0654935166239738 0.0564527064561844 0.0331667363643646 0.0377030000090599 0.0511175431311131
0.0402164310216904 0.0627094730734825 0.0405530892312527 0.0381608977913857 0.0372045673429966 0.0396635718643665 0.0347325317561626 0.0368064045906067 0.033147394657135 0.037109762430191 0.0315526016056538 0.0357893519103527 0.0360588170588017 0.0428062342107296 0.0406785011291504 0.0522133484482765 0.0399236977100372 0.0477526895701885 0.0468052327632904 0.0382840074598789 0.0446730777621269 0.0400132723152637 0.0669843703508377 0.0591009370982647 0.0481562353670597 0.0596701465547085 0.0713383406400681 0.0645304843783379 0.0711689069867134 0.0879062339663506 0.0774126276373863 0.0658449456095695 0.0888024121522903 0.0628179758787155 0.0566104762256145 0.0514709018170834 0.0555936172604561 0.0566105619072914 0.0571293048560619 0.0564892813563347 0.0445367880165577 0.0263510849326849 0.0319184027612209
0.0304949879646301 0.0446633137762547 0.0486170276999474 0.0278685577213764 0.0342733338475227 0.0267474763095379 0.0285303276032209 0.0259333178400993 0.0267382133752108 0.0263680703938007 0.0256995745003223 0.0246903356164694 0.0271618254482746 0.0354639142751694 0.0288434084504843 0.0322479233145714 0.0357414707541466 0.0342771261930466 0.04200753942132 0.0475318171083927 0.0473850518465042 0.0558622553944588 0.0522166602313519 0.0472630485892296 0.046596348285675 0.0598993450403214 0.0761996582150459 0.069900244474411 0.0828370377421379 0.0762391611933708 0.073525108397007 0.0968630537390709 0.0802131369709969 0.0806498378515244 0.0676218569278717 0.0507025457918644 0.0622454322874546 0.0492898710072041 0.0566912703216076 0.0568986497819424 0.040406197309494 0.0349293127655983 0.0320334322750568
0.0294137876480818 0.0239783748984337 0.0313464365899563 0.0199031643569469 0.0250624231994152 0.018985478207469 0.0174631923437119 0.0179723836481571 0.0181828141212463 0.0211593098938465 0.0236014649271965 0.0224192645400763 0.0214358661323786 0.0277155209332705 0.0262553002685308 0.0286486800760031 0.0366656742990017 0.0360448062419891 0.0373437441885471 0.0360435396432877 0.0494934283196926 0.0511136837303638 0.0428698062896729 0.0399539731442928 0.0483367331326008 0.0621441788971424 0.0614495351910591 0.058421291410923 0.0658463537693024 0.0553185120224953 0.0609637498855591 0.0710695162415504 0.0750821530818939 0.0699309557676315 0.054897416383028 0.0556081794202328 0.0494138859212399 0.0488763563334942 0.0486481972038746 0.064360499382019 0.0388492830097675 0.024587033316493 0.0213535502552986
0.0219941176474094 0.0204103216528893 0.0193475224077702 0.0163496602326632 0.0153402304276824 0.0139554832130671 0.0107540152966976 0.0108997952193022 0.0149337537586689 0.0139165138825774 0.0139038097113371 0.0157592352479696 0.0198751091957092 0.0189342945814133 0.0202541928738356 0.0258877370506525 0.0240312851965427 0.0322206951677799 0.0309016890823841 0.0356995835900307 0.0419580228626728 0.0377729199826717 0.039527777582407 0.0434305407106876 0.054718654602766 0.0591322742402554 0.0622172094881535 0.0556403212249279 0.0725012496113777 0.0697776153683662 0.0629691854119301 0.0703022032976151 0.069796696305275 0.0633896887302399 0.0490179546177387 0.0552324652671814 0.0511168427765369 0.0433261431753635 0.0441356040537357 0.0418635308742523 0.0393016114830971 0.0268568433821201 0.0194312315434217
0.0120701026171446 0.0201984532177448 0.0150912832468748 0.0166047047823668 0.010985397733748 0.0116876270622015 0.00858758389949799 0.00863511860370636 0.00901382975280285 0.0117265237495303 0.00969858467578888 0.0108532067388296 0.0118417078629136 0.0129766259342432 0.0166135281324387 0.0174790006130934 0.0191383026540279 0.0202775914222002 0.0234541185200214 0.0381577052175999 0.023735772818327 0.0266892891377211 0.0311575140804052 0.0333084277808666 0.0505864880979061 0.047176368534565 0.0666425824165344 0.0617357678711414 0.0624910928308964 0.0847784504294395 0.0686709210276604 0.0724945217370987 0.0754660964012146 0.0715710148215294 0.0637146160006523 0.0378511101007462 0.0402267873287201 0.0327640362083912 0.0327909663319588 0.0341075360774994 0.0317787267267704 0.0260432623326778 0.0247771944850683
0.0099843293428421 0.0163855906575918 0.011823064647615 0.00651243468746543 0.00805631000548601 0.00691861053928733 0.00595630286261439 0.00812068860977888 0.00701350532472134 0.00702790729701519 0.00922388304024935 0.0088470745831728 0.00974253844469786 0.0106634264811873 0.0114449458196759 0.0140441590920091 0.0175969172269106 0.0190760530531406 0.0184907168149948 0.0209711734205484 0.0198546499013901 0.0189268589019775 0.0258539952337742 0.0308217480778694 0.0384761765599251 0.0385999269783497 0.0454896204173565 0.0475892424583435 0.0584795325994492 0.0591888539493084 0.0781508609652519 0.0828513652086258 0.0651457160711288 0.0580029040575027 0.0469558499753475 0.0349173545837402 0.0273170135915279 0.0297019928693771 0.0222136415541172 0.0288529917597771 0.0240410678088665 0.0286288298666477 0.0266727264970541
