data/climate_estimation/maxent_output/Wurmbea_dioica.asc
NCOLS 494 
NROWS 293 
XLLCORNER 113.166666666667 
YLLCORNER -43.5 
CELLSIZE 0.0833333333333333 
NODATA_value -3.4e+38 
[rows 180 to 199 of 293, columns 405 to 449 of 494]
0.72764527797699 0.749502718448639 0.761762380599976 0.753872394561768 0.435801804065704 0.414681911468506 0.411107212305069 0.421804010868073 0.439422875642776 0.458396434783936 0.757314682006836 0.755785226821899 0.761021614074707 0.772217035293579 0.664079904556274 0.66073340177536 0.680872321128845 0.670084655284882 0.680058836936951 0.683394193649292 0.693144559860229 0.719451487064362 0.675061225891113 0.690677881240845 0.742014646530151 0.752385497093201 0.720317661762238 0.688249826431274 0.704063534736633 0.734014570713043 0.681717991828918 0.673286199569702 0.687237858772278 0.610578298568726 0.576549172401428 0.502588033676147 0.483961671590805 0.547582149505615 0.614477097988129 0.624948441982269 0.654949188232422 0.639620184898376 0.587515413761139 0.574771642684937 0.648467719554901
0.74690181016922 0.748867869377136 0.753726720809937 0.752296924591064 0.738377153873444 0.430499881505966 0.751376450061798 0.75586473941803 0.745078265666962 0.745948791503906 0.756827235221863 0.76783275604248 0.764493107795715 0.758507311344147 0.760793030261993 0.782098114490509 0.79472291469574 0.665792524814606 0.685421645641327 0.681271731853485 0.687733173370361 0.702693819999695 0.679763734340668 0.691266000270844 0.73893803358078 0.712921917438507 0.757081270217896 0.72589510679245 0.694541573524475 0.703784883022308 0.70702201128006 0.691082000732422 0.675889432430267 0.656509220600128 0.610056638717651 0.629298031330109 0.591000854969025 0.654314994812012 0.592245936393738 0.664982318878174 0.677634537220001 0.635444581508636 0.590848088264465 0.599488496780396 0.646004736423492
0.746589004993439 0.748513102531433 0.74600738286972 0.759953498840332 0.731519043445587 0.755322575569153 0.745666027069092 0.753659605979919 0.756897687911987 0.760777175426483 0.763655483722687 0.753763675689697 0.767323851585388 0.760441899299622 0.744643747806549 0.76213663816452 0.784541606903076 0.77934056520462 0.655521750450134 0.667241096496582 0.682201385498047 0.695820569992065 0.690787494182587 0.715216100215912 0.739240884780884 0.709095776081085 0.711186289787292 0.75813901424408 0.72331964969635 0.720218539237976 0.708298444747925 0.682852149009705 0.645391225814819 0.622040748596191 0.572313964366913 0.60936826467514 0.658814787864685 0.677894592285156 0.680598378181458 0.691704213619232 0.643842816352844 0.653343558311462 0.59369832277298 0.589032769203186 0.575761735439301
0.753099381923676 0.76240611076355 0.755573034286499 0.761005103588104 0.753977715969086 0.757972896099091 0.755572497844696 0.756413698196411 0.76158595085144 0.747724294662476 0.756692588329315 0.765481948852539 0.738043248653412 0.754826724529266 0.734391391277313 0.723239004611969 0.75506603717804 0.760603487491608 0.775771200656891 0.658925771713257 0.683366775512695 0.682581007480621 0.678749322891235 0.727644860744476 0.739369451999664 0.709910333156586 0.762542068958282 0.757646024227142 0.719598531723022 0.722588419914246 0.676607847213745 0.676179349422455 0.653773248195648 0.591843903064728 0.572492480278015 0.663359820842743 0.673738658428192 0.68765264749527 0.687017261981964 0.675373315811157 0.652241885662079 0.652227103710175 0.602046549320221 0.554856717586517 0.475436568260193
0.770404875278473 0.756056249141693 0.7530916929245 0.740015149116516 0.736995577812195 0.743115961551666 0.739010095596313 0.733811736106873 0.742051959037781 0.736235320568085 0.730122983455658 0.745578467845917 0.74074524641037 0.715829491615295 0.720718145370483 0.72003185749054 0.737369000911713 0.740071713924408 0.770807147026062 0.773986637592316 0.770513296127319 0.686453104019165 0.663386821746826 0.725905299186707 0.737809300422668 0.702803194522858 0.750995874404907 0.752963364124298 0.706681191921234 0.676185250282288 0.659746408462524 0.654280304908752 0.610958695411682 0.558808267116547 0.572327136993408 0.68814891576767 0.6834836602211 0.694205403327942 0.688779473304749 0.684461772441864 0.663957834243774 0.625086903572083 0.544113457202911 0.443237811326981 0.330755949020386
0.760947585105896 0.762050747871399 0.749929189682007 0.720194935798645 0.735564589500427 0.736152708530426 0.718855142593384 0.711697161197662 0.682841241359711 0.704160451889038 0.720060229301453 0.721650838851929 0.585183084011078 0.705426573753357 0.695754766464233 0.576504111289978 0.735634088516235 0.742225885391235 0.756606459617615 0.778964817523956 0.783350884914398 0.77747642993927 0.706877827644348 0.724365055561066 0.737443804740906 0.743159234523773 0.710685074329376 0.766123712062836 0.730912029743195 0.691621601581573 0.672978281974792 0.681406736373901 0.620035350322723 0.634649336338043 0.636198043823242 0.715643882751465 0.700423300266266 0.704290926456451 0.692490577697754 0.671425998210907 0.661580324172974 0.577555060386658 0.406304657459259 0.216803655028343 0.167642280459404
0.756846010684967 0.76511150598526 0.754145801067352 0.726778745651245 0.732169508934021 0.723755240440369 0.722968697547913 0.686517059803009 0.631585359573364 0.682175755500793 0.714645445346832 0.701247692108154 0.696343302726746 0.57484894990921 0.689513504505157 0.693244576454163 0.7162846326828 0.726849973201752 0.75437593460083 0.778045117855072 0.76770806312561 0.795258045196533 0.780832409858704 0.721140801906586 0.729660391807556 0.740124762058258 0.746453940868378 0.756439566612244 0.763343393802643 0.730894088745117 0.727392196655273 0.690877974033356 0.658809840679169 0.673713445663452 0.711288630962372 0.728451728820801 0.719045639038086 0.710871636867523 0.687592625617981 0.645411789417267 0.566724538803101 0.494931012392044 0.275248289108276 0.164377585053444 0.12796775996685
0.759274899959564 0.756810963153839 0.607095897197723 0.606955826282501 0.728663265705109 0.713902175426483 0.707657158374786 0.707284808158875 0.662267744541168 0.693368852138519 0.715935468673706 0.70727413892746 0.693596541881561 0.575148463249207 0.703231811523438 0.702684819698334 0.71091365814209 0.735344886779785 0.75709342956543 0.758849322795868 0.778602302074432 0.773776292800903 0.779874265193939 0.783096075057983 0.724427819252014 0.742013096809387 0.747722923755646 0.714605271816254 0.758086144924164 0.750716924667358 0.735248446464539 0.678593099117279 0.703294098377228 0.748759508132935 0.742583930492401 0.745408773422241 0.723499894142151 0.705999314785004 0.676350593566895 0.641029000282288 0.615895867347717 0.539693176746368 0.413682013750076 0.400590807199478 0.207294806838036
0.753553032875061 0.74887627363205 0.610213756561279 0.598296701908112 0.706031441688538 0.715336263179779 0.707229971885681 0.697739481925964 0.68239438533783 0.696268200874329 0.725351452827454 0.703602969646454 0.682506859302521 0.705219388008118 0.718674004077911 0.704440474510193 0.729515910148621 0.740568399429321 0.748314321041107 0.742922306060791 0.770761430263519 0.75508987903595 0.792172193527222 0.795941352844238 0.714056372642517 0.735379993915558 0.742060780525208 0.745999276638031 0.754895806312561 0.757290065288544 0.778418064117432 0.666835784912109 0.692055583000183 0.750888705253601 0.748274147510529 0.747077286243439 0.726811945438385 0.711979925632477 0.683315932750702 0.649793922901154 0.626435220241547 0.607119262218475 0.463398784399033 0.314636737108231 0.310499548912048
0.771465957164764 0.742525160312653 0.619860708713531 0.609189569950104 0.735012233257294 0.711907863616943 0.716946661472321 0.711720764636993 0.703952550888062 0.71695750951767 0.744698405265808 0.732609450817108 0.697592675685883 0.71265721321106 0.744118392467499 0.718545496463776 0.746503710746765 0.750087440013885 0.745975375175476 0.738892555236816 0.739048838615417 0.767302453517914 0.79700893163681 0.806959092617035 0.71413516998291 0.729144036769867 0.734988451004028 0.743491053581238 0.744604647159576 0.742289423942566 0.742378413677216 0.650831997394562 0.685897469520569 0.738426089286804 0.742960572242737 0.741534471511841 0.719388365745544 0.699490010738373 0.662957847118378 0.571058630943298 0.596201598644257 0.614426910877228 0.582419097423553 0.553718030452728 0.5030158162117
0.757835030555725 0.747667253017426 0.742972910404205 0.740033090114594 0.740529239177704 0.725450992584229 0.729787766933441 0.725896298885345 0.728687882423401 0.740769147872925 0.75502598285675 0.73688405752182 0.69180154800415 0.709095478057861 0.750125586986542 0.739108562469482 0.745241761207581 0.715991079807281 0.697447896003723 0.761077404022217 0.737738966941833 0.781816363334656 0.810819625854492 0.804663121700287 0.804165542125702 0.722735643386841 0.695323944091797 0.705310881137848 0.744876265525818 0.711079359054565 0.690082311630249 0.610656261444092 0.650516211986542 0.715786635875702 0.74156641960144 0.740128755569458 0.720551013946533 0.703082978725433 0.629566609859467 0.521359920501709 0.515119612216949 0.551609575748444 0.476311504840851 0.507923543453217 0.481120467185974
0.752783060073853 0.742812097072601 0.7368323802948 0.751316130161285 0.753987431526184 0.758213996887207 0.748863339424133 0.745075047016144 0.748297929763794 0.753591954708099 0.765801787376404 0.776143372058868 0.746557056903839 0.731371998786926 0.752258002758026 0.752834379673004 0.725699901580811 0.683834731578827 0.602902591228485 0.614546000957489 0.752361118793488 0.752968490123749 0.775635957717896 0.807438015937805 0.668756306171417 0.684705793857574 0.701583325862885 0.708483695983887 0.712794363498688 0.68765664100647 0.673278152942657 0.611026406288147 0.646958470344543 0.715010166168213 0.749237418174744 0.736603736877441 0.723119974136353 0.706987023353577 0.593677043914795 0.417405784130096 0.443562000989914 0.455323904752731 0.431174635887146 0.457370162010193 0.435570508241653
0.736406147480011 0.737618923187256 0.760460555553436 0.770014464855194 0.760036110877991 0.77156937122345 0.780064880847931 0.772611975669861 0.767989575862885 0.770628392696381 0.777858793735504 0.773770570755005 0.769935369491577 0.791155457496643 0.736623585224152 0.77070677280426 0.696669161319733 0.588278293609619 0.569675266742706 0.517086803913116 0.597244143486023 0.726342976093292 0.675375938415527 0.765360772609711 0.673450231552124 0.694305241107941 0.702224850654602 0.710960984230042 0.715282022953033 0.698123037815094 0.695598423480988 0.620758473873138 0.673037469387054 0.714720249176025 0.743583738803864 0.735568940639496 0.719889342784882 0.707750499248505 0.639928042888641 0.411413699388504 0.380666613578796 0.429887920618057 0.498988002538681 0.463954776525497 0.380269318819046
0.721851885318756 0.746291816234589 0.75685054063797 0.763571858406067 0.759923696517944 0.773676633834839 0.77191299200058 0.770923376083374 0.765932381153107 0.788455724716187 0.779395461082458 0.759526193141937 0.732614099979401 0.769672632217407 0.731808960437775 0.784709274768829 0.696086645126343 0.550141930580139 0.476711422204971 0.463066667318344 0.520078837871552 0.64333838224411 0.496960282325745 0.688942611217499 0.672203361988068 0.702647805213928 0.717601537704468 0.719033479690552 0.710101246833801 0.692939281463623 0.714842140674591 0.649124383926392 0.699781656265259 0.731895208358765 0.733770847320557 0.728542447090149 0.722778797149658 0.702979743480682 0.570571899414062 0.439009040594101 0.438716739416122 0.462567269802094 0.453455001115799 0.420262157917023 0.386596262454987
0.755656123161316 0.759255409240723 0.757578730583191 0.773740172386169 0.755824625492096 0.750673532485962 0.774569034576416 0.774650454521179 0.759117007255554 0.774307548999786 0.762582838535309 0.716610848903656 0.758986711502075 0.749616384506226 0.730555772781372 0.784153938293457 0.757011532783508 0.584222793579102 0.471144199371338 0.405105471611023 0.413987159729004 0.560690999031067 0.491422265768051 0.665514707565308 0.680834531784058 0.714846789836884 0.724615871906281 0.70775693655014 0.712575554847717 0.699613213539124 0.713352859020233 0.643061518669128 0.685595452785492 0.728032290935516 0.719575583934784 0.717596292495728 0.716661036014557 0.692218124866486 0.622394859790802 0.576858699321747 0.483237743377686 0.454797595739365 0.452393025159836 0.420409262180328 -3.4e+38
0.759509205818176 0.759367704391479 0.761980950832367 0.768167316913605 0.77643233537674 0.761161327362061 0.762943089008331 0.784769952297211 0.767833352088928 0.759116470813751 0.77214527130127 0.695440649986267 0.719571709632874 0.674734234809875 0.694541692733765 0.682610809803009 0.692938387393951 0.572079539299011 0.492855787277222 0.408676713705063 0.384134948253632 0.485398679971695 0.486209481954575 0.636863827705383 0.787834227085114 0.710977077484131 0.70819479227066 0.717763841152191 0.704093992710114 0.708372533321381 0.678588628768921 0.47144341468811 0.587295532226562 0.697392344474792 0.689236044883728 0.691332757472992 0.713606655597687 0.644790410995483 0.652396559715271 0.608541965484619 0.52049720287323 0.466400355100632 0.436595171689987 -3.4e+38 -3.4e+38
0.771255910396576 0.778460144996643 0.76934939622879 0.760486245155334 0.768758475780487 0.767742514610291 0.750883936882019 0.760491192340851 0.745249807834625 0.761022329330444 0.757775068283081 0.744849026203156 0.638260841369629 0.521660089492798 0.555712938308716 0.654133439064026 0.600716054439545 0.370942384004593 0.489116489887238 0.420594990253448 0.335816830396652 0.508260726928711 0.400442808866501 0.551402568817139 0.735045671463013 0.698428332805634 0.701551616191864 0.697989702224731 0.697519063949585 0.695808291435242 0.66267591714859 0.500838994979858 0.497268348932266 0.630276739597321 0.616930484771729 0.640047907829285 0.662436664104462 0.656310260295868 0.640410840511322 0.600677788257599 0.529747664928436 0.498801648616791 -3.4e+38 -3.4e+38 -3.4e+38
0.77438360452652 0.781931638717651 0.77972012758255 0.781403303146362 0.787165880203247 0.74980640411377 0.763774752616882 0.746825695037842 0.712346434593201 0.758487820625305 0.755471110343933 0.732499480247498 0.66563606262207 0.503160178661346 0.452029407024384 0.587494432926178 0.649527311325073 0.390874862670898 0.259843796491623 0.279945880174637 0.214622586965561 0.370422184467316 0.194445103406906 0.410705924034119 0.484436988830566 0.685440361499786 0.701724410057068 0.695621132850647 0.7017902135849 0.621853053569794 0.616446614265442 0.470621526241302 0.586119294166565 0.54269278049469 0.552939116954803 0.565003037452698 0.635144233703613 0.667407393455505 0.632194519042969 0.600205421447754 0.538096129894257 0.492509782314301 -3.4e+38 -3.4e+38 -3.4e+38
0.785701036453247 0.789649307727814 0.790699362754822 0.800890445709229 0.794874131679535 0.777091681957245 0.786784052848816 0.777648329734802 0.695342898368835 0.735408544540405 0.69664454460144 0.645018756389618 0.647142827510834 0.483501344919205 0.375456929206848 0.382305473089218 0.604250192642212 0.413483500480652 0.332877486944199 0.217478528618813 0.198070466518402 0.288619071245193 0.212301775813103 0.359391033649445 0.597425758838654 0.694008350372314 0.715742468833923 0.695834457874298 0.548981070518494 0.625842273235321 0.487783759832382 0.513167083263397 0.59974080324173 0.544183254241943 0.656486809253693 0.5048468708992 0.613429248332977 0.642595887184143 0.63687789440155 0.586951375007629 0.539531707763672 0.491458475589752 -3.4e+38 -3.4e+38 -3.4e+38
0.782593607902527 0.797994673252106 0.807259082794189 0.796265840530396 0.806099236011505 0.771913170814514 0.79463917016983 0.772144258022308 0.715970814228058 0.725993037223816 0.668599545955658 0.673885107040405 0.641386091709137 0.547793924808502 0.307778060436249 0.271413862705231 0.505116403102875 0.467349976301193 0.417595058679581 0.186638757586479 0.19720783829689 0.272414594888687 0.166412383317947 0.193999975919724 0.579316735267639 0.615043818950653 0.705540060997009 0.721845507621765 0.370325028896332 0.590813994407654 0.433564335107803 0.426155596971512 0.613369882106781 0.598808288574219 0.675340235233307 0.658722758293152 0.621753633022308 0.642220139503479 0.632880806922913 0.59311318397522 0.539453029632568 -3.4e+38 -3.4e+38 -3.4e+38 -3.4e+38
