data/climate_estimation/maxent_output/Wurmbea_graniticola.asc
NCOLS 147 
NROWS 37 
XLLCORNER 116.333333333333 
YLLCORNER -34 
CELLSIZE 0.0833333333333332 
NODATA_value -3.4e+38 
[rows 0 to 21 of 37, columns 96 to 143 of 147]
0.0939706861972809 0.0916337668895721 0.0909996554255486 0.0984112843871117 0.0937994942069054 0.0896462872624397 0.0959493294358253 0.0851068049669266 0.0681525617837906 0.0582658611238003 0.0454572476446629 0.119080409407616 0.128549307584763 0.148278146982193 0.125338658690453 0.0815816000103951 0.0728070884943008 0.0717579871416092 0.0703916624188423 0.13446007668972 0.128422886133194 0.125132143497467 0.103161461651325 0.157410517334938 0.154064565896988 0.126142784953117 0.121520146727562 0.120531506836414 0.109494797885418 0.0948915407061577 0.0856275036931038 0.0784182250499725 0.0797407999634743 0.0797407999634743 0.213082313537598 0.213082313537598 0.176483809947968 0.181052044034004 0.165354251861572 0.167211577296257 0.153467252850533 0.1446643024683 0.147035107016563 0.162825301289558 0.13731287419796 0.136267736554146 0.145186647772789 0.15676461160183
0.0902062803506851 0.0879182741045952 0.0874762684106827 0.0936005041003227 0.0880109965801239 0.0848702564835548 0.0764070227742195 0.0659736767411232 0.0567517653107643 0.049356359988451 0.102138742804527 0.108832694590092 0.115664958953857 0.0989179462194443 0.154538244009018 0.0777354165911674 0.0848632082343102 0.088125191628933 0.0859352201223373 0.150337636470795 0.142532259225845 0.125823378562927 0.11379037052393 0.156322807073593 0.156177043914795 0.139747276902199 0.132749825716019 0.118378281593323 0.103992514312267 0.0953686460852623 0.087375171482563 0.0801751539111137 0.217194825410843 0.216103807091713 0.198877841234207 0.195338979363441 0.181620523333549 0.165828675031662 0.167329490184784 0.140042245388031 0.140042245388031 0.158264815807343 0.146096289157867 0.146770566701889 0.13540107011795 0.13417711853981 0.128064155578613 0.139424249529839
0.0981269031763077 0.0920567587018013 0.0892233625054359 0.0785440057516098 0.0733292773365974 0.0709098055958748 0.0704817846417427 0.061688270419836 0.0590202733874321 0.0520331896841526 0.114680856466293 0.101889744400978 0.120991051197052 0.113038800656796 0.129633650183678 0.0870063677430153 0.0914624035358429 0.0897425785660744 0.0874654427170753 0.124978236854076 0.11982336640358 0.115471594035625 0.158354848623276 0.129298850893974 0.139759749174118 0.120677940547466 0.120322808623314 0.118557572364807 0.109253965318203 0.0902032181620598 0.0900667533278465 0.081320732831955 0.241228044033051 0.201901867985725 0.186448529362679 0.168362319469452 0.167864099144936 0.165274739265442 0.168912142515182 0.142306804656982 0.143735766410828 0.132629990577698 0.131777986884117 0.131450712680817 0.131553441286087 0.130894243717194 0.12624303996563 0.136935129761696
0.0753328949213028 0.0805487409234047 0.0749774575233459 0.072944387793541 0.0689234361052513 0.0677303969860077 0.0676380097866058 0.0567574054002762 0.0556612126529217 0.125367492437363 0.107006266713142 0.124045766890049 0.149179905653 0.132950082421303 0.132008239626884 0.155524760484695 0.0713518559932709 0.143415451049805 0.139722004532814 0.136106625199318 0.121579550206661 0.150996938347816 0.142922937870026 0.142783626914024 0.126647859811783 0.120851173996925 0.113463200628757 0.10987064242363 0.0996793434023857 0.090501494705677 0.266746312379837 0.223712563514709 0.204490661621094 0.205890953540802 0.203226760029793 0.187744230031967 0.17364701628685 0.14236818253994 0.156552940607071 0.142789736390114 0.144166871905327 0.12935346364975 0.128957286477089 0.143448725342751 0.141432866454124 0.140139922499657 0.137180656194687 0.136411041021347
0.0781863704323769 0.0761292949318886 0.0702937468886375 0.0775125026702881 0.0671582818031311 0.0658364146947861 0.0623741522431374 0.0607025623321533 0.130749925971031 0.117009125649929 0.108014397323132 0.125522091984749 0.135386347770691 0.146933257579803 0.166165694594383 0.128778085112572 0.13676506280899 0.144682377576828 0.140073135495186 0.189728230237961 0.170969620347023 0.160530477762222 0.132558554410934 0.126881331205368 0.121816545724869 0.119865261018276 0.125045046210289 0.109132118523121 0.0953079760074615 0.29230871796608 0.244011461734772 0.246580421924591 0.205533266067505 0.208306148648262 0.172629237174988 0.171595096588135 0.144363254308701 0.157067582011223 0.158507972955704 0.145737558603287 0.143881767988205 0.12808883190155 0.131722167134285 0.139754772186279 0.139028698205948 0.137436002492905 0.134377837181091 0.11980339884758
0.0684876590967178 0.0668158903717995 0.0683461055159569 0.0667031705379486 0.0582653172314167 0.0566978231072426 0.0535999648272991 0.0509982891380787 0.115093000233173 0.107610799372196 0.123201996088028 0.121416479349136 0.137379884719849 0.13518363237381 0.153952449560165 0.165983885526657 0.175499513745308 0.173590466380119 0.163478001952171 0.152054727077484 0.14745144546032 0.143718019127846 0.142160043120384 0.135117277503014 0.120654985308647 0.110349804162979 0.112799018621445 0.301100134849548 0.272678822278976 0.270490288734436 0.227183774113655 0.22762867808342 0.227315232157707 0.191311776638031 0.191521942615509 0.172714993357658 0.159540399909019 0.157164707779884 0.14516082406044 0.133599489927292 0.13374000787735 0.1194778829813 0.130887553095818 0.130817890167236 0.137992903590202 0.137624830007553 0.133618786931038 0.128726080060005
0.0646655857563019 0.0615038685500622 0.0597960017621517 0.0578899569809437 0.0600428804755211 0.0573500730097294 0.124960631132126 0.12139604985714 0.11725889146328 0.120352655649185 0.116896040737629 0.123841352760792 0.128761857748032 0.142530977725983 0.15426641702652 0.164493352174759 0.162607192993164 0.150261178612709 0.159941807389259 0.170344665646553 0.161704063415527 0.145065069198608 0.143230974674225 0.114207707345486 0.111968293786049 0.122350476682186 0.364134877920151 0.334669679403305 0.301000505685806 0.278788566589355 0.273913472890854 0.229787975549698 0.232480630278587 0.213899448513985 0.190592527389526 0.177088275551796 0.162063971161842 0.146619439125061 0.146930247545242 0.14601919054985 0.134842723608017 0.121812418103218 0.129804342985153 0.130157887935638 0.128051608800888 0.124831587076187 0.121276684105396 0.129215583205223
0.063942939043045 0.0640850365161896 0.0620149485766888 0.0597064904868603 0.0547866560518742 0.0491185151040554 0.0482163354754448 0.114621438086033 0.118487194180489 0.116449154913425 0.119354225695133 0.124161288142204 0.131379768252373 0.125777468085289 0.14555661380291 0.149870559573174 0.156860813498497 0.163938716053963 0.145423099398613 0.138729020953178 0.135834321379662 0.147672206163406 0.126578390598297 0.126511707901955 0.111939609050751 0.376016914844513 0.315646171569824 0.312840968370438 0.311532706022263 0.255482286214828 0.250752210617065 0.227601706981659 0.213910564780235 0.191316843032837 0.194234192371368 0.197035744786263 0.178634643554688 0.162873074412346 0.144904389977455 0.146329879760742 0.145774871110916 0.123149700462818 0.131322100758553 0.129016399383545 0.126040548086166 0.126393705606461 0.122087247669697 0.119931936264038
0.050705824047327 0.0542580187320709 0.0520291812717915 0.0483406446874142 0.047153327614069 0.0510065443813801 0.112257823348045 0.107165776193142 0.121425248682499 0.116255633533001 0.117187939584255 0.113246351480484 0.12070494145155 0.124833650887012 0.135166496038437 0.126695320010185 0.148116305470467 0.143560111522675 0.136009693145752 0.143113180994987 0.152153193950653 0.134054586291313 0.131022557616234 0.318375617265701 0.316327005624771 0.375429481267929 0.344597816467285 0.344162702560425 0.277805000543594 0.277667135000229 0.249790340662003 0.249790340662003 0.225772529840469 0.215930104255676 0.197639003396034 0.178565070033073 0.162310734391212 0.161870196461678 0.145867392420769 0.148522019386292 0.146486058831215 0.131944626569748 0.129410654306412 0.124420039355755 0.111999787390232 0.120829872786999 0.133532881736755 0.130515664815903
0.0541813001036644 0.0580621846020222 0.0543995089828968 0.0504745990037918 0.0492945499718189 0.0456825904548168 0.101268909871578 0.0939930081367493 0.0999737530946732 0.104758717119694 0.0988589152693748 0.115005642175674 0.120792999863625 0.113561853766441 0.119890846312046 0.139059379696846 0.149101078510284 0.140469908714294 0.137366279959679 0.133271127939224 0.124590419232845 0.12208765745163 0.129410564899445 0.383190244436264 0.369907438755035 0.341214448213577 0.31304743885994 0.31813970208168 0.27835488319397 0.278125554323196 0.251318246126175 0.223288357257843 0.231220468878746 0.229700013995171 0.206593543291092 0.171862721443176 0.187677815556526 0.17894583940506 0.160952985286713 0.142924964427948 0.128184825181961 0.12752765417099 0.113575905561447 0.112069502472878 0.107184067368507 0.115187242627144 0.112227343022823 0.11077956110239
0.345512360334396 0.37382784485817 0.335490852594376 0.347128540277481 0.328383177518845 0.318034261465073 0.329940468072891 0.321243047714233 0.309947580099106 0.325299084186554 0.338107615709305 0.327706873416901 0.341300040483475 0.127207830548286 0.13215596973896 0.124102644622326 0.120039388537407 0.12850895524025 0.136500924825668 0.392164587974548 0.412361741065979 0.390030771493912 0.377805709838867 0.410541325807571 0.371306031942368 0.315306305885315 0.31297367811203 0.308692276477814 0.307735025882721 0.297223776578903 0.268749982118607 0.223877727985382 0.230058491230011 0.207083761692047 0.209394723176956 0.187310412526131 0.188682153820992 0.161320745944977 0.141875118017197 0.142073586583138 0.127725511789322 0.139369234442711 0.124287478625774 0.117961272597313 0.105863943696022 0.114101588726044 0.11453665792942 0.125452771782875
0.335586756467819 0.350981503725052 0.344463348388672 0.358125060796738 0.375464141368866 0.333947092294693 0.346531540155411 0.334867864847183 0.319617390632629 0.3086918592453 0.349676311016083 0.363409996032715 0.379397928714752 0.334513992071152 0.351496428251266 0.367053925991058 0.389958292245865 0.436849743127823 0.410349637269974 0.360198825597763 0.375460922718048 0.371764928102493 0.387653887271881 0.380028963088989 0.362339168787003 0.362339168787003 0.374582558870316 0.371703565120697 0.299418747425079 0.277565628290176 0.307568401098251 0.216400399804115 0.214661806821823 0.209716379642487 0.210809841752052 0.187743857502937 0.234920799732208 0.179192900657654 0.157465443015099 0.161402329802513 0.148192510008812 0.154596894979477 0.150586977601051 0.132121443748474 0.135120287537575 0.136488080024719 0.146130114793777 0.168972849845886
0.348579078912735 0.360729485750198 0.295377373695374 0.337542861700058 0.322726607322693 0.314103305339813 0.357566028833389 0.347775787115097 0.359762221574783 0.346156597137451 0.304477870464325 0.317734360694885 0.360212743282318 0.347987711429596 0.359141290187836 0.37363600730896 0.398164451122284 0.395330458879471 0.375811964273453 0.401145249605179 0.410918951034546 0.404127240180969 0.384172260761261 0.429948061704636 0.439523100852966 0.417865425348282 0.43981945514679 0.435118526220322 0.349101275205612 0.346925973892212 0.317773163318634 0.327337712049484 0.300037980079651 0.274190783500671 0.273825317621231 0.277568280696869 0.245782926678658 0.223263084888458 0.219931676983833 0.218483224511147 0.169901266694069 0.196313768625259 0.15808267891407 0.170259788632393 0.168861225247383 0.161952182650566 0.179519593715668 0.211006194353104
0.335884928703308 0.345065057277679 0.333068817853928 0.34720766544342 0.335966557264328 0.326240867376328 0.345101028680801 0.327493160963058 0.339713245630264 0.355941027402878 0.369098454713821 0.327760100364685 0.339093089103699 0.387117862701416 0.408581346273422 0.400761544704437 0.415768891572952 0.431848555803299 0.421620875597 0.451171547174454 0.46092814207077 0.462174773216248 0.442944794893265 0.44177183508873 0.44177183508873 0.434415817260742 0.418966025114059 0.438828766345978 0.401369392871857 0.418053478002548 0.362924337387085 0.33362153172493 0.336048603057861 0.309670776128769 0.307716190814972 0.276165783405304 0.274664610624313 0.25539293885231 0.231014624238014 0.224211931228638 0.222047761082649 0.193210393190384 0.194003835320473 0.193210393190384 0.187050715088844 0.188830524682999 0.206102788448334 -3.4e+38
0.344472736120224 0.366394132375717 0.351963728666306 0.33448138833046 0.322254121303558 0.338114589452744 0.320183634757996 0.335417985916138 0.382157862186432 0.369262456893921 0.355216413736343 0.368003249168396 0.382079184055328 0.403146743774414 0.45444518327713 0.402449488639832 0.39591920375824 0.443942606449127 0.462973296642303 0.457024842500687 0.459140330553055 0.442283630371094 0.432325422763824 0.437999427318573 0.453683733940125 0.443096995353699 0.42537847161293 0.419963479042053 0.400524944067001 0.379360765218735 0.375392615795135 0.346882373094559 0.344114482402802 0.319036334753036 0.293693661689758 0.291006207466125 0.262560248374939 0.258783102035522 0.23375216126442 0.232554748654366 0.231094524264336 0.209563389420509 0.200121179223061 0.199885234236717 -3.4e+38 -3.4e+38 -3.4e+38 -3.4e+38
0.327436625957489 0.316584587097168 0.337079048156738 0.327461421489716 0.336920142173767 0.323318839073181 0.332251071929932 0.322334617376328 0.328847646713257 0.385580360889435 0.365340709686279 0.413205623626709 0.39659720659256 0.415758430957794 0.435620218515396 0.425132989883423 0.439618349075317 0.442772686481476 0.443255990743637 0.438174098730087 0.43962699174881 0.436766445636749 0.439842909574509 0.437794029712677 0.430454790592194 0.428487092256546 0.417709201574326 0.404963433742523 0.392626821994781 0.383800029754639 0.383800029754639 0.356628984212875 0.330988079309464 0.358682245016098 0.302792489528656 0.318463802337646 0.263595938682556 0.262794703245163 0.291621118783951 0.268629163503647 -3.4e+38 -3.4e+38 -3.4e+38 -3.4e+38 -3.4e+38 -3.4e+38 -3.4e+38 -3.4e+38
0.34842523932457 0.331612914800644 0.31452015042305 0.337505251169205 0.348035156726837 0.330085784196854 0.347724437713623 0.359318733215332 0.347439497709274 0.355708211660385 0.375581473112106 0.393549680709839 0.410727888345718 0.429549157619476 0.417261004447937 0.400770336389542 0.420234262943268 0.435328930616379 0.457589536905289 0.444120317697525 0.439339458942413 0.440528512001038 -3.4e+38 0.44015309214592 0.444317787885666 0.430252373218536 0.404016822576523 0.398196488618851 0.384941101074219 0.391909241676331 0.376891404390335 0.357554316520691 0.363476157188416 0.345797479152679 0.343790590763092 0.312929034233093 0.289488464593887 -3.4e+38 -3.4e+38 -3.4e+38 -3.4e+38 -3.4e+38 -3.4e+38 -3.4e+38 -3.4e+38 -3.4e+38 -3.4e+38 -3.4e+38
0.330605983734131 0.337896913290024 0.32218337059021 0.3741075694561 0.355114310979843 0.340748071670532 0.354936301708221 0.340727657079697 0.385760486125946 0.368901342153549 0.354981482028961 0.374089747667313 0.387702107429504 0.416582703590393 0.436567753553391 0.441264003515244 0.437940359115601 0.449527442455292 0.461375832557678 -3.4e+38 -3.4e+38 -3.4e+38 -3.4e+38 -3.4e+38 -3.4e+38 -3.4e+38 -3.4e+38 -3.4e+38 -3.4e+38 -3.4e+38 -3.4e+38 -3.4e+38 -3.4e+38 -3.4e+38 -3.4e+38 -3.4e+38 -3.4e+38 -3.4e+38 -3.4e+38 -3.4e+38 -3.4e+38 -3.4e+38 -3.4e+38 -3.4e+38 -3.4e+38 -3.4e+38 -3.4e+38 -3.4e+38
0.368046194314957 0.351719677448273 0.338213622570038 0.349057883024216 0.340280294418335 0.351303815841675 0.337503671646118 0.35335573554039 0.338066399097443 0.381995111703873 0.395676851272583 0.419407069683075 0.416582703590393 0.454504042863846 0.417987138032913 0.411655277013779 0.437528759241104 -3.4e+38 -3.4e+38 -3.4e+38 -3.4e+38 -3.4e+38 -3.4e+38 -3.4e+38 -3.4e+38 -3.4e+38 -3.4e+38 -3.4e+38 -3.4e+38 -3.4e+38 -3.4e+38 -3.4e+38 -3.4e+38 -3.4e+38 -3.4e+38 -3.4e+38 -3.4e+38 -3.4e+38 -3.4e+38 -3.4e+38 -3.4e+38 -3.4e+38 -3.4e+38 -3.4e+38 -3.4e+38 -3.4e+38 -3.4e+38 -3.4e+38
0.387507319450378 0.335357367992401 0.380235314369202 0.3287193775177 0.34613424539566 0.365868121385574 0.355206668376923 0.399150490760803 0.381620705127716 0.39681077003479 0.425691336393356 0.415357768535614 0.398609519004822 0.430343359708786 0.436516344547272 0.430448055267334 -3.4e+38 -3.4e+38 -3.4e+38 -3.4e+38 -3.4e+38 -3.4e+38 -3.4e+38 -3.4e+38 -3.4e+38 -3.4e+38 -3.4e+38 -3.4e+38 -3.4e+38 -3.4e+38 -3.4e+38 -3.4e+38 -3.4e+38 -3.4e+38 -3.4e+38 -3.4e+38 -3.4e+38 -3.4e+38 -3.4e+38 -3.4e+38 -3.4e+38 -3.4e+38 -3.4e+38 -3.4e+38 -3.4e+38 -3.4e+38 -3.4e+38 -3.4e+38
0.361633598804474 0.370843559503555 0.354577332735062 0.368040174245834 0.327049672603607 0.35235920548439 0.365395158529282 0.37871390581131 0.395710557699203 0.385888814926147 0.415749281644821 0.407336443662643 0.429685205221176 0.426485270261765 -3.4e+38 -3.4e+38 -3.4e+38 -3.4e+38 -3.4e+38 -3.4e+38 -3.4e+38 -3.4e+38 -3.4e+38 -3.4e+38 -3.4e+38 -3.4e+38 -3.4e+38 -3.4e+38 -3.4e+38 -3.4e+38 -3.4e+38 -3.4e+38 -3.4e+38 -3.4e+38 -3.4e+38 -3.4e+38 -3.4e+38 -3.4e+38 -3.4e+38 -3.4e+38 -3.4e+38 -3.4e+38 -3.4e+38 -3.4e+38 -3.4e+38 -3.4e+38 -3.4e+38 -3.4e+38
0.365631550550461 0.34772202372551 0.366649091243744 0.355185985565186 0.368458330631256 0.395084977149963 0.381865411996841 0.428368479013443 0.418848931789398 0.401650786399841 0.416162520647049 -3.4e+38 -3.4e+38 -3.4e+38 -3.4e+38 -3.4e+38 -3.4e+38 -3.4e+38 -3.4e+38 -3.4e+38 -3.4e+38 -3.4e+38 -3.4e+38 -3.4e+38 -3.4e+38 -3.4e+38 -3.4e+38 -3.4e+38 -3.4e+38 -3.4e+38 -3.4e+38 -3.4e+38 -3.4e+38 -3.4e+38 -3.4e+38 -3.4e+38 -3.4e+38 -3.4e+38 -3.4e+38 -3.4e+38 -3.4e+38 -3.4e+38 -3.4e+38 -3.4e+38 -3.4e+38 -3.4e+38 -3.4e+38 -3.4e+38
