data/climate_estimation/maxent_output/Wurmbea_variabilis.asc
NCOLS 70 
NROWS 51 
XLLCORNER 18 
YLLCORNER -34.5 
CELLSIZE 0.0833333333333333 
NODATA_value -3.4e+38 
[rows 0 to 19 of 51, columns 0 to 45 of 70]
0.991314768791199 0.992755651473999 0.988125503063202 0.977685868740082 0.960599303245544 0.934308886528015 0.906131982803345 0.858185052871704 0.781406819820404 0.70770400762558 0.625550866127014 0.542769074440002 0.480267614126205 0.413699567317963 0.372166663408279 0.377976387739182 0.354293882846832 0.317183792591095 0.145518392324448 0.101108729839325 0.0902939811348915 0.083375409245491 0.0733235776424408 0.0771969854831696 0.0707462802529335 0.0600851811468601 0.0485980026423931 0.050566803663969 0.030354842543602 0.0261729601770639 0.0229068007320166 0.0213033016771078 0.0231448654085398 0.0188055615872145 0.0155930900946259 0.0192502215504646 0.0170289576053619 0.0158772058784962 0.0148375928401947 0.0136136878281832 0.0165417958050966 0.0181874874979258 0.0178569182753563 0.0144064063206315 0.0102517819032073 0.00982560776174068
0.988691210746765 0.985865712165833 0.990919589996338 0.98120653629303 0.968793213367462 0.958000481128693 0.930107891559601 0.886534035205841 0.817664265632629 0.760393798351288 0.71063894033432 0.620729506015778 0.548878788948059 0.459469765424728 0.392814874649048 0.405662149190903 0.405686169862747 0.393864095211029 0.345938801765442 0.144292503595352 0.102064974606037 0.0958815217018127 0.0864602401852608 0.0749050453305244 0.0778260454535484 0.0660355314612389 0.0586769916117191 0.0547810159623623 0.0481810048222542 0.0276369024068117 0.0269696898758411 0.026575431227684 0.0248743109405041 0.0232089888304472 0.0213766433298588 0.020488703623414 0.0185232441872358 0.0167188197374344 0.0147590590640903 0.0187186058610678 0.0172208473086357 0.0168439038097858 0.0167067516595125 0.0154768181964755 0.0109798396006227 0.00985585432499647
0.961103856563568 0.988427042961121 0.983595907688141 0.97697502374649 0.937458693981171 0.925839185714722 0.936481893062592 0.890832424163818 0.831361055374146 0.788424551486969 0.729817569255829 0.638110160827637 0.54512494802475 0.475888162851334 0.392854362726212 0.398801624774933 0.418238997459412 0.420225858688354 0.384913295507431 0.343751758337021 0.151985123753548 0.101142600178719 0.0950330197811127 0.0826069638133049 0.0773105174303055 0.0747933387756348 0.0622727200388908 0.0612755455076694 0.0523835942149162 0.0304027609527111 0.0258966777473688 0.0253179855644703 0.0221914499998093 0.0213048346340656 0.0182434637099504 0.0202607791870832 0.0181432478129864 0.0166670978069305 0.014806617051363 0.0195296183228493 0.0187357794493437 0.0176106207072735 0.017116965726018 0.0150494258850813 0.0145720550790429 0.011169963516295
0.503569185733795 0.949180483818054 0.841672480106354 0.813996970653534 0.9374760389328 0.732457339763641 0.915206730365753 0.909146964550018 0.853247225284576 0.80287891626358 0.729564070701599 0.62942898273468 0.547138869762421 0.482294023036957 0.405006229877472 0.354119211435318 0.357153117656708 0.366342633962631 0.345120370388031 0.363615095615387 0.364933788776398 0.145737290382385 0.111935585737228 0.0977699086070061 0.0907731279730797 0.0838992297649384 0.0724291726946831 0.0631760060787201 0.0555223077535629 0.0463518612086773 0.0312231127172709 0.0403687618672848 0.0236234683543444 0.02260847017169 0.0193107631057501 0.0197964608669281 0.017203101888299 0.0164262149482965 0.0156744904816151 0.020366195589304 0.0188349485397339 0.0179572626948357 0.0169036574661732 0.0163504891097546 0.0159482285380363 0.0157420784235001
0.449091643095016 0.818917274475098 0.82862114906311 0.781705915927887 0.894869267940521 0.717399477958679 0.848463237285614 0.883659541606903 0.852210998535156 0.798728168010712 0.717525064945221 0.676948308944702 0.605682790279388 0.487723916769028 0.394821107387543 0.369690150022507 0.38404455780983 0.348807454109192 0.342539936304092 0.365142941474915 0.396657645702362 0.350495725870132 0.156219154596329 0.140985533595085 0.0987399369478226 0.0932294204831123 0.0788535848259926 0.0667453110218048 0.0601483061909676 0.0493724681437016 0.0428793877363205 0.0401016287505627 0.0259897727519274 0.0244819670915604 0.0301242787390947 0.0281981248408556 0.0258211325854063 0.0245534684509039 0.0227036755532026 0.0211624968796968 0.0200330447405577 0.0194383207708597 0.0193740520626307 0.0202669762074947 0.0183175932615995 0.0213879887014627
0.14770296216011 0.43292224407196 0.4770128428936 0.411156564950943 0.429850429296494 0.40803274512291 0.835252344608307 0.814503192901611 0.792644143104553 0.766540169715881 0.713229596614838 0.772099018096924 0.717724859714508 0.624482572078705 0.435028314590454 0.428105443716049 0.481584459543228 0.389123469591141 0.390295535326004 0.422151237726212 0.391451269388199 0.373717188835144 0.361215770244598 0.151366844773293 0.102267034351826 0.0915987342596054 0.0859412401914597 0.0746989771723747 0.0643847286701202 0.052111491560936 0.0446630418300629 0.0391043201088905 0.0381375513970852 0.0359393283724785 0.0320722162723541 0.0284138880670071 0.0289447251707315 0.0307913608849049 0.0266611743718386 0.0250530745834112 0.0228455755859613 0.0225257389247417 0.0249433536082506 0.0257304701954126 0.0243514981120825 0.0262746158987284
0.139078885316849 0.1401377171278 0.153599262237549 0.152673855423927 0.408639281988144 0.422204047441483 0.733755350112915 0.710264503955841 0.657199800014496 0.63654237985611 0.575330436229706 0.527451038360596 0.451026856899261 0.413694977760315 0.47080135345459 0.571595430374146 0.597344756126404 0.467395961284637 0.431584417819977 0.431710869073868 0.399898380041122 0.374205946922302 0.358167886734009 0.166682690382004 0.132195234298706 0.119083344936371 0.0929486453533173 0.0788684785366058 0.0659304186701775 0.0561884008347988 0.0491858050227165 0.0450360290706158 0.0392078123986721 0.034888569265604 0.0332686528563499 0.0320097431540489 0.0312777794897556 0.030079897493124 0.0342869274318218 0.029281547293067 0.0278034154325724 0.0325688868761063 0.0332309007644653 0.0299934074282646 0.0279384609311819 0.026443962007761
0.145524546504021 0.136121734976768 0.144081518054008 0.156650245189667 0.160224854946136 0.419851273298264 0.391868740320206 0.702731728553772 0.349929869174957 0.316026568412781 0.278721123933792 0.237919002771378 0.204083114862442 0.404440492391586 0.37540876865387 0.518254995346069 0.674383401870728 0.577610313892365 0.562703192234039 0.47740912437439 0.469444990158081 0.427613615989685 0.41144523024559 0.363438159227371 0.148291513323784 0.130446165800095 0.0956486538052559 0.0823829919099808 0.0701729208230972 0.0646218061447144 0.0558133460581303 0.0513343922793865 0.044401653110981 0.0399869680404663 0.0359528176486492 0.033131618052721 0.033552136272192 0.033188596367836 0.0326410681009293 0.0367799811065197 0.0398223623633385 0.0394474826753139 0.0481122359633446 0.0408867821097374 0.0331907607614994 0.0297613237053156
0.0468604378402233 0.148691862821579 0.158104956150055 0.16598005592823 0.156827017664909 0.143089532852173 0.142844051122665 0.125995516777039 0.338964104652405 0.295123130083084 0.264864474534988 0.239252910017967 0.227393701672554 0.646537482738495 0.608877062797546 0.547084391117096 0.632524013519287 0.68207061290741 0.638364374637604 0.549280047416687 0.531250476837158 0.554128289222717 0.525488615036011 0.4397893846035 0.197978764772415 0.173803210258484 0.143883064389229 0.0961804538965225 0.0772219076752663 0.0672154054045677 0.0585312359035015 0.0507910624146461 0.0472764112055302 0.0444110482931137 0.0445227175951004 0.0392068512737751 0.0382880195975304 0.0396276600658894 0.0445121638476849 0.0453955270349979 0.0449263378977776 0.050002746284008 0.0496939495205879 0.0466349050402641 0.0436359867453575 0.0429130755364895
0.0538956001400948 0.0521188676357269 0.176123932003975 0.180552884936333 0.167407095432281 0.150398999452591 0.142760828137398 0.12993086874485 0.115100964903831 0.100311100482941 0.0855699554085732 0.0793997719883919 0.249844864010811 0.540627121925354 0.495448708534241 0.601088225841522 0.65335738658905 0.637636125087738 0.614364981651306 0.561585962772369 0.527760982513428 0.561437726020813 0.5632084608078 0.52902740240097 0.239587336778641 0.20214182138443 0.153811320662498 0.125743389129639 0.107508815824986 0.0751249119639397 0.06270582228899 0.0547732822597027 0.0479337014257908 0.0471129156649113 0.047233309596777 0.043689738959074 0.0432109534740448 0.0487543493509293 0.0501524023711681 0.0451952889561653 0.0399852804839611 0.0506843626499176 0.046351857483387 0.0467300191521645 0.0455728806555271 0.0477718226611614
0.0637002065777779 0.189308762550354 0.188277006149292 0.204658880829811 0.20233291387558 0.179204523563385 0.151238337159157 0.13500027358532 0.117652282118797 0.10038959980011 0.0919327586889267 0.309982359409332 0.281167089939117 0.521564364433289 0.213199838995934 0.482349216938019 0.587568461894989 0.613904476165771 0.705917954444885 0.602532029151917 0.549642562866211 0.494620442390442 0.53151273727417 0.575476288795471 0.542636096477509 0.238575205206871 0.182344615459442 0.140760898590088 0.121762350201607 0.106003947556019 0.0684315636754036 0.0570727363228798 0.0479138717055321 0.0456582419574261 0.0476586110889912 0.0482852198183537 0.0509655736386776 0.0495729297399521 0.041454304009676 0.0409814827144146 0.0389254242181778 0.0452677384018898 0.0462044514715672 0.0486863441765308 0.0472211986780167 0.0468794405460358
0.0725691691040993 0.0681543275713921 0.214394673705101 0.218956172466278 0.208208680152893 0.200435295701027 0.170786038041115 0.144273176789284 0.12166989594698 0.108681470155716 0.0973851382732391 0.294570565223694 0.649894714355469 0.265455633401871 0.20833058655262 0.193739175796509 0.463342219591141 0.53655344247818 0.569928884506226 0.530672311782837 0.553487956523895 0.547897219657898 0.59775310754776 0.594053387641907 0.571341514587402 0.491413205862045 0.195126742124557 0.145962670445442 0.126880496740341 0.118130274116993 0.104371711611748 0.0806701555848122 0.0533753260970116 0.0491565987467766 0.0459682494401932 0.0469753406941891 0.043298352509737 0.0405311584472656 0.0402563139796257 0.0387414321303368 0.0412858910858631 0.0436002500355244 0.0450396947562695 0.0523762814700603 0.0484692342579365 0.0493404529988766
0.0831884369254112 0.234152108430862 0.237630665302277 0.237309098243713 0.22260357439518 0.192996799945831 0.175937861204147 0.151314288377762 0.129294827580452 0.116108201444149 0.0998403206467628 0.293346554040909 0.79621833562851 0.593406975269318 0.234971240162849 0.45540264248848 0.426775455474854 0.563849568367004 0.62220162153244 0.726318836212158 0.66074925661087 0.851737678050995 0.808593988418579 0.697725296020508 0.618249177932739 0.506604671478271 0.205262571573257 0.162922844290733 0.148317515850067 0.138043701648712 0.115730755031109 0.103630028665066 0.0743298232555389 0.0513944737613201 0.0500435195863247 0.0517684556543827 0.0440554991364479 0.0374653600156307 0.039189551025629 0.0401293002068996 0.0402759313583374 0.0431218445301056 0.0525752156972885 0.0604982227087021 0.0555088929831982 0.0522000603377819
0.091385029256344 0.0888042002916336 0.256024599075317 0.250182658433914 0.235171064734459 0.21552363038063 0.176690310239792 0.157162010669708 0.134944140911102 0.121352232992649 0.0990506410598755 0.0935106500983238 0.782773911952972 0.747148096561432 0.742457568645477 0.646372973918915 0.639463901519775 0.717680394649506 0.716405749320984 0.816091418266296 0.864214420318604 0.946273803710938 0.89162939786911 0.729865550994873 0.622482120990753 0.541264772415161 0.447466164827347 0.171278893947601 0.156365439295769 0.146106109023094 0.1403539031744 0.116210386157036 0.0838150754570961 0.0738095045089722 0.0488961488008499 0.0451090447604656 0.0439871177077293 0.0433670803904533 0.0436122603714466 0.0434221662580967 0.0409417785704136 0.0462067574262619 0.0515140146017075 0.0608690604567528 0.0596532002091408 0.056026678532362
0.100276179611683 0.0978610143065453 0.0931922197341919 0.0894946977496147 0.247867360711098 0.220627754926682 0.184746235609055 0.150971621274948 0.132225498557091 0.117178894579411 0.0978891029953957 0.0872192308306694 0.608469128608704 0.732334733009338 0.717758595943451 0.706711113452911 0.682712256908417 0.733656108379364 0.752838432788849 0.843043863773346 0.855642020702362 0.823439300060272 0.863460302352905 0.7762091755867 0.654332876205444 0.56720906496048 0.47519251704216 0.192382976412773 0.170201346278191 0.153263404965401 0.137121930718422 0.120751798152924 0.0956574678421021 0.10010527074337 0.078091137111187 0.0526360422372818 0.0487054660916328 0.0491664968430996 0.0503863096237183 0.0512382425367832 0.0519668608903885 0.0476011224091053 0.0559631735086441 0.0612926967442036 0.0566105656325817 0.0635254755616188
0.106140494346619 0.105069354176521 0.101759016513824 0.0884759724140167 0.0852940753102303 0.0724007859826088 0.0613746605813503 0.152489602565765 0.127844706177711 0.112764820456505 0.0967944338917732 0.307984322309494 0.756108522415161 0.731775045394897 0.731575071811676 0.697018682956696 0.705151557922363 0.765816569328308 0.753763973712921 0.796633362770081 0.817046523094177 0.827537477016449 0.794758200645447 0.731150388717651 0.688261687755585 0.627625584602356 0.502635419368744 0.385328531265259 0.197248801589012 0.183864995837212 0.137938305735588 0.12529668211937 0.120144605636597 0.117455661296844 0.102778598666191 0.077266052365303 0.06309974193573 0.0576047524809837 0.0532203055918217 0.0566541329026222 0.0573381595313549 0.0563672445714474 0.0579739734530449 0.0597184747457504 0.0657680705189705 0.0707005113363266
-3.4e+38 0.312947750091553 0.106078132987022 0.283696740865707 0.262595564126968 0.0759788453578949 0.19289655983448 0.158157467842102 0.125296011567116 0.109865166246891 0.0952227339148521 0.551327705383301 0.697952210903168 0.769542813301086 0.682697415351868 0.65455436706543 0.677826464176178 0.598750352859497 0.655206859111786 0.809665024280548 0.842984616756439 0.854377090930939 0.885570764541626 0.774775803089142 0.77137702703476 0.777950167655945 0.609511613845825 0.429172098636627 0.238189578056335 0.224622786045074 0.182485952973366 0.137627422809601 0.12320402264595 0.118345633149147 0.114308096468449 0.0834519267082214 0.0779253542423248 0.0665900483727455 0.0675641298294067 0.0720756351947784 0.0704222023487091 0.0704032257199287 0.0642435178160667 0.0672044232487679 0.0753569081425667 0.0664996281266212
-3.4e+38 -3.4e+38 0.309703677892685 0.290439546108246 0.259928435087204 0.236167535185814 0.193576008081436 0.153748050332069 0.13407264649868 0.710386693477631 0.293413162231445 0.527565062046051 0.687421202659607 0.740177094936371 0.672941207885742 0.665346264839172 0.42695164680481 0.335756778717041 0.562096059322357 0.65977144241333 0.539526343345642 0.771605134010315 0.887248635292053 0.813923716545105 0.844301104545593 0.849529325962067 0.634200036525726 0.465234011411667 0.428085088729858 0.237183704972267 0.219374239444733 0.169854789972305 0.14460614323616 0.127226516604424 0.128263562917709 0.0980748906731606 0.0885080471634865 0.0875721052289009 0.0822528004646301 0.085831344127655 0.0843607559800148 0.0740367844700813 0.0730300173163414 0.0788679048418999 0.0675988271832466 0.0753850415349007
-3.4e+38 -3.4e+38 0.303746372461319 0.293675720691681 0.259850531816483 0.561314344406128 0.508213043212891 0.431087821722031 0.865954458713531 0.784244298934937 0.583631455898285 0.48958957195282 0.480182111263275 0.456704616546631 0.562842726707458 0.592833518981934 0.380283802747726 0.300309300422668 0.275258332490921 0.302631258964539 0.300790220499039 0.690534591674805 0.850080728530884 0.862482070922852 0.89851987361908 0.80915778875351 0.670540750026703 0.476999759674072 0.461315780878067 0.285333901643753 0.231557339429855 0.205406382679939 0.18574258685112 0.144124135375023 0.13650643825531 0.147428974509239 0.116296634078026 0.102587714791298 0.0999776348471642 0.100861839950085 0.0993174761533737 0.0847440883517265 0.0870871394872665 0.0882276967167854 0.0950240045785904 0.101319126784801
-3.4e+38 -3.4e+38 -3.4e+38 0.275108575820923 0.607477068901062 0.545382618904114 0.797833263874054 0.422389894723892 0.678140759468079 0.59692645072937 0.475890398025513 0.402246087789536 0.353575259447098 0.326585829257965 0.337968707084656 0.452798426151276 0.326695531606674 0.270487040281296 0.0949315801262856 0.286085814237595 0.29600927233696 0.255755424499512 0.581336736679077 0.86095130443573 0.912404298782349 0.799390494823456 0.706601142883301 0.393651962280273 0.339722752571106 0.372852087020874 0.269059866666794 0.253052622079849 0.217826575040817 0.178729355335236 0.16700778901577 0.15267488360405 0.114715941250324 0.118895582854748 0.11785514652729 0.125790417194366 0.119033053517342 0.10431694239378 0.0985914766788483 0.1059490442276 0.120121851563454 0.110720291733742
