data/climate_estimation/maxent_output/Wurmbea_centralis.asc
NCOLS 304 
NROWS 158 
XLLCORNER 122 
YLLCORNER -38.0833333333333 
CELLSIZE 0.0833333333333334 
NODATA_value -3.4e+38 
[rows 20 to 39 of 158, columns 138 to 183 of 304]
0.105356521904469 0.118225179612637 0.126834511756897 0.0549423433840275 0.0600990764796734 0.0667475163936615 0.0716202408075333 0.173221632838249 0.165956795215607 0.160788416862488 0.16988117992878 0.179118528962135 0.158094182610512 0.151733085513115 0.162772610783577 0.160510689020157 0.160586148500443 0.154310777783394 0.179780304431915 0.0892859548330307 0.0863427072763443 0.0806699842214584 0.0719883143901825 0.0788659304380417 0.0680036917328835 0.0709073171019554 0.0375664830207825 0.0424622446298599 0.0365176908671856 0.0694667622447014 0.0687423422932625 0.0302256178110838 0.0162517260760069 0.0162517260760069 0.0162832401692867 0.0179081801325083 0.0200025904923677 0.0200298801064491 0.0357940755784512 0.0357940755784512 0.0366550013422966 0.0231934413313866 0.0231934413313866 0.0233307909220457 0.0233307909220457 0.0233307909220457
0.10968666523695 0.119572512805462 0.0503563955426216 0.0550353899598122 0.0596290975809097 0.0631581693887711 0.0681141167879105 0.0742416307330132 0.0761598944664001 0.188754126429558 0.172839805483818 0.153618827462196 0.147672206163406 0.144762143492699 0.169695481657982 0.152891367673874 0.167887702584267 0.150043323636055 0.158664837479591 0.187551721930504 0.186626136302948 0.0815838649868965 0.0769915953278542 0.0827797055244446 0.0756206512451172 0.071594312787056 0.0950644835829735 0.0433048717677593 0.0389464013278484 0.0372659526765347 0.0373324677348137 0.0369018130004406 0.0395152606070042 0.0395152606070042 0.0390615165233612 0.0177955329418182 0.0177955329418182 0.0177154261618853 0.0350105166435242 0.0347603261470795 0.019636370241642 0.0213443785905838 0.0210569277405739 0.0237381141632795 0.0226160250604153 0.0214549470692873
0.102369472384453 0.108985222876072 0.0480551645159721 0.0518501698970795 0.0568850561976433 0.0596926473081112 0.0652260705828667 0.0698421970009804 0.0718790516257286 0.179641827940941 0.164748474955559 0.160860925912857 0.141337618231773 0.14264240860939 0.160953044891357 0.168457940220833 0.167776465415955 0.166388720273972 0.138155058026314 0.136435434222221 0.192647054791451 0.180839344859123 0.186152204871178 0.0819941982626915 0.0797701478004456 0.0947597846388817 0.0958065241575241 0.0972831174731255 0.0402584113180637 0.0401557832956314 0.0407683253288269 0.0408408790826797 0.0404791459441185 0.0391797833144665 0.03983448818326 0.0394488126039505 0.0404125079512596 0.0441933646798134 0.0400176420807838 0.0193546134978533 0.0197430625557899 0.0199012961238623 0.0196009110659361 0.0219386070966721 0.0227141473442316 0.0220687482506037
0.0959522500634193 0.100298769772053 0.0473132096230984 0.052308663725853 0.0575676709413528 0.0596803650259972 0.0654997453093529 0.167549416422844 0.160667210817337 0.144513234496117 0.167675256729126 0.154379233717918 0.144930213689804 0.147460266947746 0.140877425670624 0.163754642009735 0.177039697766304 0.154710322618484 0.153767585754395 0.151364952325821 0.147336632013321 0.14420023560524 0.191230773925781 0.163062036037445 0.178157731890678 0.172350347042084 0.0986226797103882 0.0977799519896507 0.0965358689427376 0.0968697294592857 0.0411321185529232 0.0412051863968372 0.0401916094124317 0.0409498997032642 0.0409498997032642 0.043568316847086 0.0397679731249809 0.040125023573637 0.0432198420166969 0.0399461798369884 0.0452006384730339 0.0448398739099503 0.0439033806324005 0.0218397583812475 0.0220776051282883 0.0214087925851345
0.0943546369671822 0.100237771868706 0.110378101468086 0.117532692849636 0.128925293684006 0.138811990618706 0.145781129598618 0.157700583338737 0.14986352622509 0.179276719689369 0.169421672821045 0.168712452054024 0.154130429029465 0.13630148768425 0.148680999875069 0.17083814740181 0.170159906148911 0.156300783157349 0.161080107092857 0.160697013139725 0.144991040229797 0.140604704618454 0.192654728889465 0.171258941292763 0.163333579897881 0.174717471003532 0.200189054012299 0.0942451357841492 0.0878873020410538 0.0865986868739128 0.0891619175672531 0.088017925620079 0.0373117104172707 0.0364570207893848 0.0372659526765347 0.0377335622906685 0.0412848554551601 0.0409559793770313 0.0440756268799305 0.0397679731249809 0.0411979109048843 0.0411979109048843 0.0447944477200508 0.049464151263237 0.0500835739076138 0.0222884714603424
0.0941180437803268 0.100286781787872 0.106480270624161 0.119360335171223 0.115091979503632 0.125474944710732 0.139541551470757 0.142106056213379 0.151847377419472 0.140290319919586 0.177481278777122 0.15511192381382 0.15889085829258 0.153922662138939 0.15579017996788 0.141702070832253 0.175586551427841 0.162576988339424 0.162065550684929 0.1667350679636 0.169641256332397 0.148345142602921 0.185684934258461 0.192030042409897 0.156432822346687 0.164268136024475 0.176029413938522 0.210273444652557 0.103124618530273 0.104247510433197 0.086976170539856 0.0888057351112366 0.0872790738940239 0.0823874026536942 0.0814590454101562 0.0361972227692604 0.0362296178936958 0.0373324677348137 0.0408468209207058 0.0416784547269344 0.0404488630592823 0.0409158170223236 0.0401963628828526 0.0452136769890785 0.0445773042738438 0.0447323508560658
0.0941999778151512 0.099423423409462 0.109212227165699 0.114979140460491 0.116245493292809 0.123317569494247 0.126724302768707 0.142524287104607 0.148414984345436 0.138634622097015 0.127474933862686 0.160248979926109 0.15901842713356 0.145892664790154 0.142429053783417 0.141520351171494 0.13885560631752 0.138247966766357 0.173456400632858 0.155820354819298 0.155577778816223 0.15051381289959 0.149970471858978 0.184649616479874 0.192967593669891 0.183249369263649 0.170604526996613 0.234564378857613 0.215697631239891 0.207749411463737 0.206578463315964 0.0974615961313248 0.0903549045324326 0.0804908946156502 0.0784066766500473 0.0834687054157257 0.0812459588050842 0.0365548320114613 0.0404802300035954 0.0372428894042969 0.0407389849424362 0.0408117771148682 0.0403358638286591 0.0417380593717098 0.0452136769890785 0.0500344336032867
0.10394499450922 0.108174093067646 0.109900511801243 0.116514511406422 0.118636436760426 0.125974029302597 0.133311420679092 0.140210509300232 0.13600817322731 0.137480542063713 0.137480542063713 0.282770097255707 0.149210065603256 0.124872677028179 0.144332751631737 0.148083508014679 0.139538839459419 0.13931892812252 0.292439460754395 0.311053812503815 0.306453675031662 0.375632166862488 0.320507735013962 0.164181590080261 0.182701244950294 0.188062250614166 0.171981543302536 0.157623127102852 0.189489439129829 0.187341302633286 0.211560189723969 0.190492138266563 0.207749411463737 0.0816637054085732 0.0897302553057671 0.0901308357715607 0.0904441699385643 0.0888858139514923 0.0888084396719933 0.0364337004721165 0.0370766408741474 0.0402998365461826 0.0390036702156067 0.0401806943118572 0.0436461679637432 0.0450527779757977
0.114147484302521 0.112517513334751 0.121276445686817 0.130771443247795 0.130065768957138 0.273933261632919 0.276316314935684 0.252533316612244 0.232849314808846 0.26633557677269 0.266777724027634 0.12743866443634 0.146882265806198 0.263567596673965 0.241964340209961 0.312118411064148 0.30899703502655 0.306057095527649 0.333177030086517 0.33080068230629 0.326481312513351 0.32343202829361 0.28423547744751 0.380947053432465 0.338931262493134 0.176318004727364 0.356484264135361 0.31889346241951 0.338872522115707 0.302784949541092 0.313502162694931 0.135481581091881 0.138323828577995 0.192837730050087 0.0837943553924561 0.0822047591209412 0.0832235589623451 0.0834412425756454 0.0831510946154594 0.084213450551033 0.0824291259050369 0.0835553258657455 0.0394253768026829 0.0412193574011326 0.0401806943118572 0.0436461679637432
0.123434901237488 0.122194088995457 0.131757259368896 0.131183609366417 0.124594606459141 0.257301032543182 0.253651529550552 0.235479265451431 0.22816114127636 0.266433775424957 0.273217052221298 0.266410738229752 0.264450252056122 0.263763755559921 0.268870145082474 0.260078579187393 0.270579814910889 0.311519920825958 0.313362270593643 0.333848059177399 0.3600212931633 0.353192955255508 0.328084319829941 0.313779085874557 0.33915176987648 0.309567958116531 0.294482231140137 0.279315084218979 0.31889346241951 0.310130447149277 0.312382727861404 0.305913239717484 0.284616649150848 0.176042720675468 0.175391763448715 0.163785502314568 0.0833585038781166 0.0835762098431587 0.0776027739048004 0.0839508846402168 0.0831510946154594 0.0840238854289055 0.0823571979999542 0.0915961414575577 0.0915961414575577 0.044745746999979
0.133751213550568 0.13211889564991 0.130471378564835 0.140825688838959 0.122243285179138 0.255448758602142 0.23295234143734 0.231520935893059 0.271487265825272 0.230659738183022 0.26506233215332 0.267219185829163 0.242744982242584 0.266018748283386 0.250720590353012 0.268970161676407 0.272186130285263 0.276457190513611 0.340762794017792 0.34027037024498 0.335638463497162 0.291913688182831 0.288223177194595 0.657481849193573 0.598771274089813 0.545311808586121 0.494905680418015 0.532706320285797 0.278922408819199 0.304929792881012 0.321052849292755 0.306375801563263 0.282237559556961 0.178464516997337 0.173807039856911 0.164466723799706 0.0848916694521904 0.0870229303836823 0.0801838263869286 0.0765273794531822 0.0765273794531822 0.0830689072608948 0.0833585038781166 0.0814899578690529 0.0919052809476852 0.0914277881383896
0.130278348922729 0.141063839197159 0.144243896007538 0.141654714941978 0.261833131313324 0.258769333362579 0.232747703790665 0.216078594326973 0.274641662836075 0.267029732465744 0.270848304033279 0.26907879114151 0.248051971197128 0.248111203312874 0.271407306194305 0.270769774913788 0.274160802364349 0.278256297111511 0.297619581222534 0.303307980298996 0.498827636241913 0.538604736328125 0.52728271484375 0.547452330589294 0.559301197528839 0.557290732860565 0.533435702323914 0.451700478792191 0.503772974014282 0.306099534034729 0.333474367856979 0.298168808221817 0.334565728902817 0.180381461977959 0.150908961892128 0.164466723799706 0.149401500821114 0.0789634138345718 0.0778734385967255 0.0793751776218414 0.0788265243172646 0.0760873332619667 0.0847447216510773 0.0839400291442871 0.0852591022849083 0.09246476739645
0.144283279776573 0.145984262228012 0.136096209287643 0.129823103547096 0.237106010317802 0.273397356271744 0.276527017354965 0.236085072159767 0.250568360090256 0.266740143299103 0.267100363969803 0.248170360922813 0.246379137039185 0.250509738922119 0.271407306194305 0.270412772893906 0.273911863565445 0.278929442167282 0.304987818002701 0.478867650032043 0.547278940677643 0.549778759479523 0.561342477798462 0.539896845817566 0.577230215072632 0.566154181957245 0.502101480960846 0.462730795145035 0.27438086271286 0.316214859485626 0.312269568443298 0.373709112405777 0.344444930553436 0.169406548142433 0.149651989340782 0.1514912545681 0.165423780679703 0.165853530168533 0.167646646499634 0.0768870636820793 0.075822189450264 0.0762866586446762 0.0758133307099342 0.0810877829790115 0.0815925598144531 0.0852144062519073
0.140983432531357 0.138564020395279 0.126969143748283 0.123964793980122 0.276173025369644 0.236674606800079 0.253179103136063 0.252465277910233 0.251110553741455 0.246597290039062 0.247122868895531 0.251997828483582 0.30910935997963 0.270326912403107 0.505040764808655 0.509788930416107 0.539842844009399 0.275027960538864 0.309777349233627 0.308286905288696 0.306308180093765 0.306155383586884 0.554914534091949 0.496548771858215 0.544178247451782 0.486894339323044 0.620384693145752 0.30972808599472 0.284583181142807 0.319751650094986 0.310226202011108 0.279885530471802 0.337616950273514 0.343279719352722 0.287995398044586 0.13624632358551 0.135558292269707 0.162890434265137 0.149344980716705 0.150615215301514 0.0684321895241737 0.163431689143181 0.0762866586446762 0.0764197707176208 0.0754258260130882 0.0833132863044739
0.125497952103615 0.124007448554039 0.123355142772198 0.122889153659344 0.256644368171692 0.269861191511154 0.245259836316109 0.24750779569149 0.24553008377552 0.248753100633621 0.251733422279358 0.247136458754539 0.244909167289734 0.293135195970535 0.248290777206421 0.513459324836731 0.503840327262878 0.276346385478973 0.27648001909256 0.282785594463348 0.319582283496857 0.305223912000656 0.304259359836578 0.30178639292717 0.274148464202881 0.356734991073608 0.302335679531097 0.322554469108582 0.326355338096619 0.319304436445236 0.291636228561401 0.28157451748848 0.278220623731613 0.263198465108871 0.263198465108871 0.235381290316582 0.284556597471237 0.136618211865425 0.150345504283905 0.145442605018616 0.14568692445755 0.144346848130226 0.0742744877934456 0.0760209783911705 0.0762866586446762 0.0738777443766594
0.125604510307312 0.111194588243961 0.111531510949135 0.111891441047192 0.236566334962845 0.249449729919434 0.222306504845619 0.224785819649696 0.244336247444153 0.245971769094467 0.245088294148445 0.473054707050323 0.242282122373581 0.294277429580688 0.313280075788498 0.309418737888336 0.511793494224548 0.608914792537689 0.275502532720566 0.27648001909256 0.562371969223022 0.561739146709442 0.548101902008057 0.26859325170517 0.396901905536652 0.337814539670944 0.263989567756653 0.341827064752579 0.331206619739532 0.303396463394165 0.288904815912247 0.257817476987839 0.34901425242424 0.286077409982681 0.281795740127563 0.28782120347023 0.289133071899414 0.135032162070274 0.140666663646698 0.143480822443962 0.139610454440117 0.143897578120232 0.13389678299427 0.145946949720383 0.162772491574287 0.0743394792079926
0.110607974231243 0.114057332277298 0.115132480859756 0.115132480859756 0.253939211368561 0.247252285480499 0.228032067418098 0.221336856484413 0.225841909646988 0.245952188968658 0.248757019639015 0.280602931976318 0.248235076665878 0.283512443304062 0.315461844205856 0.310599148273468 0.318186789751053 0.255356788635254 0.277229636907578 0.256092369556427 0.270558655261993 0.518617868423462 0.271399170160294 0.370146304368973 0.337917745113373 0.324694067239761 0.364631533622742 0.334060907363892 0.297579109668732 0.293956309556961 0.330612123012543 0.301208972930908 0.289752602577209 0.293253749608994 0.264085233211517 0.285217434167862 0.282838404178619 0.126575857400894 0.126132681965828 0.145284339785576 0.179325684905052 0.169523805379868 0.134009689092636 0.146864622831345 0.146987929940224 0.163025632500648
0.108954481780529 0.110308587551117 0.132722586393356 0.235587000846863 0.22953973710537 0.229218617081642 0.224028617143631 0.462026566267014 0.45990577340126 0.464967966079712 0.224290862679482 0.283053040504456 0.281402677297592 0.465608775615692 0.277304530143738 0.306960254907608 0.311465740203857 0.316461235284805 0.310042351484299 0.350095421075821 0.37387603521347 0.373115658760071 0.339283317327499 0.337010681629181 0.329270899295807 0.375045239925385 0.340787321329117 0.32446962594986 0.291541576385498 0.365788459777832 0.288968592882156 0.278874814510345 0.295471429824829 0.263936400413513 0.286270558834076 0.283486098051071 0.277103364467621 0.280085861682892 0.144648432731628 0.148788213729858 0.160295948386192 0.12813825905323 0.128680363297462 0.14971961081028 0.151855289936066 0.150782912969589
0.127971440553665 0.130063861608505 0.271523803472519 0.267610430717468 0.228591173887253 0.22868812084198 0.222722575068474 0.426793485879898 0.421485513448715 0.454784154891968 0.217097237706184 0.257897019386292 0.299947053194046 0.27955374121666 0.270367205142975 0.274153411388397 0.299513638019562 0.303617626428604 0.345611602067947 0.34231173992157 0.367295265197754 0.364305794239044 0.332205295562744 0.301792442798615 0.246242791414261 0.342889994382858 0.327670097351074 0.278206378221512 0.471487700939178 0.493401259183884 0.274881988763809 0.282233387231827 0.273557156324387 0.247864380478859 0.249023824930191 0.241423144936562 0.239192515611649 0.237188026309013 0.14360123872757 0.147589400410652 0.14634644985199 0.146695509552956 0.128680363297462 0.139493465423584 0.133025348186493 0.148129269480705
0.117150284349918 0.216256275773048 0.210428163409233 0.228168338537216 0.260686963796616 0.203061357140541 0.202895835042 0.431176841259003 0.416523367166519 0.421213686466217 0.462216526269913 0.257262021303177 0.281827628612518 0.282269269227982 0.278599351644516 0.553914368152618 0.338316291570663 0.34339851140976 0.341551125049591 0.336438715457916 0.315397709608078 0.304221659898758 0.282373815774918 0.273165464401245 0.339256823062897 0.306567490100861 0.518687188625336 0.509768903255463 0.493223041296005 0.455145984888077 0.274877816438675 0.271064400672913 0.246934175491333 0.246934175491333 0.244073957204819 0.244834661483765 0.262201935052872 0.257782697677612 0.143242090940475 0.141100823879242 0.141811981797218 0.145253226161003 0.145253226161003 0.138695418834686 0.131047189235687 0.234935075044632
