data/climate_estimation/maxent_output/Wurmbea_sinora.asc
NCOLS 249 
NROWS 37 
XLLCORNER 115.583333333333 
YLLCORNER -35.0833333333333 
CELLSIZE 0.0833333333333333 
NODATA_value -3.4e+38 
[rows 0 to 23 of 37, columns 0 to 52 of 249]
-339999999999999996123846586046231871488.000000000000000 0.360550999641418 0.305112570524216 0.130495756864548 0.182169929146767 0.61973237991333 0.495692014694214 0.506446242332458 0.528879106044769 0.568349540233612 0.610547363758087 0.637049853801727 0.653794646263123 0.555642485618591 0.474921554327011 0.293697476387024 0.288492411375046 0.325849980115891 0.314198940992355 0.33570185303688 0.329908013343811 0.316303938627243 0.312070429325104 0.336530059576035 0.310222655534744 0.308778136968613 0.451380789279938 0.453772366046906 0.435165196657181 0.42738276720047 0.492679178714752 0.487467408180237 0.468226164579391 0.457370936870575 0.421866953372955 0.426557242870331 0.37871378660202 0.413447588682175 0.212370023131371 0.200973719358444 0.193752244114876 0.181673645973206 0.183190450072289 0.182426780462265 0.378374755382538 0.370582461357117 0.404906243085861 0.408103257417679 0.421676903963089 0.426844537258148 0.427199870347977 0.419473826885223 0.431059807538986
0.210741564631462 0.218706399202347 0.28344202041626 0.119178429245949 0.16384220123291 0.598994493484497 0.481482326984406 0.482634872198105 0.51518052816391 0.570351958274841 0.614916384220123 0.64416915178299 0.668140828609467 0.473603188991547 0.478585571050644 0.301309466362 0.297622084617615 0.303716003894806 0.31525793671608 0.325513571500778 0.336807399988174 0.343877911567688 0.350890934467316 0.328168362379074 0.333832561969757 0.314256370067596 0.462184876203537 0.474128663539886 0.4603151679039 0.460209101438522 0.423551499843597 0.516353666782379 0.500571370124817 0.460082292556763 0.458373010158539 0.415528833866119 0.392178565263748 0.395411938428879 0.189453899860382 0.195836633443832 0.190675392746925 0.185571119189262 0.395247250795364 0.368232786655426 0.383645385503769 0.403331816196442 0.414478123188019 0.420720934867859 0.437809497117996 0.442718893289566 0.440749675035477 0.462038218975067 0.463595688343048
0.203959256410599 0.203686520457268 0.155512794852257 0.206254810094833 0.160206004977226 0.563804566860199 0.491930544376373 0.474347352981567 0.512898445129395 0.54795503616333 0.594989359378815 0.645417749881744 0.69809228181839 0.712876617908478 0.503959238529205 0.314175665378571 0.339084208011627 0.329553008079529 0.368463724851608 0.360299944877625 0.35347706079483 0.349633425474167 0.33132803440094 0.348840832710266 0.331647485494614 0.338645428419113 0.336481869220734 0.501983284950256 0.469332903623581 0.490308165550232 0.45840984582901 0.509773969650269 0.498596400022507 0.481968551874161 0.446330100297928 0.431713342666626 0.397623836994171 0.195017740130424 0.180836781859398 0.166840881109238 0.365548849105835 0.361914455890656 0.394134342670441 0.39242035150528 0.399473786354065 0.420880675315857 0.410785108804703 0.434502899646759 0.455919772386551 0.486648470163345 0.506153106689453 0.467447727918625 0.487494200468063
-3.4e+38 0.172709107398987 0.144908621907234 0.194188699126244 0.268683165311813 0.552744448184967 0.507773518562317 0.498709738254547 0.517951130867004 0.548896014690399 0.608517408370972 0.663283467292786 0.715805768966675 0.725680470466614 0.50287663936615 0.521568357944489 0.343146592378616 0.371470063924789 0.374374538660049 0.356016546487808 0.366058140993118 0.378886669874191 0.383943498134613 0.351346909999847 0.36642324924469 0.341367661952972 0.343506813049316 0.340483158826828 0.520264327526093 0.475277096033096 0.450674533843994 0.527449667453766 0.508136332035065 0.496931463479996 0.440703153610229 0.440372169017792 0.405099600553513 0.385538429021835 0.379430145025253 0.363422930240631 0.365285247564316 0.358315855264664 0.382288932800293 0.393348187208176 0.405621320009232 0.438469678163528 0.416500717401505 0.471740245819092 0.47712305188179 0.49669873714447 0.517199635505676 0.527088522911072 0.519002854824066
-3.4e+38 0.144560724496841 0.127931222319603 0.179249092936516 0.243707790970802 0.502329170703888 0.490448862314224 0.481868594884872 0.518848299980164 0.569444894790649 0.62856388092041 0.655092179775238 0.718597173690796 0.751088619232178 0.638034582138062 0.548082649707794 0.385426372289658 0.39743310213089 0.408142149448395 0.376025795936584 0.411656975746155 0.401531606912613 0.395562499761581 0.367404073476791 0.36095342040062 0.391117572784424 0.361863821744919 0.349000722169876 0.51647412776947 0.494048118591309 0.467757374048233 0.563262760639191 0.51872307062149 0.496376484632492 0.466788023710251 0.456190794706345 0.402341663837433 0.400378912687302 0.380414485931396 0.373801350593567 0.38724872469902 0.36651936173439 0.401429057121277 0.412083148956299 0.415384948253632 0.437063753604889 0.462344527244568 0.509999513626099 0.523746371269226 0.514243006706238 0.534773230552673 0.545181453227997 0.54858934879303
-3.4e+38 0.230739519000053 0.201694622635841 0.277590960264206 0.219381883740425 0.453239530324936 0.443424850702286 0.461846172809601 0.512961328029633 0.571370661258698 0.636238873004913 0.69112640619278 0.731659948825836 0.772522807121277 0.67606645822525 0.687043011188507 0.60807466506958 0.42695340514183 0.428311496973038 0.412947088479996 0.417116612195969 0.404134333133698 0.389118880033493 0.380908221006393 0.374410331249237 0.390712350606918 0.360729902982712 0.363094657659531 0.533935904502869 0.512005984783173 0.486490607261658 0.576745986938477 0.53309291601181 0.517974555492401 0.489495873451233 0.456503331661224 0.428047209978104 0.41447514295578 0.398926258087158 0.400014579296112 0.395679742097855 0.395208597183228 0.421349763870239 0.405820518732071 0.428040444850922 0.4625503718853 0.466151058673859 0.501579880714417 0.525130450725555 0.52696168422699 0.539483428001404 0.53683990240097 0.542529761791229
0.2399792522192 0.220456898212433 0.320030301809311 0.259765714406967 0.336263090372086 0.444908380508423 0.432045340538025 0.471794724464417 0.528964340686798 0.474342435598373 0.540026307106018 0.59963458776474 0.762148559093475 0.787263691425323 0.817848443984985 0.843057870864868 0.658241510391235 0.67288476228714 0.676214277744293 0.687103092670441 0.660203874111176 0.407768905162811 0.419686883687973 0.41826057434082 0.409251570701599 0.380817621946335 0.368410706520081 0.360868334770203 0.520900130271912 0.518920302391052 0.502724468708038 0.578648328781128 0.549611389636993 0.515159130096436 0.510623395442963 0.457869082689285 0.461170971393585 0.422270596027374 0.41130331158638 0.393913805484772 0.405377805233002 0.405398607254028 0.406194686889648 0.42781275510788 0.444810211658478 0.468730539083481 0.493304967880249 0.539447367191315 0.556639552116394 0.564424753189087 0.526852011680603 0.546397805213928 0.566274762153625
0.391358882188797 0.34861347079277 0.289528578519821 0.403967201709747 0.468393236398697 0.414532542228699 0.423087984323502 0.470826655626297 0.422620266675949 0.506417810916901 0.366671413183212 0.425041645765305 0.794367372989655 0.820410668849945 0.846086442470551 0.859046578407288 0.776943564414978 0.805095136165619 0.722726106643677 0.685440123081207 0.651143908500671 0.436712354421616 0.43667858839035 0.415230184793472 0.410332530736923 0.395670890808105 0.368135422468185 0.368494302034378 0.531259715557098 0.549221277236938 0.516624271869659 0.59503298997879 0.579836130142212 0.544493079185486 0.511429250240326 0.484235733747482 0.477392852306366 0.463436543941498 0.441798716783524 0.431436717510223 0.44929113984108 0.438831627368927 0.435109049081802 0.462469458580017 0.468739449977875 0.485331863164902 0.519427478313446 0.566844582557678 0.575778126716614 0.589903771877289 0.577178597450256 0.589300751686096 0.586813449859619
0.566997110843658 0.52521413564682 0.434975177049637 0.387438774108887 0.447846472263336 0.413299113512039 0.416538208723068 0.478855460882187 0.454025626182556 0.326266199350357 0.390682011842728 0.462705433368683 0.825104236602783 0.851319134235382 0.872113108634949 0.878046333789825 0.876375734806061 0.888395428657532 0.898197948932648 0.794447183609009 0.68663477897644 0.676933586597443 0.45212984085083 0.517021834850311 0.510818600654602 0.485884845256805 0.365950077772141 0.371265918016434 0.53359055519104 0.503318309783936 0.526063024997711 0.604386329650879 0.574401557445526 0.554223656654358 0.544372737407684 0.53342342376709 0.507458627223969 0.486444175243378 0.469932645559311 0.464260756969452 0.442429006099701 0.458849936723709 0.475363284349442 0.467046409845352 0.493079960346222 0.518067002296448 0.561645150184631 0.577881813049316 0.592931032180786 0.599909961223602 0.603561580181122 0.583106279373169 0.590607523918152
0.550436675548553 0.498684078454971 0.654586791992188 0.594886779785156 0.553339421749115 0.462438851594925 0.468152612447739 0.50776880979538 0.461315393447876 0.346872210502625 0.408378541469574 0.464746952056885 0.720008313655853 0.853745520114899 0.884988367557526 0.89498096704483 0.89629054069519 0.889715373516083 0.917628765106201 0.898465096950531 0.801774740219116 0.76674610376358 0.522565126419067 0.546431958675385 0.317734211683273 0.51707124710083 0.474038898944855 0.372192531824112 0.571254551410675 0.532059133052826 0.625857055187225 0.634537518024445 0.608638525009155 0.588190615177155 0.573954463005066 0.552829146385193 0.52121889591217 0.50976824760437 0.509595513343811 0.511876940727234 0.508911371231079 0.47783350944519 0.484688758850098 0.491320103406906 0.50707870721817 0.53162294626236 0.574046790599823 0.616549789905548 0.614528179168701 0.621820688247681 0.642217338085175 0.61304384469986 0.621512413024902
0.765069007873535 0.716108977794647 0.660334229469299 0.594446897506714 0.563745498657227 0.503647863864899 0.506946563720703 0.543135225772858 0.486133396625519 0.566869795322418 0.418106138706207 0.692270278930664 0.733488619327545 0.869785606861115 0.88464742898941 0.905635714530945 0.918806791305542 0.918674767017365 0.912090480327606 0.920319795608521 0.895565629005432 0.788128852844238 0.524238586425781 0.339778423309326 0.33804926276207 0.339784175157547 0.419400930404663 0.39297154545784 0.565919101238251 0.550880551338196 0.644894480705261 0.631659686565399 0.631128132343292 0.623253703117371 0.585005164146423 0.567768573760986 0.564936220645905 0.558602571487427 0.527309417724609 0.507136702537537 0.516067922115326 0.518280267715454 0.505917906761169 0.524702370166779 0.543951034545898 0.587303996086121 0.566742837429047 0.605900645256042 0.638566076755524 0.628140032291412 0.639106214046478 0.635394096374512 0.639243185520172
0.753713130950928 0.832591354846954 0.780110955238342 0.725134193897247 0.596357882022858 0.545432984828949 0.559590041637421 0.586427390575409 0.523269712924957 0.587692558765411 0.65002304315567 0.694461405277252 0.753598511219025 0.885028481483459 0.88127064704895 0.890798926353455 0.903035163879395 0.914629876613617 0.927176535129547 0.924574255943298 0.89369934797287 0.793146193027496 0.576686382293701 0.366474121809006 0.346563786268234 0.310425460338593 0.513466477394104 0.631524980068207 0.589217782020569 0.687351584434509 0.655184507369995 0.657405912876129 0.630971074104309 0.646243572235107 0.637658536434174 0.612823128700256 0.592379927635193 0.589777648448944 0.568412780761719 0.577331721782684 0.568709313869476 0.55413156747818 0.547107636928558 0.570813596248627 0.574425935745239 0.590380966663361 0.602053225040436 0.631622016429901 0.628885507583618 0.628325343132019 0.64977639913559 0.643068253993988 0.594790458679199
-3.4e+38 0.83398026227951 0.7787926197052 0.724267780780792 0.618332028388977 0.581804573535919 0.607224583625793 0.623507261276245 0.660791337490082 0.715347290039062 0.659483432769775 0.718222379684448 0.760934829711914 0.866497874259949 0.895864605903625 0.820485174655914 0.904577374458313 0.919569790363312 0.914319753646851 0.932300269603729 0.828344762325287 0.832361102104187 0.594205021858215 0.577935457229614 0.509746670722961 0.642442345619202 0.613435864448547 0.594147264957428 0.630977690219879 0.709530830383301 0.669033944606781 0.679063618183136 0.661981582641602 0.665457010269165 0.674607872962952 0.650503635406494 0.637564361095428 0.618969619274139 0.615266084671021 0.584094524383545 0.584457993507385 0.568589985370636 0.588796436786652 0.607797801494598 0.577749073505402 0.593794643878937 0.587675333023071 0.633949279785156 0.620162129402161 0.62995171546936 0.59836220741272 0.60480272769928 0.619548320770264
-3.4e+38 0.851741790771484 0.799801528453827 0.733780741691589 0.636694669723511 0.61465048789978 0.62149578332901 0.640381872653961 0.688448786735535 0.740656912326813 0.784699320793152 0.839134514331818 0.854161143302917 0.79576563835144 0.825540781021118 0.825237154960632 0.837986290454865 0.845503568649292 0.924082458019257 0.919334471225739 0.834786057472229 0.834225296974182 0.793447554111481 0.823844969272614 0.862178206443787 0.867927074432373 0.682481706142426 0.645822703838348 0.776514172554016 0.740162014961243 0.7208172082901 0.699033200740814 0.699256777763367 0.704692840576172 0.705340504646301 0.662871599197388 0.67523068189621 0.661560356616974 0.621306478977203 0.608661830425262 0.612188041210175 0.621483325958252 0.616705238819122 0.626986026763916 0.619016945362091 0.59323525428772 0.605865240097046 0.610349178314209 0.604656875133514 0.611810982227325 0.573791444301605 0.586415648460388 0.581851720809937
-3.4e+38 0.855186343193054 0.801993310451508 0.717136144638062 0.659888446331024 0.634030759334564 0.642796039581299 0.675833582878113 0.69973623752594 0.749802470207214 0.7939213514328 0.855852723121643 0.88692843914032 0.896206498146057 0.832577466964722 0.857476890087128 0.849771857261658 0.842957317829132 0.861911475658417 0.846234381198883 0.851756513118744 0.82351541519165 0.915907084941864 0.898733735084534 0.890160143375397 0.888982355594635 0.864637613296509 0.793682873249054 0.74954754114151 0.72003436088562 0.716626942157745 0.719079077243805 0.726889073848724 0.704476654529572 0.716997504234314 0.682430267333984 0.6639084815979 0.676759362220764 0.64031195640564 0.626223921775818 0.63185441493988 0.632620096206665 0.641540884971619 0.623566925525665 0.601976275444031 0.57208263874054 0.587421000003815 0.552916765213013 0.578773379325867 0.552527070045471 0.590760946273804 0.545438528060913 0.557080805301666
0.879576623439789 0.836952745914459 0.79540753364563 0.721432149410248 0.677054524421692 0.641197383403778 0.665118873119354 0.688209176063538 0.733625829219818 0.782659292221069 0.840572237968445 0.86982923746109 0.903466582298279 0.916753053665161 0.847894370555878 0.878691852092743 0.661826074123383 0.640580773353577 0.646808981895447 0.842847287654877 0.828368902206421 0.852003157138824 0.833856463432312 0.898410081863403 0.898115038871765 0.89317923784256 0.898582458496094 0.870308876037598 0.769204795360565 0.742595851421356 0.772873640060425 0.723218441009521 0.717711627483368 0.732578217983246 0.697265028953552 0.714434444904327 0.671211957931519 0.707093596458435 0.657972574234009 0.641696929931641 0.641030251979828 0.64967542886734 0.643861591815948 0.608931541442871 0.589417278766632 0.515072107315063 0.519607365131378 0.519839107990265 0.541051745414734 0.535637617111206 0.565279841423035 0.532407104969025 0.529509842395782
0.862139940261841 0.827203869819641 0.765122056007385 0.707605183124542 0.687020361423492 0.668642222881317 0.681524634361267 0.689249396324158 0.749806046485901 0.822936058044434 0.865105926990509 0.885737121105194 0.918945670127869 0.932488679885864 0.939352512359619 0.874381959438324 0.867942631244659 0.629768550395966 0.835393309593201 0.843013882637024 0.838452041149139 0.825064897537231 0.834813416004181 0.90029376745224 0.894403338432312 0.902998864650726 0.900018870830536 0.878599286079407 0.893299579620361 0.78805285692215 0.774572849273682 0.73735111951828 0.729027688503265 0.72277158498764 0.734773993492126 0.698195278644562 0.681947529315948 0.675229787826538 0.680340945720673 0.66754949092865 0.665036857128143 0.601706862449646 0.639454782009125 0.59402984380722 0.577054142951965 0.53950709104538 0.490527719259262 0.528653204441071 0.49421215057373 0.502687931060791 0.576161503791809 0.489023417234421 0.536819458007812
0.86026006937027 0.794125616550446 0.742703914642334 0.722050070762634 0.709408164024353 0.720584332942963 0.735286056995392 0.746197044849396 0.801249206066132 0.851791977882385 0.884820342063904 0.912984371185303 0.926545977592468 0.936600565910339 0.945175290107727 0.874080240726471 0.887785017490387 0.856099426746368 0.84877210855484 0.851223707199097 0.838007569313049 0.823630332946777 0.829375922679901 0.907560408115387 0.905192673206329 0.89863657951355 0.906833231449127 0.88874739408493 0.75860732793808 0.768326640129089 0.763029396533966 0.760253190994263 0.730082809925079 0.739972949028015 0.740981757640839 0.73001366853714 0.698751151561737 0.668163478374481 0.674790561199188 0.685428142547607 0.648822546005249 0.62063455581665 0.642013311386108 0.59314489364624 0.593100368976593 0.562403440475464 0.505916595458984 0.511835098266602 0.440386563539505 0.464079231023788 0.493943780660629 0.552306234836578 0.554129898548126
0.85496723651886 0.778558790683746 0.744199693202972 0.733012974262238 0.747034788131714 0.764090240001678 0.781343996524811 0.802608847618103 0.831493318080902 0.868306875228882 0.895090997219086 0.915963172912598 0.924210846424103 0.951450169086456 0.954896211624146 0.948035180568695 0.944178640842438 0.939005732536316 0.923234224319458 0.938820600509644 0.916967928409576 0.914605438709259 0.901307344436646 0.902213215827942 0.908149778842926 0.800629377365112 0.893294036388397 0.745178401470184 0.764786422252655 0.773343324661255 0.729846060276031 0.728655934333801 0.767479360103607 0.750132024288177 0.751991212368011 0.727243304252625 0.712614238262177 0.683207929134369 0.654763638973236 0.669868230819702 0.630834937095642 0.622219443321228 0.801601529121399 0.763936042785645 0.726774275302887 0.687356531620026 0.516348779201508 0.470175862312317 0.467749118804932 0.480703681707382 0.507633924484253 0.534445703029633 0.584361672401428
0.862407267093658 0.823286712169647 0.781524360179901 0.767421066761017 0.779430091381073 0.784526884555817 0.818945646286011 0.847660005092621 0.876282453536987 0.886966168880463 0.920354425907135 0.929022014141083 0.950874030590057 0.953835844993591 0.958406388759613 0.955434381961823 0.957225680351257 0.962596774101257 0.953055262565613 0.933112859725952 0.936242759227753 0.920884668827057 0.904267609119415 0.902092158794403 0.916288018226624 0.831558704376221 0.823619484901428 0.764876782894135 0.77870124578476 0.768190503120422 0.731576263904572 0.732812762260437 0.761659681797028 0.733049750328064 0.724327981472015 0.866085529327393 0.840883135795593 0.837407171726227 0.844614326953888 0.835638880729675 0.812059700489044 0.804170787334442 0.802957057952881 0.774828195571899 0.752601444721222 0.75637823343277 0.673107624053955 0.64405769109726 0.701063334941864 0.495452404022217 0.561322033405304 0.606753289699554 0.668232142925262
0.891074180603027 0.864044010639191 0.829031586647034 0.817281007766724 0.819469809532166 0.824189960956573 0.855014503002167 0.877036154270172 0.881425023078918 0.898019015789032 0.939761519432068 0.937763690948486 0.955268740653992 0.964373171329498 0.965445399284363 0.967478811740875 0.958780705928802 0.963224172592163 0.959289073944092 0.949605524539948 0.952810943126678 0.942565619945526 0.919492483139038 0.902577042579651 0.903187215328217 0.84014630317688 0.832620978355408 0.864465057849884 0.926115036010742 0.792051136493683 0.803318917751312 0.906575620174408 0.90343177318573 0.718940079212189 0.854680955410004 0.866877734661102 0.859023630619049 0.876016139984131 0.871564149856567 0.860826432704926 0.834769785404205 0.840992748737335 0.809393167495728 0.796801388263702 0.805485010147095 0.734654307365417 0.747842788696289 0.71428394317627 0.718897640705109 0.719280958175659 0.754086017608643 0.844326913356781 0.860623478889465
0.915417373180389 0.908549666404724 0.87048077583313 0.844300031661987 0.879531383514404 0.869283080101013 0.864485740661621 0.885226368904114 0.904896855354309 0.935605227947235 0.94190514087677 0.960631430149078 0.966310858726501 0.966248333454132 0.967683851718903 0.970642149448395 0.967417657375336 0.967789351940155 0.958981931209564 0.959519743919373 0.960457503795624 0.95524400472641 0.945732355117798 0.93889194726944 0.936308085918427 0.867059528827667 0.843039929866791 0.698888540267944 0.797015488147736 0.768612682819366 0.932361423969269 0.914266586303711 0.906563282012939 0.708712458610535 0.880378544330597 0.884532392024994 0.896027386188507 0.885114312171936 0.882885575294495 0.868767201900482 0.870116710662842 0.85627555847168 0.829687714576721 0.836362421512604 0.809879958629608 0.771752297878265 0.75671112537384 0.765057802200317 0.770305871963501 0.844494581222534 0.842753171920776 0.866738021373749 0.8744957447052
0.934110522270203 0.934155583381653 0.913240492343903 0.868748068809509 0.878317713737488 0.866072297096252 0.87566727399826 0.875935554504395 0.909667491912842 0.941057682037354 0.943248629570007 0.951764345169067 0.964630603790283 0.963623046875 0.971299648284912 0.970783889293671 0.966392040252686 0.971803724765778 0.969962477684021 0.95833158493042 0.956756174564362 0.966465711593628 0.960358202457428 0.943884253501892 0.94586706161499 0.880201160907745 0.867931663990021 0.459942996501923 0.688737988471985 0.940935850143433 0.944154560565948 0.937463581562042 0.919892311096191 0.906411826610565 0.896694779396057 0.89070051908493 0.893765687942505 0.878381133079529 0.88904732465744 0.881998956203461 0.866681754589081 0.866609156131744 0.843199014663696 0.825626850128174 0.870898723602295 0.858975827693939 0.838251292705536 0.843222439289093 0.854188621044159 0.876108288764954 0.837268233299255 0.870179057121277 0.845468103885651
0.914708733558655 0.955105245113373 0.917581975460052 0.836195170879364 0.861326813697815 0.904066026210785 0.895807683467865 0.90074759721756 0.934327304363251 0.93953001499176 0.96062034368515 0.954209804534912 0.959716379642487 0.96365761756897 0.965120375156403 0.969537198543549 0.966288208961487 0.961644768714905 0.962681710720062 0.959357261657715 0.955394804477692 0.963356852531433 0.962696135044098 0.969371438026428 0.958588182926178 0.951481997966766 0.90526956319809 0.688593745231628 0.894779145717621 0.955087661743164 0.94794112443924 0.915337562561035 0.932693719863892 0.922838985919952 0.893187642097473 0.914862513542175 0.888116538524628 0.900587618350983 0.909698605537415 0.884203970432281 0.886580049991608 0.877826333045959 0.856891751289368 0.87705659866333 0.887649357318878 0.899737536907196 0.891054153442383 0.872542142868042 0.856068730354309 0.848631262779236 0.858153522014618 0.850163817405701 0.861318588256836
