data/climate_estimation/maxent_output/Wurmbea_kraussii.asc
NCOLS 92 
NROWS 75 
XLLCORNER 24.9166666666667 
YLLCORNER -31.5 
CELLSIZE 0.0833333333333333 
NODATA_value -3.4e+38 
[rows 40 to 59 of 75, columns 0 to 44 of 92]
0.00632835226133466 0.00597963063046336 0.00605076085776091 0.00626411940902472 0.0042623532935977 0.00420098472386599 0.00409628637135029 0.00425219861790538 0.00406212545931339 0.00437120674178004 0.00374839152209461 0.00417554844170809 0.0054709236137569 0.00824444741010666 0.00936640333384275 0.0114066721871495 0.017824349924922 0.0221939440816641 0.032749779522419 0.0454308353364468 0.0485148280858994 0.0489985272288322 0.0546602085232735 0.0391912721097469 0.048048734664917 0.0543081201612949 0.090878888964653 0.103279955685139 0.118645057082176 0.141499981284142 0.182249531149864 0.261983960866928 0.351753681898117 0.312648832798004 0.382133543491364 0.436373323202133 0.626822650432587 0.805377423763275 0.580322742462158 0.662161409854889 0.626899302005768 0.714224874973297 0.912468254566193 0.982729375362396 0.977497935295105
0.0061659486964345 0.00647598318755627 0.00635485304519534 0.00641728937625885 0.00687356432899833 0.00378207722678781 0.00382401002570987 0.00363476038910449 0.00365366530604661 0.00416319165378809 0.00362859363667667 0.00459807366132736 0.00500042922794819 0.00821278709918261 0.00951011665165424 0.0107201701030135 0.0179861020296812 0.021609665825963 0.0359023101627827 0.0545008964836597 0.0580737106502056 0.0522398538887501 0.0639534816145897 0.0669461041688919 0.06448744982481 0.0780757814645767 0.0821470841765404 0.0938149094581604 0.130931198596954 0.161186590790749 0.19692987203598 0.321921288967133 0.426403105258942 0.49159300327301 0.38542252779007 0.463462471961975 0.522592663764954 0.695295751094818 0.532733619213104 0.563981652259827 0.63721239566803 0.679298639297485 0.893384754657745 0.974631667137146 0.951605796813965
0.00573660526424646 0.00584544939920306 0.00526350690051913 0.00531625840812922 0.00593104586005211 0.00615968415513635 0.00401107221841812 0.00377339473925531 0.00388672761619091 0.00430181017145514 0.00402125297114253 0.00438199751079082 0.00790407508611679 0.00860333908349276 0.00995894614607096 0.0169578157365322 0.0208325069397688 0.0322376377880573 0.0427147559821606 0.0584883168339729 0.0639198645949364 0.0699124112725258 0.0735323876142502 0.0709147080779076 0.0711111500859261 0.0800574645400047 0.0968992039561272 0.115156307816505 0.173847064375877 0.221200227737427 0.253583252429962 0.291826337575912 0.385255306959152 0.423340022563934 0.415291041135788 0.394463837146759 0.441629827022552 0.484182476997375 0.578935205936432 0.601483106613159 0.795880317687988 0.795702874660492 0.931569337844849 0.982967972755432 0.959327876567841
0.00482000270858407 0.00491615943610668 0.00559613388031721 0.0049975854344666 0.00503708980977535 0.00535287708044052 0.00623719301074743 0.00410357164219022 0.00416396837681532 0.00436468841508031 0.00420763716101646 0.00691636046394706 0.00850941613316536 0.00899318605661392 0.0160632152110338 0.0172797907143831 0.0303396563977003 0.0408137403428555 0.0462010242044926 0.0524893254041672 0.0617366135120392 0.0824880301952362 0.0818128809332848 0.080448791384697 0.0819502174854279 0.083494134247303 0.10229417681694 0.170634031295776 0.204624250531197 0.235055923461914 0.326255649328232 0.299336224794388 0.33109650015831 0.324509084224701 0.356453835964203 0.329821527004242 0.336261451244354 0.392313331365585 0.602251887321472 0.565312445163727 0.686924815177917 0.978511154651642 0.982817351818085 0.977881550788879 0.977823734283447
0.00475878035649657 0.00410015601664782 0.00457537593320012 0.00526690250262618 0.00572565337643027 0.00607488164678216 0.00681879371404648 0.00681582558900118 0.00673305336385965 0.00738303828984499 0.0070222201757133 0.00732299173250794 0.00891001801937819 0.0106808636337519 0.020883085206151 0.022530622780323 0.0303818713873625 0.0328387022018433 0.0396840050816536 0.0543740652501583 0.0651207491755486 0.0778311565518379 0.0874339267611504 0.085637204349041 0.0983411073684692 0.102475859224796 0.117966331541538 0.150456190109253 0.288428246974945 0.292576313018799 0.350129097700119 0.29062956571579 0.331328958272934 0.263627946376801 0.330737769603729 0.367752283811569 0.36787536740303 0.445757418870926 0.473167508840561 0.563852787017822 0.819021821022034 0.975335717201233 0.989453434944153 0.984671831130981 0.975455403327942
0.00619921181350946 0.00630481541156769 0.00477336812764406 0.00554787274450064 0.0062634414061904 0.0075297262519598 0.00796527601778507 0.00749358255416155 0.00803213007748127 0.0087088206782937 0.00823104195296764 0.00842894986271858 0.00969010032713413 0.0181475635617971 0.0243131779134274 0.0385770872235298 0.0382382422685623 0.0399708934128284 0.0455870516598225 0.0538081414997578 0.0639338344335556 0.0699450746178627 0.0919917076826096 0.0955360233783722 0.11637157201767 0.145415723323822 0.127787485718727 0.173265546560287 0.215089559555054 0.399359852075577 0.35526904463768 0.275474309921265 0.299104452133179 0.278104811906815 0.362290054559708 0.425985872745514 0.513960778713226 0.697707533836365 0.715426445007324 0.760920703411102 0.880771577358246 0.986071705818176 0.976801097393036 0.947950541973114 0.941126465797424
0.00623321300372481 0.00690044509246945 0.00778372306376696 0.00868421886116266 0.0108845820650458 0.00795145239681005 0.00891207158565521 0.0097958967089653 0.00963161233812571 0.00946618337184191 0.00879230629652739 0.00963728595525026 0.0177322030067444 0.0259190332144499 0.0300440080463886 0.0477251820266247 0.043923381716013 0.0490405634045601 0.0552692264318466 0.0585083775222301 0.068583145737648 0.0805249512195587 0.0879588350653648 0.103427536785603 0.126440182328224 0.14450615644455 0.149642378091812 0.220042780041695 0.265289962291718 0.373329013586044 0.323056757450104 0.271478742361069 0.260923802852631 0.324997454881668 0.38901886343956 0.465479165315628 0.496931582689285 0.5456782579422 0.710244238376617 0.992416858673096 0.994772017002106 0.988800883293152 0.93574583530426 0.909774661064148 0.900598108768463
0.00872847810387611 0.00969246588647366 0.00825157295912504 0.00896174367517233 0.0119121484458447 0.0124828740954399 0.0140123153105378 0.015175829641521 0.0163858439773321 0.01467998418957 0.0135664688423276 0.0144048640504479 0.0166000332683325 0.0236540269106627 0.0388827063143253 0.0469964556396008 0.0524293668568134 0.0597515814006329 0.0674688965082169 0.0756231173872948 0.0807198137044907 0.0876586139202118 0.101040117442608 0.123842373490334 0.156524568796158 0.139271229505539 0.147590458393097 0.167494580149651 0.206068053841591 0.294565230607986 0.293839365243912 0.228069961071014 0.324246644973755 0.45671084523201 0.555092632770538 0.621633410453796 0.761253178119659 0.908508598804474 0.952229857444763 0.995170474052429 0.99351966381073 0.964719712734222 0.865749001502991 0.871942043304443 0.845260620117188
0.00750151136890054 0.00877080019563437 0.0102732172235847 0.0126230539754033 0.0146796321496367 0.0163749884814024 0.0156044270843267 0.0172065570950508 0.0176072772592306 0.016012167558074 0.0149640645831823 0.015867380425334 0.0182775519788265 0.0285649504512548 0.0361357182264328 0.0508824065327644 0.060136865824461 0.0695752948522568 0.0764249265193939 0.0811175778508186 0.0849817991256714 0.0895901024341583 0.0977429300546646 0.12673731148243 0.145503908395767 0.129270181059837 0.121380478143692 0.149552166461945 0.198191791772842 0.177141055464745 0.179655969142914 0.229044407606125 0.421942681074142 0.502672255039215 0.639418542385101 0.728561639785767 0.970883965492249 0.998955428600311 0.994518756866455 0.983572006225586 0.980506360530853 0.860686182975769 0.738634824752808 0.786120116710663 0.806416213512421
0.00725897075608373 0.00773498741909862 0.00928463786840439 0.0115380994975567 0.0134263876825571 0.0148503575474024 0.0180486403405666 0.0195221547037363 0.0222088750451803 0.0174415595829487 0.0168086048215628 0.0194382295012474 0.0277974307537079 0.0355750806629658 0.0414342433214188 0.050982978194952 0.063361257314682 0.0715176984667778 0.0890520289540291 0.0888606235384941 0.0840817019343376 0.0949987322092056 0.101712144911289 0.114275604486465 0.133766084909439 0.114262774586678 0.117611356079578 0.163984268903732 0.178209692239761 0.157789647579193 0.175699949264526 0.261336743831635 0.323186039924622 0.485348343849182 0.634833693504333 0.912176370620728 0.999304115772247 0.985299229621887 0.944766104221344 0.948717594146729 0.979655027389526 0.913232445716858 0.776342332363129 0.699217200279236 0.625158190727234
0.00755944475531578 0.00725633464753628 0.00840672384947538 0.00906360056251287 0.0110436910763383 0.0136907892301679 0.015804585069418 0.0161903295665979 0.0177351869642735 0.0192049965262413 0.0143053038045764 0.0225839130580425 0.0267850290983915 0.0311367139220238 0.0408934466540813 0.0525879301130772 0.0617043040692806 0.0699969455599785 0.0875378474593163 0.0916436761617661 0.100151926279068 0.0953624919056892 0.104908853769302 0.113804697990417 0.121739134192467 0.104801364243031 0.10253731161356 0.13883738219738 0.157373562455177 0.163815721869469 0.272712916135788 0.26126030087471 0.303492158651352 0.444356858730316 0.692116260528564 0.828059732913971 0.998581886291504 0.926862418651581 0.821608424186707 0.976580023765564 0.937891960144043 0.923058748245239 0.900262057781219 0.818155109882355 0.596388697624207
0.00688764732331038 0.0085591422393918 0.00938127096742392 0.00981102883815765 0.010041213594377 0.012109455652535 0.015112342312932 0.0131548848003149 0.0144867729395628 0.0121618630364537 0.013262378051877 0.0202767513692379 0.024604419246316 0.0353379435837269 0.0486629121005535 0.0585713014006615 0.0694287717342377 0.0837138146162033 0.084762804210186 0.101323783397675 0.103505492210388 0.0948118641972542 0.113680981099606 0.134358525276184 0.120944745838642 0.121025145053864 0.0981875360012054 0.114376813173294 0.139450654387474 0.210562780499458 0.251540064811707 0.270075559616089 0.360124379396439 0.536287724971771 0.769753456115723 0.667989432811737 0.979286730289459 0.974557280540466 0.725451469421387 0.826139986515045 0.700235486030579 0.845625340938568 0.900348961353302 0.818217575550079 0.62125289440155
0.00843614991754293 0.0102602345868945 0.011743295006454 0.01154815685004 0.0104566523805261 0.0113882906734943 0.0137286651879549 0.0169749911874533 0.0160540714859962 0.0122339008376002 0.0129588712006807 0.0190439075231552 0.0228086821734905 0.0332060232758522 0.0428885333240032 0.0488073118031025 0.0633272230625153 0.0811639726161957 0.0912773832678795 0.103544898331165 0.112937673926353 0.100543700158596 0.117993555963039 0.118807405233383 0.108166888356209 0.0916263163089752 0.130286037921906 0.168854519724846 0.195793807506561 0.241912201046944 0.303641885519028 0.390207052230835 0.461686819791794 0.452976018190384 0.540095031261444 0.586709201335907 0.900868237018585 0.923943221569061 0.637228071689606 0.574768841266632 0.768013060092926 0.89855569601059 0.908447504043579 0.888039767742157 0.831526100635529
0.00925587955862284 0.0104431137442589 0.0126827657222748 0.0120304534211755 0.0143800349906087 0.018901040777564 0.0164887383580208 0.0147159127518535 0.0150988716632128 0.0170715507119894 0.0208092294633389 0.021796865388751 0.0235605705529451 0.0291927848011255 0.0390009880065918 0.0530335418879986 0.0659638717770576 0.0833097100257874 0.0969478785991669 0.111398674547672 0.101292699575424 0.100896820425987 0.0951829105615616 0.103393264114857 0.0870375856757164 0.120104975998402 0.15071827173233 0.210206061601639 0.265461355447769 0.288997501134872 0.277254432439804 0.343323051929474 0.327501893043518 0.331826716661453 0.439774215221405 0.734173119068146 0.960421144962311 0.896915674209595 0.614152729511261 0.424503177404404 0.611207544803619 0.630698978900909 0.737138628959656 0.88509064912796 0.89301723241806
0.00815449189394712 0.00983995199203491 0.0138810966163874 0.0168305803090334 0.0197442695498466 0.0177299100905657 0.0163354985415936 0.0154401678591967 0.0162842981517315 0.0135186733677983 0.0160234831273556 0.0236525796353817 0.0262485221028328 0.0292698759585619 0.0342046692967415 0.0441973134875298 0.0599657297134399 0.0745836272835732 0.0917234048247337 0.109224885702133 0.107371263206005 0.103126429021358 0.10362284630537 0.0903995633125305 0.0883763208985329 0.107931271195412 0.141714259982109 0.257746011018753 0.312536358833313 0.349540203809738 0.33880615234375 0.351667940616608 0.305762499570847 0.328397572040558 0.718981742858887 0.914078176021576 0.830660998821259 0.641934871673584 0.63548755645752 0.338288992643356 0.431264817714691 0.751561641693115 0.899198174476624 0.943159520626068 0.903147101402283
0.00684924470260739 0.0099693713709712 0.012076280079782 0.0154659189283848 0.0192186497151852 0.0174180045723915 0.0158863458782434 0.0171206146478653 0.0132729988545179 0.0127999186515808 0.0153324184939265 0.0248960927128792 0.0320227704942226 0.0349077694118023 0.0375043898820877 0.0443966202437878 0.0592773333191872 0.0715077742934227 0.0977218970656395 0.101249180734158 0.0988284200429916 0.103015892207623 0.113359823822975 0.0875802114605904 0.113470524549484 0.150583669543266 0.175463959574699 0.264484107494354 0.357569128274918 0.328255981206894 0.329494178295135 0.288650453090668 0.239174202084541 0.392833083868027 0.797083795070648 0.650127828121185 0.763939499855042 0.544114410877228 0.610876560211182 0.419799268245697 0.356029778718948 0.686149775981903 0.889418184757233 0.901143908500671 0.78540426492691
0.00864478386938572 0.0108928913250566 0.0126773873344064 0.0167166218161583 0.0184752345085144 0.0181033406406641 0.0158904753625393 0.0182343833148479 0.0145594282075763 0.0140598379075527 0.0145257133990526 0.0183523818850517 0.0327414385974407 0.0400666333734989 0.044137604534626 0.0488559082150459 0.0583123601973057 0.0835515484213829 0.092483676970005 0.097857877612114 0.0990064665675163 0.0944842249155045 0.0904993340373039 0.0933537855744362 0.131440356373787 0.167152300477028 0.217040553689003 0.290402829647064 0.284369915723801 0.26390141248703 0.301646769046783 0.242590621113777 0.279696762561798 0.66519170999527 0.787676692008972 0.433805108070374 0.555920660495758 0.386508136987686 0.591232776641846 0.333271533250809 0.350780069828033 0.554455518722534 0.731061935424805 0.925111472606659 0.823725759983063
0.007207462564111 0.0104324910789728 0.0113209607079625 0.0143171660602093 0.0171756111085415 0.0178556013852358 0.0195058397948742 0.0207183603197336 0.019153518602252 0.0147610576823354 0.0168217346072197 0.0231446083635092 0.0324886702001095 0.0439623668789864 0.0499779023230076 0.0544657632708549 0.0688625946640968 0.076235719025135 0.0819001942873001 0.0876204073429108 0.0961890146136284 0.0954594612121582 0.0844920724630356 0.0948737561702728 0.10982409119606 0.155786231160164 0.197495609521866 0.258538752794266 0.276637107133865 0.22603240609169 0.222721129655838 0.255415052175522 0.628259420394897 0.662583649158478 0.429656565189362 0.288673877716064 0.267340689897537 0.258927166461945 0.287764549255371 0.234148591756821 0.319233328104019 0.319131821393967 0.522244393825531 0.571131348609924 0.607984721660614
0.00702229654416442 0.00813744682818651 0.0101902969181538 0.0122297201305628 0.015456042252481 0.0179311763495207 0.0212690308690071 0.0244159195572138 0.0227343961596489 0.0227042008191347 0.0269849523901939 0.0282511319965124 0.0384212732315063 0.0412099100649357 0.0441270209848881 0.0544605851173401 0.0601281113922596 0.0687075033783913 0.0780259072780609 0.0834370031952858 0.0929884240031242 0.0861328840255737 0.0891011506319046 0.113939508795738 0.146431177854538 0.15452653169632 0.19543431699276 0.249496281147003 0.254343837499619 0.220991760492325 0.257159620523453 0.304863125085831 0.443793654441833 0.620539665222168 0.389995068311691 0.210722759366035 0.239597618579865 0.263175964355469 0.325845539569855 0.542432844638824 0.800999879837036 0.886239528656006 0.715064108371735 0.862489223480225 0.811131536960602
0.00610850797966123 0.00802988931536674 0.0094600785523653 0.0115890521556139 0.0130133535712957 0.0162935629487038 0.0234985928982496 0.0266757924109697 0.0302891246974468 0.0303497426211834 0.0333540998399258 0.0334997661411762 0.0350020341575146 0.0358259715139866 0.0357429161667824 0.0443847328424454 0.0573446042835712 0.0638131871819496 0.0673893317580223 0.070366770029068 0.0753313526511192 0.0710751786828041 0.0912122800946236 0.107320718467236 0.158008992671967 0.180961087346077 0.201778650283813 0.249257594347 0.23537988960743 0.230025604367256 0.292139887809753 0.277495950460434 0.380075097084045 0.276070773601532 0.219205662608147 0.206756323575974 0.26639261841774 0.524606943130493 0.657507658004761 0.747591197490692 0.818978369235992 0.746817588806152 0.39158421754837 0.397780865430832 0.510853588581085
