data/climate_estimation/maxent_output/Xerophyllum_asphodeloides.asc
NCOLS 147 
NROWS 80 
XLLCORNER -86.1666666666667 
YLLCORNER 33.5833333333333 
CELLSIZE 0.0833333333333333 
NODATA_value -3.4e+38 
[rows 20 to 39 of 80, columns 92 to 137 of 147]
0.361685812473297 0.478328764438629 0.390447974205017 0.344706922769547 0.415191501379013 0.441915392875671 0.528282582759857 0.596924304962158 0.589418888092041 0.605735719203949 0.605735719203949 0.608870029449463 0.609709143638611 0.564036965370178 0.563858568668365 0.565625548362732 0.617937743663788 0.633334219455719 0.674874484539032 0.69833368062973 0.730768263339996 0.721355497837067 0.751878499984741 0.783577799797058 -3.4e+38 0.677617430686951 0.634677588939667 0.635578036308289 0.666754186153412 0.706121265888214 0.661449015140533 0.66214257478714 0.666778922080994 0.707075953483582 0.723948299884796 0.664967358112335 0.552351415157318 0.564843237400055 0.573288381099701 0.577536404132843 0.582553029060364 0.576035618782043 -3.4e+38 -3.4e+38 -3.4e+38 -3.4e+38
0.486675322055817 0.51001363992691 0.429029107093811 0.447183877229691 0.477151572704315 0.572433829307556 0.635310173034668 0.628679990768433 0.639096856117249 0.645030379295349 0.641850829124451 0.64986377954483 0.614749133586884 0.591535985469818 0.596135079860687 0.608544528484344 0.569366872310638 0.617126703262329 0.653442621231079 0.699434041976929 0.765068471431732 0.818434655666351 0.808726489543915 0.8040811419487 0.798047721385956 0.669540226459503 0.676307082176208 0.635155081748962 0.629848539829254 0.632638573646545 0.627332746982574 0.658517718315125 0.666754603385925 0.635289371013641 0.652443647384644 0.68238639831543 0.551783978939056 0.556560516357422 0.569531977176666 0.594298958778381 0.598033964633942 0.598255634307861 -3.4e+38 -3.4e+38 -3.4e+38 -3.4e+38
0.559803187847137 0.51370245218277 0.48530238866806 0.470092266798019 0.566064715385437 0.598678112030029 0.664936125278473 0.665828347206116 0.682349383831024 0.681757152080536 0.676100015640259 0.688007831573486 0.627877593040466 0.624017596244812 0.58931028842926 0.600755512714386 0.555050075054169 0.514592826366425 0.596543550491333 0.664055705070496 0.737390160560608 0.808896839618683 0.812845051288605 0.789064168930054 0.708650290966034 0.709692597389221 0.668902814388275 0.677052736282349 0.627730309963226 0.6315878033638 0.630048930644989 0.635351240634918 0.60026228427887 0.64200496673584 0.585114002227783 0.611431837081909 0.477008193731308 0.490845084190369 0.513527691364288 0.594467461109161 0.525749742984772 0.595547795295715 -3.4e+38 -3.4e+38 -3.4e+38 -3.4e+38
0.411648899316788 0.496949225664139 0.535164713859558 0.602633059024811 0.636749565601349 0.717525005340576 0.721329391002655 0.711951911449432 0.729025781154633 0.724007964134216 0.717068493366241 0.718253135681152 0.673000991344452 0.680731952190399 0.636374711990356 0.642276167869568 0.589152574539185 0.538813054561615 0.558968126773834 0.641300439834595 0.687826693058014 0.756397128105164 0.791842579841614 0.794784307479858 0.697562992572784 0.665660858154297 0.675000607967377 0.593717038631439 0.594707012176514 0.596782803535461 0.634174585342407 0.645572781562805 0.614061534404755 0.651766419410706 0.613275229930878 0.619814217090607 0.62482362985611 0.490579038858414 0.513592839241028 0.522482991218567 0.528758406639099 0.529975652694702 -3.4e+38 -3.4e+38 -3.4e+38 -3.4e+38
0.45249354839325 0.565464317798615 0.565271317958832 0.671797394752502 0.684162259101868 0.718783974647522 0.751244008541107 0.766401171684265 0.764671325683594 0.754052102565765 0.764891862869263 0.728624284267426 0.715319037437439 0.727374613285065 0.674090445041656 0.626256883144379 0.631958961486816 0.601383209228516 0.589214086532593 0.629272997379303 0.674533665180206 0.714945197105408 0.755557656288147 0.699189722537994 0.700886011123657 0.632933437824249 -3.4e+38 -3.4e+38 0.599763691425323 0.604199528694153 0.612831175327301 0.620028376579285 0.589786529541016 0.664706528186798 0.601114809513092 0.625379264354706 0.631959140300751 0.491359382867813 0.519310712814331 0.523201286792755 0.527073502540588 -3.4e+38 -3.4e+38 -3.4e+38 -3.4e+38 -3.4e+38
0.5152188539505 0.593361973762512 0.694214642047882 0.641022980213165 0.714416027069092 0.74921989440918 0.74820613861084 0.747282326221466 0.762011766433716 0.761920571327209 0.755556166172028 0.755648255348206 0.749120056629181 0.76503986120224 0.753189384937286 0.707920134067535 0.644277215003967 0.637354671955109 0.638145983219147 0.684040009975433 0.641847729682922 0.635569930076599 0.67325758934021 0.587674558162689 0.63191944360733 0.593736231327057 0.592257738113403 -3.4e+38 0.567420125007629 0.572758734226227 0.584130704402924 0.620393574237823 0.564950287342072 0.639983355998993 0.578836798667908 0.610518515110016 0.636606276035309 0.571402966976166 0.499584466218948 0.427889823913574 -3.4e+38 -3.4e+38 -3.4e+38 -3.4e+38 -3.4e+38 -3.4e+38
0.615788757801056 0.671223044395447 0.63009911775589 0.635888040065765 0.714343011379242 0.79115229845047 0.790114223957062 0.795224845409393 0.758149981498718 0.758606672286987 0.792284369468689 0.786002695560455 0.780077457427979 0.750220954418182 0.750498354434967 0.744614779949188 0.738496005535126 0.680935502052307 0.669337570667267 0.638480484485626 0.643585920333862 0.648140966892242 0.655982851982117 0.551140964031219 0.52196604013443 0.559980273246765 0.528854727745056 -3.4e+38 -3.4e+38 0.481434851884842 0.478217154741287 0.458625376224518 0.500107944011688 0.580159485340118 0.525433659553528 0.560064613819122 0.600734293460846 0.336123645305634 0.345800757408142 0.349527686834335 -3.4e+38 -3.4e+38 -3.4e+38 -3.4e+38 -3.4e+38 -3.4e+38
0.654816746711731 0.619913935661316 0.625552415847778 0.642550230026245 0.715478122234344 0.758500874042511 0.786786437034607 0.790374040603638 0.790111541748047 0.790111541748047 0.78959047794342 0.788545489311218 0.782803773880005 0.776007413864136 0.777104914188385 0.774526357650757 0.757515490055084 0.757503271102905 0.675174593925476 0.635293126106262 0.64186555147171 0.545020520687103 0.65853089094162 0.532640695571899 0.529516458511353 0.49974724650383 0.468822002410889 -3.4e+38 -3.4e+38 0.446134269237518 0.447355508804321 0.402057528495789 0.470385879278183 0.517855167388916 0.463858962059021 0.511111438274384 0.323709547519684 0.280129671096802 0.303278088569641 -3.4e+38 -3.4e+38 -3.4e+38 -3.4e+38 -3.4e+38 -3.4e+38 -3.4e+38
0.653388440608978 0.628076434135437 0.594097495079041 0.600559294223785 0.680726528167725 0.76334023475647 0.754083693027496 0.792446434497833 0.79730224609375 0.792274057865143 0.788632690906525 0.790697515010834 0.779054999351501 0.783757150173187 0.774857103824615 0.757296204566956 0.754795730113983 0.689157247543335 0.683916568756104 0.644886314868927 0.611035645008087 0.542885661125183 0.531754732131958 0.535847425460815 0.53719162940979 0.507434964179993 0.474394202232361 0.442703455686569 -3.4e+38 0.389233380556107 0.31035253405571 -3.4e+38 0.450327634811401 0.457234889268875 0.508095264434814 0.329309940338135 0.307044416666031 0.330333679914474 0.304645538330078 -3.4e+38 -3.4e+38 -3.4e+38 -3.4e+38 -3.4e+38 -3.4e+38 -3.4e+38
0.655370950698853 0.662153720855713 0.711717247962952 0.63846492767334 0.677070260047913 0.751620650291443 0.753876864910126 0.792876839637756 0.792446434497833 0.794568657875061 0.791475594043732 0.787224590778351 0.739988029003143 0.733794152736664 0.762685358524323 0.762685358524323 0.721987307071686 0.660204410552979 0.692161202430725 0.658284425735474 0.565385639667511 0.462363630533218 0.425912767648697 0.535021841526031 0.508576333522797 0.508938431739807 0.475202977657318 -3.4e+38 -3.4e+38 -3.4e+38 0.337057888507843 0.409553706645966 0.488303363323212 0.434689044952393 0.481292188167572 0.487901300191879 0.45299443602562 -3.4e+38 -3.4e+38 -3.4e+38 -3.4e+38 -3.4e+38 -3.4e+38 -3.4e+38 -3.4e+38 -3.4e+38
0.759062349796295 0.736772477626801 0.707712113857269 0.717714607715607 0.709562838077545 0.750258207321167 0.775136649608612 0.790209472179413 0.794140934944153 0.794568657875061 0.789475083351135 0.787420928478241 0.771711051464081 0.764307081699371 0.724520444869995 0.677012145519257 0.613138735294342 0.592565834522247 0.558471858501434 0.561123549938202 0.567478358745575 0.538962841033936 0.465154737234116 0.438638478517532 0.44187405705452 0.513060808181763 0.477845191955566 -3.4e+38 -3.4e+38 -3.4e+38 -3.4e+38 0.382119834423065 0.490158766508102 0.310476630926132 0.344448953866959 0.486478954553604 -3.4e+38 -3.4e+38 -3.4e+38 -3.4e+38 -3.4e+38 -3.4e+38 -3.4e+38 -3.4e+38 -3.4e+38 -3.4e+38
0.824840784072876 0.830183207988739 0.7799431681633 0.778813302516937 0.77872622013092 0.78913426399231 0.786550879478455 0.785945057868958 0.78446900844574 0.778829216957092 0.779181182384491 0.78466409444809 0.761146903038025 0.714720249176025 0.714626133441925 0.714066982269287 0.588576793670654 0.589055240154266 0.594515383243561 0.488798469305038 0.568404853343964 0.500233352184296 0.473945945501328 0.476699650287628 0.446936637163162 0.513655066490173 0.484907388687134 -3.4e+38 -3.4e+38 -3.4e+38 0.447517663240433 0.345020651817322 0.352188259363174 0.394212305545807 0.34099492430687 -3.4e+38 -3.4e+38 -3.4e+38 -3.4e+38 -3.4e+38 -3.4e+38 -3.4e+38 -3.4e+38 -3.4e+38 -3.4e+38 -3.4e+38
0.8659707903862 0.846220195293427 0.836910784244537 0.840579628944397 0.836756646633148 0.814942598342896 0.793076753616333 0.792479336261749 0.787414371967316 0.780319154262543 0.780231773853302 0.762404382228851 0.751167595386505 0.703620433807373 0.630579113960266 0.615907847881317 0.62228786945343 0.621610939502716 0.515286207199097 0.484848439693451 0.489191263914108 0.504750669002533 0.513276517391205 0.485218614339828 0.488955646753311 0.451763331890106 0.451065450906754 -3.4e+38 -3.4e+38 -3.4e+38 0.477794647216797 0.347518146038055 0.382512181997299 0.384821742773056 0.337050437927246 -3.4e+38 -3.4e+38 -3.4e+38 -3.4e+38 -3.4e+38 -3.4e+38 -3.4e+38 -3.4e+38 -3.4e+38 -3.4e+38 -3.4e+38
0.86763596534729 0.85200697183609 0.856457948684692 0.850751936435699 0.832470238208771 0.815675735473633 0.821452796459198 0.78466385602951 0.782411932945251 0.777413010597229 0.788995862007141 0.78576797246933 0.728831231594086 0.56435227394104 0.564306080341339 0.566988527774811 0.545032560825348 0.545117437839508 0.554963409900665 0.530592978000641 0.533988296985626 0.506013095378876 0.45068633556366 0.424359142780304 0.494455724954605 0.491260200738907 0.496277898550034 -3.4e+38 -3.4e+38 -3.4e+38 0.481828242540359 0.483335822820663 0.348265826702118 0.327923387289047 0.338311165571213 -3.4e+38 -3.4e+38 -3.4e+38 -3.4e+38 -3.4e+38 -3.4e+38 -3.4e+38 -3.4e+38 -3.4e+38 -3.4e+38 -3.4e+38
0.872705578804016 0.874204456806183 0.861555814743042 0.861056387424469 0.846240937709808 0.842461824417114 0.811753511428833 0.806785464286804 0.80642968416214 0.800406098365784 0.788182318210602 0.782469987869263 0.669876456260681 0.579730927944183 0.574108898639679 0.509746789932251 0.569913446903229 0.573785305023193 0.479622632265091 0.456061959266663 0.472573041915894 0.476473689079285 0.455348193645477 0.431173205375671 0.427718311548233 0.497340321540833 0.495863556861877 0.462958753108978 -3.4e+38 0.410473316907883 0.410158336162567 0.48184797167778 0.421969801187515 0.461227893829346 -3.4e+38 -3.4e+38 -3.4e+38 -3.4e+38 -3.4e+38 -3.4e+38 -3.4e+38 -3.4e+38 -3.4e+38 -3.4e+38 -3.4e+38 -3.4e+38
0.87184351682663 0.858347594738007 0.858861684799194 0.860627233982086 0.861698269844055 0.842916250228882 0.818933188915253 0.787239909172058 0.786995530128479 0.781020820140839 0.791027367115021 0.681181669235229 0.665941476821899 0.576672077178955 0.59553062915802 0.581504821777344 0.492904871702194 0.497901201248169 0.480150043964386 0.396620035171509 0.413129985332489 0.423654139041901 0.394276559352875 0.369754314422607 0.344788432121277 0.343922436237335 0.401531130075455 -3.4e+38 -3.4e+38 0.439330637454987 0.411724299192429 0.417176395654678 0.422942161560059 0.429163485765457 -3.4e+38 -3.4e+38 -3.4e+38 -3.4e+38 -3.4e+38 -3.4e+38 -3.4e+38 -3.4e+38 -3.4e+38 -3.4e+38 -3.4e+38 -3.4e+38
0.877667784690857 0.856983780860901 0.86167699098587 0.878357827663422 0.86219596862793 0.826540589332581 0.825541734695435 0.814552128314972 0.809219539165497 0.803807318210602 0.723654270172119 0.735525250434875 0.67779004573822 0.604825556278229 0.605682790279388 0.60914158821106 0.522563636302948 0.502713680267334 0.515112996101379 0.430073916912079 0.411732316017151 0.309618085622787 0.297256112098694 0.30297663807869 0.350539922714233 0.343781530857086 -3.4e+38 -3.4e+38 -3.4e+38 0.440520763397217 0.380017071962357 0.35734811425209 0.36152184009552 -3.4e+38 -3.4e+38 -3.4e+38 -3.4e+38 -3.4e+38 -3.4e+38 -3.4e+38 -3.4e+38 -3.4e+38 -3.4e+38 -3.4e+38 -3.4e+38 -3.4e+38
0.876042068004608 0.877522051334381 0.881123423576355 0.871662616729736 0.850838959217072 0.826855957508087 0.830658733844757 0.816251695156097 0.810857117176056 0.732432425022125 0.726055264472961 0.695831775665283 0.680921256542206 0.608914732933044 0.606253802776337 0.519447028636932 0.529578983783722 0.535167455673218 0.454040884971619 0.435942322015762 0.357587426900864 0.267745047807693 0.213142737746239 0.234558403491974 0.29942187666893 0.373534053564072 0.367812216281891 -3.4e+38 -3.4e+38 -3.4e+38 0.379731178283691 0.38495260477066 -3.4e+38 -3.4e+38 -3.4e+38 -3.4e+38 -3.4e+38 -3.4e+38 -3.4e+38 -3.4e+38 -3.4e+38 -3.4e+38 -3.4e+38 -3.4e+38 -3.4e+38 -3.4e+38
0.87798273563385 0.871108412742615 0.876379609107971 0.872267425060272 0.846022546291351 0.82593697309494 0.827511310577393 0.753062665462494 0.751004278659821 0.733347117900848 0.725113928318024 0.690752744674683 0.610055446624756 0.605301916599274 0.517225325107574 0.521087110042572 0.509970366954803 0.444917738437653 0.427355527877808 0.348505169153214 0.335550546646118 0.269319802522659 0.226926729083061 0.230323731899261 0.295090734958649 0.313453257083893 0.309172213077545 -3.4e+38 -3.4e+38 -3.4e+38 -3.4e+38 -3.4e+38 -3.4e+38 -3.4e+38 -3.4e+38 -3.4e+38 -3.4e+38 -3.4e+38 -3.4e+38 -3.4e+38 -3.4e+38 -3.4e+38 -3.4e+38 -3.4e+38 -3.4e+38 -3.4e+38
0.869332790374756 0.862008631229401 0.861252069473267 0.870182871818542 0.847090363502502 0.832626938819885 0.770326316356659 0.755996763706207 0.749318242073059 0.732408046722412 0.721508502960205 0.690489888191223 0.603913545608521 0.577592313289642 0.51214736700058 0.497455656528473 0.440394818782806 0.423587054014206 0.427883923053741 0.349730730056763 0.332493394613266 0.266835391521454 0.243750587105751 0.227150484919548 0.243865087628365 0.241908028721809 0.21388977766037 0.181165412068367 0.199404388666153 0.248773217201233 0.193558141589165 -3.4e+38 -3.4e+38 -3.4e+38 -3.4e+38 -3.4e+38 -3.4e+38 -3.4e+38 -3.4e+38 -3.4e+38 -3.4e+38 -3.4e+38 -3.4e+38 -3.4e+38 -3.4e+38 -3.4e+38
