data/climate_estimation/maxent_output/Xerophyllum_asphodeloides.asc
NCOLS 147 
NROWS 80 
XLLCORNER -86.1666666666667 
YLLCORNER 33.5833333333333 
CELLSIZE 0.0833333333333333 
NODATA_value -3.4e+38 
[rows 40 to 59 of 80, columns 0 to 45 of 147]
0.194854974746704 0.213690578937531 0.225501775741577 0.233482539653778 0.244595691561699 0.324650049209595 0.329719305038452 0.319167405366898 0.323521107435226 0.378030478954315 0.355365872383118 0.364306032657623 0.397985219955444 0.405779212713242 0.458466798067093 0.472707718610764 0.51082170009613 0.531576931476593 0.506613492965698 0.535526514053345 0.547233700752258 0.486974775791168 0.460234582424164 0.468394786119461 0.468569666147232 0.462351441383362 0.388071089982986 0.39097848534584 0.42216694355011 0.459949761629105 0.559157848358154 0.546244859695435 0.5405592918396 0.543628394603729 0.699013113975525 0.671024978160858 0.645601332187653 0.654672801494598 0.681684672832489 0.611571431159973 0.552178263664246 0.592858552932739 0.606319904327393 0.729331314563751 0.692047834396362 0.671793103218079
0.235430359840393 0.231561243534088 0.303475052118301 0.311026245355606 0.327786415815353 0.340028345584869 0.349726170301437 0.317046135663986 0.344332039356232 0.348856210708618 0.390189528465271 0.421955198049545 0.428385972976685 0.447638094425201 0.497351616621017 0.512833476066589 0.537447273731232 0.529464721679688 0.52997875213623 0.541005611419678 0.569200336933136 0.480062752962112 0.460274696350098 0.429634302854538 0.436843067407608 0.384806454181671 0.369634181261063 0.433105558156967 0.428164124488831 0.471616446971893 0.477803587913513 0.469061970710754 0.556115329265594 0.542991042137146 0.609659552574158 0.577392756938934 0.627982676029205 0.462681889533997 0.433093696832657 0.519321799278259 0.569823563098907 0.573166072368622 0.477989852428436 0.445979565382004 0.500469505786896 0.672555804252625
0.261623978614807 0.244849219918251 0.308873891830444 0.325613588094711 0.337174385786057 0.346110910177231 0.351653218269348 0.305686503648758 0.320379257202148 0.409471035003662 0.425549447536469 0.430320084095001 0.472229272127151 0.514858722686768 0.534357726573944 0.567619144916534 0.569312572479248 0.53731769323349 0.579159557819366 0.552049934864044 0.589957714080811 0.567537307739258 0.483937233686447 0.52765965461731 0.44777238368988 0.391809940338135 0.414841860532761 0.540902078151703 0.479738265275955 0.465071260929108 0.429929882287979 0.485713750123978 0.532172322273254 0.450391530990601 0.568461775779724 0.507192015647888 0.473204880952835 0.333917707204819 0.403111755847931 0.382470667362213 0.36274453997612 0.32514750957489 0.327032536268234 0.418234795331955 0.47433066368103 0.506271064281464
0.269835025072098 0.270885556936264 0.318907141685486 0.32654133439064 0.335954189300537 0.352301388978958 0.364258766174316 0.327222168445587 0.33623594045639 0.34504047036171 0.330075085163116 0.425394922494888 0.429309070110321 0.486071318387985 0.547453999519348 0.588155806064606 0.569930613040924 0.593431770801544 0.586530923843384 0.584324181079865 0.596589744091034 0.548073410987854 0.568134665489197 0.549158096313477 0.471535563468933 0.512398660182953 0.482461482286453 0.554858326911926 0.553567230701447 0.424243122339249 0.460293352603912 0.471456706523895 0.434944123029709 0.524578154087067 0.393356412649155 0.425360500812531 0.356954544782639 0.293438494205475 0.278422474861145 0.295924931764603 0.30522695183754 0.294134050607681 0.263744562864304 0.289115607738495 0.288745552301407 0.360123038291931
0.283556461334229 0.282094061374664 0.333766847848892 0.342373102903366 0.351265788078308 0.357110351324081 0.354836851358414 0.338860660791397 0.338029980659485 0.347883969545364 0.360680758953094 0.347568839788437 0.448578417301178 0.485329538583755 0.512005567550659 0.597024083137512 0.598037600517273 0.604128003120422 0.594709157943726 0.625928461551666 0.628606498241425 0.62705135345459 0.57562243938446 0.569064915180206 0.535662055015564 0.536394774913788 0.475562512874603 0.558794736862183 0.497969746589661 0.413793236017227 0.380905896425247 0.37725231051445 0.349216848611832 0.495565474033356 0.481321722269058 0.347861886024475 0.287672251462936 0.273128479719162 0.253460049629211 0.235855877399445 0.269750148057938 0.230743855237961 0.234392419457436 0.168855905532837 0.237982243299484 0.324819713830948
0.254262030124664 0.273722320795059 0.287775158882141 0.361854672431946 0.356064349412918 0.3404241502285 0.337937295436859 0.35031446814537 0.376882344484329 0.41581118106842 0.401194721460342 0.371997028589249 0.378051489591599 0.503444731235504 0.554924547672272 0.547368288040161 0.559433698654175 0.568424105644226 0.572728216648102 0.631305754184723 0.58416348695755 0.572404384613037 0.575592994689941 0.573326170444489 0.56928551197052 0.56389719247818 0.47501814365387 0.435780197381973 0.393275529146194 0.390916615724564 0.382968664169312 0.342030137777328 0.381318420171738 0.352371513843536 0.304088145494461 0.328204393386841 0.282963931560516 0.248717442154884 0.19669446349144 0.173230245709419 0.178550660610199 0.209209635853767 0.200528740882874 0.204396888613701 0.196134358644485 0.260327398777008
0.243231534957886 0.253785908222198 0.276693314313889 0.277375221252441 0.276482582092285 0.327720373868942 0.33296400308609 0.364095091819763 0.374712914228439 0.385789096355438 0.428619861602783 0.42513382434845 0.533309280872345 0.451883971691132 0.557050466537476 0.545126616954803 0.557050466537476 0.561867535114288 0.56024432182312 0.567411005496979 0.567411005496979 0.580258548259735 0.5670205950737 0.565427303314209 0.447925567626953 0.423173010349274 0.381068885326385 0.382220923900604 0.36751189827919 0.265070170164108 0.256986349821091 0.328280299901962 0.318231552839279 0.336662620306015 0.280023396015167 0.235339909791946 0.208145275712013 0.169090583920479 0.169524043798447 0.183133527636528 0.206414252519608 0.209679380059242 0.246150583028793 0.264501184225082 0.259494930505753 0.317360371351242
0.25111997127533 0.250470846891403 0.264183700084686 0.265135228633881 0.268577247858047 0.292030990123749 0.305903851985931 0.370653539896011 0.374684751033783 0.333501547574997 0.442660987377167 0.447616964578629 0.563974618911743 0.564305305480957 0.485911190509796 0.490072101354599 0.563104450702667 0.492904484272003 0.57347297668457 0.577459394931793 0.569143712520599 0.573437035083771 0.550168395042419 0.471526712179184 0.415003955364227 0.383100032806396 0.369645953178406 0.272031486034393 0.337432473897934 0.334152370691299 0.318769752979279 0.344941884279251 0.294884622097015 0.234139621257782 0.199475482106209 0.183495536446571 0.142542749643326 0.171877130866051 0.172675430774689 0.155194044113159 0.176239997148514 0.240868747234344 0.23680254817009 0.257634371519089 0.314811140298843 0.471678584814072
0.252446264028549 0.272409528493881 0.259203463792801 0.275645405054092 0.283155351877213 0.303576499223709 0.317355036735535 0.325840711593628 0.337189942598343 0.435771465301514 0.455745279788971 0.497444838285446 0.49543023109436 0.492538392543793 0.485317915678024 0.487997949123383 0.494343370199203 0.497378975152969 0.504284799098969 0.497371345758438 0.559259653091431 0.560941100120544 0.484126716852188 0.490101605653763 0.316605716943741 0.356618940830231 0.29520109295845 0.329906493425369 0.315535694360733 0.300668686628342 0.212134808301926 0.280844658613205 0.233668640255928 0.224567204713821 0.214580327272415 0.157918870449066 0.127633839845657 0.124755024909973 0.129420235753059 0.128641843795776 0.173358544707298 0.174229010939598 0.188886865973473 0.280760258436203 0.470506072044373 0.798750758171082
0.263411223888397 0.277669727802277 0.275828838348389 0.270980209112167 0.285025298595428 0.308545798063278 0.326486736536026 0.327244609594345 0.33952009677887 0.392564803361893 0.511028051376343 0.49901407957077 0.426258474588394 0.494783103466034 0.492974758148193 0.500243663787842 0.419535517692566 0.405809730291367 0.390996068716049 0.507819473743439 0.485800892114639 0.488910168409348 0.490011483430862 0.356186926364899 0.286807894706726 0.277804613113403 0.285338491201401 0.276766955852509 0.274707227945328 0.17601577937603 0.262294918298721 0.256678491830826 0.245858609676361 0.232159927487373 0.155703440308571 0.123410113155842 0.123586520552635 0.125141680240631 0.132288172841072 0.149142578244209 0.149612188339233 0.266588866710663 0.460313767194748 0.693475008010864 0.696785390377045 0.789850473403931
0.294197201728821 0.282359898090363 0.235270470380783 0.292103856801987 0.290827691555023 0.301034182310104 0.316157728433609 0.324482321739197 0.350667834281921 0.38244441151619 0.428701519966125 0.427403539419174 0.422694176435471 0.423444122076035 0.427894860506058 0.435553878545761 0.435637950897217 0.437691181898117 0.392349660396576 0.39438334107399 0.385662972927094 0.295186877250671 0.255893290042877 0.2386155128479 0.223143354058266 0.271730989217758 0.258233457803726 0.219187259674072 0.182419240474701 0.175680890679359 0.274587661027908 0.262994825839996 0.254324108362198 0.202930793166161 0.134222373366356 0.123505860567093 0.128799080848694 0.13188536465168 0.143369987607002 0.174243241548538 0.335583478212357 0.756569445133209 0.770941138267517 0.773753345012665 0.793700754642487 0.830520808696747
0.245237201452255 0.294530034065247 0.305915981531143 0.32383981347084 0.323605269193649 0.306808412075043 0.314778655767441 0.329851865768433 0.336077779531479 0.384037137031555 0.444476693868637 0.438577324151993 0.367065668106079 0.368976175785065 0.371129900217056 0.428557842969894 0.43181911110878 0.438253670930862 0.330833345651627 0.28920516371727 0.226416409015656 0.214311555027962 0.250268310308456 0.233878701925278 0.223959505558014 0.208918675780296 0.172443136572838 0.189081132411957 0.181791320443153 0.175004258751869 0.247628197073936 0.237290352582932 0.199909284710884 0.152518913149834 0.189127624034882 0.143708407878876 0.144041389226913 0.174518719315529 0.226665809750557 0.336834311485291 0.561406791210175 0.476114064455032 0.789512395858765 0.772885859012604 0.76010262966156 0.825868844985962
0.253141939640045 0.324240863323212 0.343158602714539 0.332008630037308 0.321861296892166 0.26152640581131 0.316837996244431 0.336492419242859 0.276068091392517 0.401950865983963 0.442651331424713 0.379584968090057 0.376547157764435 0.366774410009384 0.375732898712158 0.438439935445786 0.371982246637344 0.331896334886551 0.282872527837753 0.227787628769875 0.224240019917488 0.220064431428909 0.214704170823097 0.197099730372429 0.197158455848694 0.166718974709511 0.151824563741684 0.198231816291809 0.210769131779671 0.295288234949112 0.277833849191666 0.241419434547424 0.226197674870491 0.295926213264465 0.370515584945679 0.164373427629471 0.321707665920258 0.227684691548347 0.51446658372879 0.464665681123734 0.360201776027679 0.572140395641327 0.788526654243469 0.817457318305969 0.826898097991943 0.82742965221405
0.248288065195084 0.326221078634262 0.34223073720932 0.330443978309631 0.271801471710205 0.264139741659164 0.262330383062363 0.280410170555115 0.306010365486145 0.328416109085083 0.366512984037399 0.382780343294144 0.381487399339676 0.379108190536499 0.442809045314789 0.369349628686905 0.31569305062294 0.230780556797981 0.22766001522541 0.228198871016502 0.22019150853157 0.220915555953979 0.211564421653748 0.189225748181343 0.166923388838768 0.18259334564209 0.155916854739189 0.164803579449654 0.248466089367867 0.534560143947601 0.394989371299744 0.333257704973221 0.357194632291794 0.400957733392715 0.403385996818542 0.486889600753784 0.505166709423065 0.682220160961151 0.702420175075531 0.776637375354767 0.783307611942291 0.432626962661743 0.514106810092926 0.751672267913818 0.845788419246674 0.775396347045898
0.275910407304764 0.286687165498734 0.2799152135849 0.269261747598648 0.264082312583923 0.268332093954086 0.285418719053268 0.318009525537491 0.438690900802612 0.359745055437088 0.382086604833603 0.379515826702118 0.338657915592194 0.34203827381134 0.38506481051445 0.310606360435486 0.223829165101051 0.223326072096825 0.236092746257782 0.236145526170731 0.227118849754333 0.222543656826019 0.218675643205643 0.207095041871071 0.239714786410332 0.228572249412537 0.220538258552551 0.315172851085663 0.495306789875031 0.657973945140839 0.656296670436859 0.650849521160126 0.717668890953064 0.709236562252045 0.700759768486023 0.696589052677155 0.721981287002563 0.690784990787506 0.718141674995422 0.799134612083435 0.800938308238983 0.58594936132431 0.630437433719635 0.835584759712219 0.839376151561737 0.779058218002319
0.286677151918411 0.279166281223297 0.277913451194763 0.272835403680801 0.291859656572342 0.280277162790298 0.375682979822159 0.438117116689682 0.387972265481949 0.381279647350311 0.386702328920364 0.320903122425079 0.321168422698975 0.389401495456696 0.358255803585052 0.220288127660751 0.211993172764778 0.221419006586075 0.274953067302704 0.288598150014877 0.2773517370224 0.278970152139664 0.264807403087616 0.253122597932816 0.252600461244583 0.27504301071167 0.41190841794014 0.449782133102417 0.676850318908691 0.663352489471436 0.738787770271301 0.731849730014801 0.579575300216675 0.704991400241852 0.707704722881317 0.716733753681183 0.713162004947662 0.737449169158936 0.73851877450943 0.807977676391602 0.836223363876343 0.832992732524872 0.846366584300995 0.843077957630157 0.899612128734589 0.898462772369385
0.235262110829353 0.282786011695862 0.280492067337036 0.279949605464935 0.32113441824913 0.290170520544052 0.353976011276245 0.390813291072845 0.390965521335602 0.392179250717163 0.330058753490448 0.288715690374374 0.388850033283234 0.352214783430099 0.220605179667473 0.204700335860252 0.214149981737137 0.270439088344574 0.278170704841614 0.289797604084015 0.291817277669907 0.281370908021927 0.271759748458862 0.263308793306351 0.271227359771729 0.328995138406754 0.626907050609589 0.574000179767609 0.615089237689972 0.610539317131042 0.607685148715973 0.607060849666595 0.732608139514923 0.728105247020721 0.759132385253906 0.723118543624878 0.71295952796936 0.738832533359528 0.746282696723938 0.835349023342133 0.848576664924622 0.860288500785828 0.895422160625458 0.925127506256104 0.906881868839264 0.886257588863373
0.233253419399261 0.23854649066925 0.24277625977993 0.347246795892715 0.388090759515762 0.39006245136261 0.360088258981705 0.389765352010727 0.388048231601715 0.347584456205368 0.275959223508835 0.392788797616959 0.340374737977982 0.211382910609245 0.199431285262108 0.210877642035484 0.222736522555351 0.267119556665421 0.269886434078217 0.274085074663162 0.26842924952507 0.282949388027191 0.281725198030472 0.291183799505234 0.408588230609894 0.535621404647827 0.63524603843689 0.684742271900177 0.679657697677612 0.686518609523773 0.741842567920685 0.753550887107849 0.749701082706451 0.763173580169678 0.791185796260834 0.740031063556671 0.729466080665588 0.760266840457916 0.766647279262543 0.778076648712158 0.859574556350708 0.884251534938812 0.934573411941528 0.936977326869965 0.924671828746796 0.91303962469101
0.234497651457787 0.236985102295876 0.237823635339737 0.354616731405258 0.395003080368042 0.38749361038208 0.392387479543686 0.390616565942764 0.390602350234985 0.213313519954681 0.382120192050934 0.377634286880493 0.223931178450584 0.199204921722412 0.204122751951218 0.245220318436623 0.257750004529953 0.263132601976395 0.262105643749237 0.264503121376038 0.286093443632126 0.288832932710648 0.293498337268829 0.418283522129059 0.544159471988678 0.617228984832764 0.616855978965759 0.692283511161804 0.602168619632721 0.75387966632843 0.761248469352722 0.713481843471527 0.786931455135345 0.767568588256836 0.797619044780731 0.807070851325989 0.782314419746399 0.751056492328644 0.756595134735107 0.7555091381073 0.807896375656128 0.832079946994781 0.95806086063385 0.95916074514389 0.955086588859558 0.958576560020447
0.187245592474937 0.192436352372169 0.232736676931381 0.251111686229706 0.388109296560287 0.391165137290955 0.381864666938782 0.393541365861893 0.23206552863121 0.342895328998566 0.372500896453857 0.328979134559631 0.196925491094589 0.204492226243019 0.25158166885376 0.25290459394455 0.252959758043289 0.254960566759109 0.259003281593323 0.277403384447098 0.407548546791077 0.38666045665741 0.446036785840988 0.556136012077332 0.546737611293793 0.611820936203003 0.622198402881622 0.532228350639343 0.761095523834229 0.626560747623444 0.773312091827393 0.790330529212952 0.802264034748077 0.800800800323486 0.78941410779953 0.82073438167572 0.827909529209137 0.808361768722534 0.776334404945374 0.797194063663483 0.872153699398041 0.884025871753693 0.896939992904663 0.892250180244446 0.894229888916016 0.976636111736298
