data/climate_estimation/maxent_output/Xerophyllum_asphodeloides.asc
NCOLS 147 
NROWS 80 
XLLCORNER -86.1666666666667 
YLLCORNER 33.5833333333333 
CELLSIZE 0.0833333333333333 
NODATA_value -3.4e+38 
[rows 60 to 79 of 80, columns 0 to 45 of 147]
0.185638397932053 0.197206154465675 0.291739135980606 0.334329456090927 0.318405032157898 0.332503318786621 0.295738369226456 0.278249889612198 0.24071392416954 0.399217575788498 0.345359146595001 0.199383720755577 0.191461220383644 0.198993802070618 0.258244037628174 0.252989709377289 0.263348907232285 0.257519215345383 0.262430667877197 0.390627056360245 0.354886025190353 0.420105785131454 0.453621745109558 0.567260265350342 0.55160665512085 0.617775738239288 0.608051002025604 0.707245528697968 0.702861070632935 0.625522613525391 0.631104409694672 0.62852931022644 0.814274072647095 0.843939304351807 0.821626126766205 0.675620973110199 0.82502281665802 0.838132441043854 0.869483113288879 0.898648023605347 0.914699792861938 0.91117525100708 0.919278740882874 0.905974984169006 0.912308514118195 0.916982293128967
0.212074160575867 0.219680786132812 0.278799951076508 0.319065064191818 0.272708833217621 0.283971905708313 0.258793413639069 0.171743139624596 0.291137367486954 0.266265034675598 0.206425487995148 0.179906070232391 0.186332330107689 0.203768640756607 0.251612782478333 0.261579751968384 0.311682462692261 0.309861242771149 0.365945994853973 0.373660117387772 0.456914752721786 0.477467805147171 0.451139032840729 0.630759000778198 0.635907769203186 0.661303043365479 0.665062010288239 0.776446580886841 0.640932142734528 0.626898586750031 0.629292368888855 0.638032853603363 0.814792215824127 0.841289520263672 0.704822659492493 0.670258343219757 0.701259553432465 0.746501624584198 0.806691408157349 0.931676387786865 0.931007027626038 0.922939658164978 0.930691838264465 0.90985631942749 0.835902035236359 0.839632630348206
0.235126182436943 0.30909675359726 0.225037276744843 0.235797569155693 0.273351162672043 0.19652633368969 0.164640426635742 0.177308201789856 0.25229012966156 0.21654985845089 0.144345000386238 0.144550025463104 0.190536007285118 0.245053634047508 0.258835524320602 0.25621309876442 0.308097273111343 0.321493268013 0.372585713863373 0.498379021883011 0.456903845071793 0.453768074512482 0.578743100166321 0.508122324943542 0.639656007289886 0.661789238452911 0.665535569190979 0.734776616096497 0.742239058017731 0.777170300483704 0.644925594329834 0.642813205718994 0.661415696144104 0.690148770809174 0.677850604057312 0.712806224822998 0.761133253574371 0.777776598930359 0.929461419582367 0.92570561170578 0.942560732364655 0.92384135723114 0.77407842874527 0.75799149274826 0.758071482181549 0.726179718971252
0.209040850400925 0.228648796677589 0.197279572486877 0.209646597504616 0.18391127884388 0.163091078400612 0.210547521710396 0.262201339006424 0.17747101187706 0.229774340987206 0.155879601836205 0.148038044571877 0.191017255187035 0.20659701526165 0.253336161375046 0.299950629472733 0.302722811698914 0.362280517816544 0.434368461370468 0.571651518344879 0.486658483743668 0.454854488372803 0.481974244117737 0.507791221141815 0.669819116592407 0.745177149772644 0.734454274177551 0.735176980495453 0.730835437774658 0.629798471927643 0.650955438613892 0.659608244895935 0.674522221088409 0.695447385311127 0.723080337047577 0.890506863594055 0.908383786678314 0.903594136238098 0.817697584629059 0.784603357315063 0.800313055515289 0.777537524700165 0.770897686481476 0.726634323596954 0.719229698181152 0.710279226303101
0.229606211185455 0.224565923213959 0.15850193798542 0.138491556048393 0.134763836860657 0.193685010075569 0.264619737863541 0.209064677357674 0.268505573272705 0.236418962478638 0.158874377608299 0.160135999321938 0.205713048577309 0.209222301840782 0.247433140873909 0.294427275657654 0.304867208003998 0.399385541677475 0.562116682529449 0.55786657333374 0.581355035305023 0.498031854629517 0.476829946041107 0.511218190193176 0.582516074180603 0.749572992324829 0.742302477359772 0.636997044086456 0.656838536262512 0.625087440013885 0.659812986850739 0.649083077907562 0.691856920719147 0.717762112617493 0.876826822757721 0.885571837425232 0.88950252532959 0.79594087600708 0.768638074398041 0.725438475608826 0.745852291584015 0.72277295589447 0.73143458366394 0.69821035861969 0.633195161819458 0.620982766151428
0.213823586702347 0.135129198431969 0.128405287861824 0.123964332044125 0.15987953543663 0.224827513098717 0.272180944681168 0.192055344581604 0.304703861474991 0.171114534139633 0.17274284362793 0.207155838608742 0.21500788629055 0.213381364941597 0.242161482572556 0.286930501461029 0.29525563120842 0.393563687801361 0.49853789806366 0.497686475515366 0.5226229429245 0.523297905921936 0.58473151922226 0.587499260902405 0.571808636188507 0.565761387348175 0.635014772415161 0.735865712165833 0.617668926715851 0.655288577079773 0.641993939876556 0.651274800300598 0.705658376216888 0.864446640014648 0.836840093135834 0.84005481004715 0.822850227355957 0.770558536052704 0.733602046966553 0.662651300430298 0.713919401168823 0.69776326417923 0.693979501724243 0.630639731884003 0.528004348278046 0.438222140073776
0.108160383999348 0.100870259106159 0.0950897186994553 0.157072648406029 0.20908859372139 0.226003140211105 0.230864137411118 0.196604788303375 0.276335269212723 0.242709338665009 0.173335984349251 0.216917872428894 0.221909299492836 0.230519980192184 0.239094242453575 0.237929686903954 0.293713569641113 0.369467556476593 0.473232060670853 0.443928211927414 0.448051184415817 0.509757936000824 0.582027196884155 0.579403638839722 0.580395638942719 0.573612153530121 0.629429936408997 0.56412810087204 0.563241422176361 0.750243365764618 0.751088440418243 0.818581402301788 0.823650598526001 0.766874730587006 0.748967945575714 0.710225999355316 0.701928853988647 0.688561975955963 0.671219944953918 0.633061647415161 0.624132513999939 0.616624593734741 0.612675070762634 0.535610795021057 0.511208951473236 0.42724084854126
0.0962842404842377 0.0878712460398674 0.145305722951889 0.169725015759468 0.215534895658493 0.222000747919083 0.194432377815247 0.297679305076599 0.287458449602127 0.191343769431114 0.167908564209938 0.178846701979637 0.218750387430191 0.226556092500687 0.196019887924194 0.201397076249123 0.241451725363731 0.266987890005112 0.333945214748383 0.368203938007355 0.398143380880356 0.500921607017517 0.517700910568237 0.570905864238739 0.519423484802246 0.528456389904022 0.524126708507538 0.682727158069611 0.675387024879456 0.735262870788574 0.708887219429016 0.712329924106598 0.787287056446075 0.754482746124268 0.58611786365509 0.564932763576508 0.577829837799072 0.664248645305634 0.556776463985443 0.523342907428741 0.523098230361938 0.519417643547058 0.508286833763123 0.516939640045166 0.502969980239868 0.49424210190773
0.083456464111805 0.113771200180054 0.158790349960327 0.162734121084213 0.167245924472809 0.191635057330132 0.204791769385338 0.233625859022141 0.207819908857346 0.161201879382133 0.162264689803123 0.174178779125214 0.182458609342575 0.175394028425217 0.161989018321037 0.199265494942665 0.200191244482994 0.272654354572296 0.31427738070488 0.33743605017662 0.398858070373535 0.505720317363739 0.517275393009186 0.445677638053894 0.421121537685394 0.389280319213867 0.392401278018951 0.567603290081024 0.661650121212006 0.633545100688934 0.6989586353302 0.714637339115143 0.699561476707458 0.621291816234589 0.591323137283325 0.566258370876312 0.540052175521851 0.54881364107132 0.458867251873016 0.436062693595886 0.420443624258041 0.420786410570145 0.48977193236351 0.492884278297424 0.491267949342728 0.481398791074753
0.0982066839933395 0.145338356494904 0.152571082115173 0.155946314334869 0.147746548056602 0.151355355978012 0.218227475881577 0.18967604637146 0.131034642457962 0.128617405891418 0.137063771486282 0.138110592961311 0.131625711917877 0.133829861879349 0.160190910100937 0.16996368765831 0.167563512921333 0.212707936763763 0.261008709669113 0.357118338346481 0.373168170452118 0.384339511394501 0.430415540933609 0.330171018838882 0.329065680503845 0.315526872873306 0.355592548847198 0.366394639015198 0.43907567858696 0.61041122674942 0.679721415042877 0.656525313854218 0.595906436443329 0.486607044935226 0.48296719789505 0.541065752506256 0.47492253780365 0.448376446962357 0.440454423427582 0.417596727609634 0.407982617616653 0.404445886611938 0.405605375766754 0.474858313798904 0.480730712413788 0.473147600889206
0.10618269443512 0.115544334053993 0.145014017820358 0.141470685601234 0.134579211473465 0.166713923215866 0.15378537774086 0.116321414709091 0.12172469496727 0.126784056425095 0.136899426579475 0.119568035006523 0.11873060464859 0.132741659879684 0.139466628432274 0.174381583929062 0.170441433787346 0.180858477950096 0.251038819551468 0.288253664970398 0.285575360059738 0.28326416015625 0.298435926437378 0.441599041223526 0.440387487411499 0.435676366090775 0.432370841503143 0.341636925935745 0.341031342744827 0.399258017539978 0.383386552333832 0.342830330133438 0.511673450469971 0.48293337225914 0.455014377832413 0.447994619607925 0.459687262773514 0.459556639194489 0.433491945266724 0.345597565174103 0.332624912261963 0.394945293664932 0.39672514796257 0.391376137733459 0.39222452044487 0.46556293964386
0.0973973721265793 0.109308436512947 0.110990971326828 0.0937947779893875 0.152296349406242 0.112116076052189 0.0940336361527443 0.0930171236395836 0.123944282531738 0.133440747857094 0.124916113913059 0.112827517092228 0.118264243006706 0.130784377455711 0.13395231962204 0.136338144540787 0.168327778577805 0.195199891924858 0.269892573356628 0.260435879230499 0.261804521083832 0.402048021554947 0.412485092878342 0.419621884822845 0.422769784927368 0.437165200710297 0.484506338834763 0.325305193662643 0.324837207794189 0.347156763076782 0.339036792516708 0.325311481952667 0.308993965387344 0.296883195638657 0.444605112075806 0.436838895082474 0.452530235052109 0.448934137821198 0.368681460618973 0.348643094301224 0.329258531332016 0.38570848107338 0.374920189380646 0.388786017894745 0.370869278907776 0.385104119777679
0.0985042452812195 0.100161746144295 0.0698614940047264 0.104069799184799 0.0998829528689384 0.0703241229057312 0.0818915963172913 0.0823554247617722 0.084809273481369 0.0851470530033112 0.107602007687092 0.119731657207012 0.121299542486668 0.114459060132504 0.112229309976101 0.115436553955078 0.149535492062569 0.17806401848793 0.185564264655113 0.192874804139137 0.326252549886703 0.402990281581879 0.413343101739883 0.416613936424255 0.416415750980377 0.401613056659698 0.464673012495041 0.472854882478714 0.298516422510147 0.275918662548065 0.322268337011337 0.3126120865345 0.303076863288879 0.296847432851791 0.441089898347855 0.425170451402664 0.36148801445961 0.358298450708389 0.352183103561401 0.342497080564499 0.332849711179733 0.305140674114227 0.301675111055374 0.355135232210159 0.351223111152649 0.370706051588058
0.0893208906054497 0.0627091825008392 0.0711401402950287 0.0737427324056625 0.066416397690773 0.071066826581955 0.0725903064012527 0.0826070755720139 0.0910187885165215 0.0942304953932762 0.120193026959896 0.133032739162445 0.125906378030777 0.124039314687252 0.103450059890747 0.111748225986958 0.144206419587135 0.160293221473694 0.173885002732277 0.297469079494476 0.361848682165146 0.38138610124588 0.396307528018951 0.402419447898865 0.395082980394363 0.391160070896149 0.465704292058945 0.434124529361725 0.414656817913055 0.467386513948441 0.455773681402206 0.290929973125458 0.282028198242188 0.282055377960205 0.433050215244293 0.414170563220978 0.348414182662964 0.332740485668182 0.339233487844467 0.340068310499191 0.323362052440643 0.28634175658226 0.267839938402176 0.264742732048035 0.334262281656265 0.35114848613739
0.053878590464592 0.053581777960062 0.0579597987234592 0.0457552224397659 0.0656655430793762 0.0741173848509789 0.0908286347985268 0.0996557772159576 0.114965051412582 0.137381225824356 0.1274144500494 0.131052911281586 0.125102430582047 0.123488932847977 0.133594483137131 0.160305351018906 0.155875414609909 0.167018920183182 0.287845820188522 0.288098931312561 0.361434817314148 0.37561446428299 0.382527142763138 0.381529569625854 0.374423176050186 0.377359718084335 0.446498364210129 0.422947466373444 0.403633683919907 0.381375700235367 0.368285536766052 0.429482102394104 0.418572723865509 0.410910934209824 0.411938965320587 0.338708996772766 0.332778185606003 0.326798468828201 0.3167365193367 0.261041134595871 0.286968767642975 0.268340408802032 0.262160032987595 0.262209415435791 0.259186565876007 0.330404937267303
0.0456665493547916 0.0462343394756317 0.0511614307761192 0.0626866370439529 0.0699183344841003 0.0757158473134041 0.092423290014267 0.100023724138737 0.118320912122726 0.139826774597168 0.127795711159706 0.130989030003548 0.136060297489166 0.147084027528763 0.18499667942524 0.168136566877365 0.175225138664246 0.177206143736839 0.279670268297195 0.339697539806366 0.287146747112274 0.351604014635086 0.359232515096664 0.365229189395905 0.354430705308914 0.354396671056747 0.420590430498123 0.408562034368515 0.393882006406784 0.371986359357834 0.367901653051376 0.355096966028214 0.341540515422821 0.329279154539108 0.335873067378998 0.332912534475327 0.324013203382492 0.32676687836647 0.302868664264679 0.226085320115089 0.223369941115379 0.265826463699341 0.240065395832062 0.237207397818565 0.259717226028442 0.239495903253555
0.0453341864049435 0.0458642281591892 0.051616370677948 0.056474182754755 0.0842423439025879 0.100789956748486 0.114711217582226 0.117983341217041 0.121755056083202 0.155518710613251 0.151732906699181 0.152095049619675 0.186677321791649 0.191136479377747 0.189012035727501 0.170444309711456 0.170556887984276 0.161272525787354 0.162597626447678 0.266485512256622 0.265650033950806 0.32907110452652 0.33985248208046 0.349233865737915 0.341623932123184 0.403108328580856 0.341488182544708 0.38397753238678 0.372835606336594 0.365752547979355 0.348749697208405 0.34222075343132 0.332744866609573 0.320563554763794 0.314062237739563 0.32407546043396 0.323981732130051 0.253287136554718 0.226104706525803 0.228677198290825 0.228062495589256 0.274379312992096 0.245016261935234 0.239953741431236 0.237053737044334 0.219967186450958
0.0515979155898094 0.0451098307967186 0.0452604740858078 0.0501497089862823 0.0762151032686234 0.104295313358307 0.114000752568245 0.129261940717697 0.148143842816353 0.148050934076309 0.144740909337997 0.153514221310616 0.191039115190506 0.188874363899231 0.182602822780609 0.170328468084335 0.159750759601593 0.157866150140762 0.144873455166817 0.141292199492455 0.233875900506973 0.297494858503342 0.324490875005722 0.327274769544601 0.323509365320206 0.317046999931335 0.316030859947205 0.312439769506454 0.300113767385483 0.349349826574326 0.339871972799301 0.276538610458374 0.317436069250107 0.311202496290207 0.232343256473541 0.242445856332779 0.256238043308258 0.228728279471397 0.22656936943531 0.231471747159958 0.274932235479355 0.250639587640762 0.245393738150597 0.24557925760746 0.22515133023262 0.205174088478088
0.0437538921833038 0.0450018346309662 0.0511706732213497 0.0697324126958847 0.0914436206221581 0.106734953820705 0.11460417509079 0.121395900845528 0.119820080697536 0.140829160809517 0.14975406229496 0.156907767057419 0.19515223801136 0.180080413818359 0.174285560846329 0.172356888651848 0.137813553214073 0.150541633367538 0.121992841362953 0.120543964207172 0.206750333309174 0.246499449014664 0.276648819446564 0.291975826025009 0.311523795127869 0.305076688528061 0.289667993783951 0.291993945837021 0.283549696207047 0.280185699462891 0.269014030694962 0.253070265054703 0.23493929207325 0.21918012201786 0.154024586081505 0.206599459052086 0.211067080497742 0.19544543325901 0.197790771722794 0.19527505338192 0.193301185965538 0.21071845293045 0.248150631785393 0.230434939265251 0.222921654582024 0.184781268239021
0.0438279844820499 0.060436449944973 0.0517767667770386 0.0741618350148201 0.0778039842844009 0.0714549198746681 0.108887329697609 0.111386381089687 0.113940820097923 0.149416640400887 0.154907718300819 0.149548768997192 0.146198809146881 0.141338706016541 0.176302060484886 0.163437783718109 0.103414975106716 0.100869968533516 0.112391032278538 0.189447343349457 0.174477577209473 0.187761828303337 0.202777549624443 0.255923449993134 0.26820370554924 0.268012583255768 0.259378552436829 0.215187549591064 0.250768393278122 0.261967062950134 0.242764428257942 0.206362947821617 0.155848279595375 0.138214215636253 0.128590852022171 0.131561622023582 0.151736110448837 0.13937146961689 0.136085018515587 0.148208931088448 0.173532471060753 0.184769332408905 0.174050226807594 0.205846026539803 0.187388509511948 0.205405414104462
