data/climate_estimation/maxent_output/Xerophyllum_tenax.asc
NCOLS 186 
NROWS 164 
XLLCORNER -124.666666666667 
YLLCORNER 36.25 
CELLSIZE 0.0833333333333333 
NODATA_value -3.4e+38 
[rows 114 to 132 of 164, columns 86 to 128 of 186]
0.00581333599984646 0.000517421867698431 0.000719035742804408 0.00214364170096815 0.000623297120910138 0.000996437389403582 0.0196952726691961 0.411730140447617 0.0691094323992729 0.0187695566564798 0.00129307876341045 0.000562501314561814 0.000681295176036656 0.00215890374965966 0.0291175208985806 0.00628431607037783 0.0015561553882435 0.0242560040205717 0.268398135900497 0.0243287663906813 0.007657949347049 0.00577145116403699 0.0223482847213745 0.625241756439209 0.433003038167953 0.0249013155698776 0.0242204200476408 0.0405212007462978 0.0483097732067108 0.0660738050937653 0.0405857302248478 0.035887211561203 0.0182515848428011 0.00678814807906747 0.006441337056458 0.0201740656048059 0.00631052395328879 0.00258083781227469 0.00696534290909767 0.00342744286172092 0.000467532459879294 9.31094255065545e-05 4.46083358838223e-05
0.00169112836010754 0.00186326261609793 0.0193380229175091 0.0037323422729969 0.00061951024690643 0.00254168850369751 0.0639284923672676 0.107406988739967 0.019528241828084 0.00316563574597239 0.000708082399796695 0.000669700209982693 0.00604080408811569 0.147088706493378 0.0281641576439142 0.00298311142250896 0.00167533825151622 0.0172191224992275 0.169784858822823 0.0151435397565365 0.00511055206879973 0.00717879366129637 0.0552950240671635 0.506353676319122 0.0445427559316158 0.0244487300515175 0.0470445677638054 0.245642617344856 0.24401468038559 0.0322124175727367 0.126454666256905 0.121876232326031 0.00881609413772821 0.00602292874827981 0.0146265355870128 0.0219360664486885 0.0100949481129646 0.00268515665084124 0.00569382356479764 0.00546096777543426 0.0012373742647469 0.000672562338877469 0.00020437159400899
0.00255514215677977 0.0591371171176434 0.0110644157975912 0.00466129090636969 0.000805350311566144 0.00622616475448012 0.0434303507208824 0.00388763891533017 0.00190558424219489 0.000809513789135963 0.00118167547043413 0.0475818999111652 0.0459198951721191 0.0295461919158697 0.00338539364747703 0.00190687528811395 0.00315324449911714 0.0438595376908779 0.03202760592103 0.0172570925205946 0.00624913210049272 0.0102510526776314 0.149102926254272 0.794976472854614 0.021214896813035 0.0904327183961868 0.0883637294173241 0.245876222848892 0.266633272171021 0.0565089844167233 0.0674745067954063 0.160007908940315 0.0143987946212292 0.00605409033596516 0.012087513692677 0.0120200347155333 0.0163498520851135 0.00698977475985885 0.0048743337392807 0.00632256967946887 0.00359786325134337 0.00204086094163358 0.000802564376499504
0.00671953381970525 0.0305572729557753 0.014313505962491 0.00104130560066551 0.000769357371609658 0.0404924117028713 0.0165449511259794 0.00242334837093949 0.00312421238049865 0.00869843456894159 0.0147890951484442 0.118168950080872 0.00907972175627947 0.00357763492502272 0.00304302060976624 0.0036788962315768 0.021900212392211 0.0633223801851273 0.00721901934593916 0.00995721947401762 0.00991011969745159 0.0146240871399641 0.501549541950226 0.306841224431992 0.0171692185103893 0.0778093934059143 0.213110372424126 0.0699288249015808 0.0632186457514763 0.0220960061997175 0.0294401589781046 0.223342150449753 0.0355748906731606 0.00459794513881207 0.00679179467260838 0.00343645247630775 0.0184716954827309 0.015836900100112 0.00450842920690775 0.00543660996481776 0.00228598131798208 0.00110699399374425 0.00101299362722784
0.00130908144637942 0.000787844182923436 0.000737430062144995 0.000733770139049739 0.00454709911718965 0.0191880594938993 0.00149717763997614 0.0145171033218503 0.0225873365998268 0.113853946328163 0.00473499298095703 0.00939126592129469 0.0377240851521492 0.0126916980370879 0.00547310616821051 0.00611897278577089 0.0345658473670483 0.0303572956472635 0.00530286226421595 0.0460662581026554 0.0416832752525806 0.011914181523025 0.131238162517548 0.0645458325743675 0.0194847881793976 0.0502916350960732 0.106634475290775 0.0381204411387444 0.0300805363804102 0.0110054789111018 0.0207098443061113 0.165895476937294 0.0110930819064379 0.00430725375190377 0.00836944673210382 0.0194424353539944 0.0262591820210218 0.00864409375935793 0.00488682044669986 0.0067529478110373 0.00480756675824523 0.00157649372704327 0.0016055271262303
0.000858183018863201 0.000825614843051881 0.00163888977840543 0.00288704130798578 0.00438324781134725 0.00188344751950353 0.00211675651371479 0.0130313215777278 0.0123107945546508 0.0077804927714169 0.00349189806729555 0.0169446654617786 0.113002948462963 0.0200741942971945 0.0249502677470446 0.0267209727317095 0.0444849543273449 0.00613753497600555 0.00508060725405812 0.0332491211593151 0.145386397838593 0.0145367551594973 0.0551669932901859 0.272057443857193 0.0660611614584923 0.0860627889633179 0.0178050231188536 0.0467228479683399 0.0113545777276158 0.0124303363263607 0.0308895539492369 0.0427450016140938 0.00664059724658728 0.00386150716803968 0.0245074387639761 0.0196231789886951 0.0340928472578526 0.0278104450553656 0.00367388175800443 0.00309662707149982 0.00255484622903168 0.00196023727767169 0.00465434044599533
0.00155224616173655 0.00134073896333575 0.00847889948636293 0.0152043420821428 0.00425195600837469 0.00580851966515183 0.00922650750726461 0.0609133951365948 0.0121166193857789 0.00366028305143118 0.00342491338960826 0.147972211241722 0.102806255221367 0.258811950683594 0.560216844081879 0.110176056623459 0.0531645491719246 0.0055507980287075 0.00566094880923629 0.0165704376995564 0.220794722437859 0.0132580250501633 0.0157324075698853 0.116483293473721 0.0360895022749901 0.0109043316915631 0.0400631912052631 0.0114144841209054 0.00939890369772911 0.0430671162903309 0.02421391941607 0.0048084813170135 0.00296293734572828 0.0126501033082604 0.0302196126431227 0.00601120013743639 0.0377903878688812 0.00613866979256272 0.00191225553862751 0.00359042128548026 0.00457996409386396 0.00495228311046958 0.00712467869743705
0.00413080770522356 0.00214055343531072 0.014961096458137 0.0423167683184147 0.00565878534689546 0.0258876960724592 0.129261568188667 0.297624439001083 0.0383823327720165 0.00371960876509547 0.0253290086984634 0.201583534479141 0.05754454433918 0.273818343877792 0.166599303483963 0.123135857284069 0.0260175485163927 0.00612010434269905 0.00579287530854344 0.0126597164198756 0.112957492470741 0.00483492622151971 0.0104625960811973 0.0426909886300564 0.0132812708616257 0.00416716933250427 0.0136621538549662 0.00501709897071123 0.00652899732813239 0.0436582118272781 0.0131242396309972 0.0126104569062591 0.00417281966656446 0.0050797751173377 0.0209801476448774 0.00700621400028467 0.00676513556391001 0.00268697622232139 0.00235387240536511 0.00600686995312572 0.00806052703410387 0.035103477537632 0.180366232991219
0.0308689456433058 0.00835017208009958 0.0373298227787018 0.00737315928563476 0.0062700230628252 0.0486377999186516 0.422378957271576 0.0530490204691887 0.00928886141628027 0.00704094953835011 0.17373451590538 0.0638139396905899 0.0217872820794582 0.0245454721152782 0.02232675999403 0.021979596465826 0.0238712579011917 0.00534757599234581 0.0044273273088038 0.018804844468832 0.0241093616932631 0.00414138613268733 0.0745817273855209 0.024539927020669 0.00337939034216106 0.00441538775339723 0.0549190267920494 0.011504678055644 0.00461458507925272 0.00768570369109511 0.0274576898664236 0.0261102095246315 0.00385146122425795 0.00438139867037535 0.031244058161974 0.00616598641499877 0.00501085910946131 0.00428706593811512 0.00471161864697933 0.0325411856174469 0.00586058618500829 0.00582236843183637 0.00945762265473604
0.141955986618996 0.0365516915917397 0.0290525853633881 0.00504632154479623 0.00820088107138872 0.100371979176998 0.267245709896088 0.0448877103626728 0.0522044152021408 0.213256537914276 0.182709559798241 0.0215900633484125 0.0144758801907301 0.0119234090670943 0.0173743646591902 0.012508936226368 0.0205802191048861 0.00837735179811716 0.00368493865244091 0.0256499107927084 0.0401481986045837 0.00241243909113109 0.0186883062124252 0.0112848514690995 0.00430693570524454 0.00519736390560865 0.0113421771675348 0.00906034559011459 0.00403826078400016 0.00282498029991984 0.0143060982227325 0.00633331667631865 0.00512205995619297 0.00823539774864912 0.033807959407568 0.00523499352857471 0.00198388402350247 0.0042708027176559 0.00527631770819426 0.00557823665440083 0.00816861633211374 0.00308353547006845 0.000414265028666705
0.0246892552822828 0.042777094990015 0.0214112643152475 0.0075987190939486 0.00620010402053595 0.105645798146725 0.0638263374567032 0.0434153527021408 0.224467813968658 0.102667666971684 0.0263563990592957 0.0159025955945253 0.01143145468086 0.00856349151581526 0.0079324534162879 0.00917073618620634 0.0508918389678001 0.0080890441313386 0.011136838234961 0.0619261004030704 0.024102833122015 0.0022830746602267 0.00200818502344191 0.0052921436727047 0.00405066274106503 0.00522629451006651 0.00898250751197338 0.0133316982537508 0.00425482541322708 0.00380272581242025 0.00981344096362591 0.00301151210442185 0.0042835115455091 0.00783336441963911 0.027332516387105 0.00355113251134753 0.00120086490642279 0.00132692290935665 0.00518298335373402 0.00545742735266685 0.00323986890725791 0.000864170142449439 9.02507890714332e-05
0.0189887937158346 0.0512353107333183 0.00914369150996208 0.00481717707589269 0.0131223201751709 0.217123359441757 0.0704004913568497 0.0100842854008079 0.0505200065672398 0.02836431004107 0.0226003713905811 0.029109138995409 0.0577471628785133 0.0147628914564848 0.0108251953497529 0.0129827298223972 0.0740073174238205 0.0500512048602104 0.0406157299876213 0.0380255505442619 0.00360186561010778 0.0032892138697207 0.00172714830841869 0.00434372667223215 0.0111640691757202 0.00831453781574965 0.00530926045030355 0.00580248283222318 0.0107173770666122 0.0124180018901825 0.0129296695813537 0.00384618504904211 0.00637260032817721 0.00558960577473044 0.0560646317899227 0.00368931307457387 0.000981105491518974 0.00167487631551921 0.0414824821054935 0.00706652691587806 0.00263914559036493 0.000264090369455516 6.32517185295001e-05
0.0141425402835011 0.0268857553601265 0.00717128440737724 0.00905819702893496 0.0808683633804321 0.128723651170731 0.00984100811183453 0.00351212918758392 0.00554337864741683 0.02887973934412 0.0420582517981529 0.0456577911973 0.0677888616919518 0.0277630221098661 0.0101926373317838 0.0106749581173062 0.037092600017786 0.0293034352362156 0.0188078340142965 0.00464395619928837 0.00273697427473962 0.00716256024315953 0.00310707720927894 0.00461809197440743 0.0134780155494809 0.00681343907490373 0.00124004110693932 0.00169349776115268 0.0105409631505609 0.0056819710880518 0.00319839734584093 0.0040962896309793 0.00451721483841538 0.00606692628934979 0.121059656143188 0.00609693164005876 0.000890646770130843 0.000764147669542581 0.0162288025021553 0.0185939986258745 0.00564979109913111 0.000208083962206729 5.60739863431081e-05
0.0153632992878556 0.0337940789759159 0.00820358470082283 0.0251388866454363 0.0717637836933136 0.0287313424050808 0.00279180775396526 0.00255567580461502 0.0271571557968855 0.0256795063614845 0.0203019510954618 0.0402012951672077 0.0374920628964901 0.00948119070380926 0.00619078660383821 0.00783504731953144 0.00981255248188972 0.00307667395099998 0.00230069691315293 0.00251663592644036 0.00437077926471829 0.00528857344761491 0.00200086948461831 0.0115244947373867 0.0138094117864966 0.0091864662244916 0.00171819445677102 0.00165491458028555 0.00417915964499116 0.00354515784420073 0.00261574797332287 0.00258776708506048 0.00390705233439803 0.0301050413399935 0.121307708323002 0.0299137849360704 0.00088390673045069 0.00105083710514009 0.0105510549619794 0.148489952087402 0.0752232149243355 0.000325693312333897 4.92036087962333e-05
0.0202114433050156 0.0145733105018735 0.0121752787381411 0.0465233772993088 0.0411360152065754 0.0022598949726671 0.00155608891509473 0.00727666495367885 0.0297428853809834 0.0148335937410593 0.00759496912360191 0.0215476490557194 0.0142578110098839 0.00992706604301929 0.00820725783705711 0.0140103222802281 0.010470281355083 0.00369400437921286 0.00167769915424287 0.00162291270680726 0.00353167555294931 0.00227817753329873 0.00329480855725706 0.0144342565909028 0.0163888949900866 0.0106281768530607 0.00158993632066995 0.00127595535013825 0.0027021924033761 0.0016399888554588 0.00373849924653769 0.00245776562951505 0.00255745835602283 0.00799536611884832 0.0543965697288513 0.0022986785043031 0.000981163582764566 0.00229829014278948 0.0163647662848234 0.12275543063879 0.0218588188290596 0.000258691405178979 5.76527963858098e-05
0.0177705939859152 0.00690435245633125 0.0245639458298683 0.0257182326167822 0.00310817710123956 0.000562178844120353 0.00143126712646335 0.0199292805045843 0.0277126096189022 0.00986003596335649 0.0055314558558166 0.00845926254987717 0.0115034729242325 0.0121348658576608 0.0107169840484858 0.00950341578572989 0.00705561880022287 0.00320124463178217 0.00413071969524026 0.0028629673179239 0.00180843577254564 0.000948681030422449 0.000699438969604671 0.00167219759896398 0.00422749295830727 0.00591452606022358 0.0046937451697886 0.0014955666847527 0.00108753854874521 0.000928602064959705 0.0213183257728815 0.0042259693145752 0.00224921992048621 0.00365320662967861 0.0089311683550477 0.00157481385394931 0.0010388019727543 0.00334900943562388 0.00342478859238327 0.00165472156368196 0.000548652082215995 9.53841372393072e-05 7.73180363466963e-05
0.00391033804044127 0.00397862680256367 0.010296193882823 0.00409956695511937 0.000403173675294966 0.000461876712506637 0.0018729604780674 0.0102647831663489 0.0198822543025017 0.00614897580817342 0.00346691883169115 0.00714918086305261 0.00832957960665226 0.00696503091603518 0.00515095517039299 0.0103700840845704 0.0082521615549922 0.00297098350711167 0.00624346500262618 0.00356477010063827 0.00130232644733042 0.000465024000732228 0.00046431997907348 0.000965592567808926 0.00432394444942474 0.00324260792694986 0.00210039154626429 0.00111593492329121 0.000905441585928202 0.000599707767833024 0.00265945191495121 0.0102919172495604 0.001900939270854 0.00247317040339112 0.00449875276535749 0.00143274245783687 0.00109611835796386 0.0145201692357659 0.110841579735279 0.00127585721202195 0.000219052715692669 9.77558229351416e-05 7.23834018572234e-05
0.00490311300382018 0.00850220583379269 0.00960183795541525 0.00117036933079362 0.000337932666298002 0.000376324576791376 0.00273637496866286 0.00557636423036456 0.0076244599185884 0.00320605584420264 0.00500907516106963 0.00627781404182315 0.00692681921645999 0.00840755831450224 0.00877837277948856 0.0092397928237915 0.00811672862619162 0.00329245114699006 0.003736293874681 0.00260259979404509 0.000955998722929507 0.000194079111679457 0.000269939657300711 0.000362148392014205 0.00700821867212653 0.00515570910647511 0.00134679337497801 0.000510687939822674 0.000452096021035686 0.000554438855033368 0.00093187834136188 0.0175987649708986 0.00158260157331824 0.00749282352626324 0.00776101881638169 0.0012393977958709 0.000825641793198884 0.0047945287078619 0.319495767354965 0.0403558723628521 0.00103006314020604 0.000148502789670601 0.000239543544012122
0.00400356156751513 0.0212285742163658 0.00744067644700408 0.000573441036976874 0.000180857314262539 0.000766709097661078 0.00269494415260851 0.00377222872339189 0.00397532433271408 0.00298682949505746 0.00577350333333015 0.00607903394848108 0.00727948546409607 0.0040033170953393 0.00641533872112632 0.0057872929610312 0.00411379151046276 0.00222814921289682 0.00144777493551373 0.00155918684322387 0.000939113553613424 0.000208766301511787 9.98993346001953e-05 0.000300407875329256 0.011392280459404 0.00573629420250654 0.000777553766965866 0.000563348061405122 0.00040710112079978 0.00041264938772656 0.00124199024867266 0.0128969447687268 0.00315197999589145 0.0214213244616985 0.0108409784734249 0.00076978252036497 0.000773726671468467 0.00143134011887014 0.274913251399994 0.0841844156384468 0.00216882443055511 0.000363065948477015 0.000785375596024096
