data/climate_estimation/maxent_output/Xerophyllum_tenax.asc
NCOLS 186 
NROWS 164 
XLLCORNER -124.666666666667 
YLLCORNER 36.25 
CELLSIZE 0.0833333333333333 
NODATA_value -3.4e+38 
[rows 38 to 56 of 164, columns 129 to 171 of 186]
0.602859079837799 0.505570769309998 0.326959997415543 0.361451655626297 0.326367497444153 0.403262317180634 0.203325942158699 0.12653748691082 0.234350487589836 0.350083082914352 0.511627078056335 0.502104103565216 0.592261850833893 0.563322246074677 0.269946992397308 0.303920120000839 0.557039439678192 0.470168739557266 0.463702857494354 0.352055758237839 0.0920377746224403 0.0267782267183065 0.00861873757094145 0.00756610650569201 0.0083416448906064 0.0239117220044136 0.0930138826370239 0.240456804633141 0.257866710424423 0.309708803892136 0.234213307499886 0.146824479103088 0.075934998691082 0.0761886462569237 0.136138200759888 0.270005285739899 0.258362531661987 0.32963091135025 0.319347649812698 0.358048141002655 0.381076902151108 0.372661471366882 0.334141701459885
0.498572677373886 0.659293234348297 0.636014759540558 0.434235543012619 0.637730002403259 0.586051404476166 0.453658521175385 0.228595063090324 0.06350177526474 0.0403917245566845 0.0631267130374908 0.135811075568199 0.213565170764923 0.440113008022308 0.449925035238266 0.127904951572418 0.154982447624207 0.226579993963242 0.320590436458588 0.284028470516205 0.0825899019837379 0.0176265835762024 0.00634446553885937 0.00428342586383224 0.00590478023514152 0.00882167741656303 0.016564879566431 0.0216624904423952 0.0765226036310196 0.228924497961998 0.314631432294846 0.276899486780167 0.118169389665127 0.0752129703760147 0.0732644721865654 0.132890999317169 0.189132928848267 0.178210854530334 0.208132058382034 0.226897671818733 0.237529754638672 0.266415476799011 0.30338317155838
0.545178651809692 0.612621784210205 0.598061859607697 0.605734884738922 0.681167662143707 0.658545613288879 0.467510640621185 0.263069301843643 0.110562205314636 0.195595547556877 0.243065774440765 0.0785781741142273 0.0643028095364571 0.0625902712345123 0.0737171843647957 0.179050475358963 0.166068628430367 0.241843774914742 0.179867967963219 0.256016671657562 0.107517659664154 0.0981736406683922 0.0890334844589233 0.0159149263054132 0.0242847129702568 0.0390996560454369 0.0354072749614716 0.00993273034691811 0.0144394710659981 0.0660797357559204 0.484165370464325 0.535499572753906 0.28290992975235 0.128618717193604 0.0679156258702278 0.0630198866128922 0.0856465622782707 0.276354640722275 0.349037617444992 0.319208055734634 0.222672253847122 0.193056434392929 0.170911088585854
0.641257286071777 0.569153666496277 0.685098111629486 0.683053851127625 0.625625193119049 0.686350524425507 0.561065137386322 0.409943968057632 0.348315000534058 0.653399467468262 0.669283926486969 0.499347150325775 0.184127435088158 0.0657399892807007 0.0366033017635345 0.164774909615517 0.309298485517502 0.421931505203247 0.398829013109207 0.480798780918121 0.438224643468857 0.141293704509735 0.0440988726913929 0.0325024798512459 0.153731718659401 0.432921051979065 0.106568269431591 0.0198346581310034 0.0093343248590827 0.018406318500638 0.0860353484749794 0.333730071783066 0.600767552852631 0.465823799371719 0.126558423042297 0.0709627643227577 0.125668302178383 0.528870701789856 0.477871924638748 0.298128366470337 0.230236202478409 0.219515100121498 0.169899374246597
0.663839101791382 0.693558216094971 0.59231436252594 0.578282177448273 0.5323606133461 0.560968160629272 0.443263500928879 0.408635050058365 0.620436429977417 0.653175413608551 0.750126898288727 0.700341522693634 0.32168173789978 0.0482901744544506 0.0338662639260292 0.134193420410156 0.530221223831177 0.592061281204224 0.534340858459473 0.597950518131256 0.538478970527649 0.175262063741684 0.0649121850728989 0.177319571375847 0.533575236797333 0.534879744052887 0.509095013141632 0.0514082796871662 0.00932147353887558 0.011401548050344 0.0387306027114391 0.10867553204298 0.327674210071564 0.347786277532578 0.297236502170563 0.142987877130508 0.138407319784164 0.196921452879906 0.257757723331451 0.213495552539825 0.272729009389877 0.207135796546936 0.198809221386909
0.701501548290253 0.723602950572968 0.69269722700119 0.615949332714081 0.408466458320618 0.441105127334595 0.405417203903198 0.388265132904053 0.707204341888428 0.724794685840607 0.710598945617676 0.568456590175629 0.14463996887207 0.0445113144814968 0.0536614693701267 0.245023295283318 0.573311507701874 0.50385969877243 0.287340521812439 0.258658319711685 0.243166953325272 0.118065685033798 0.141775459051132 0.499020874500275 0.622422575950623 0.419688105583191 0.155267238616943 0.0773923471570015 0.0198924411088228 0.0112677756696939 0.0273585133254528 0.0832143127918243 0.215391546487808 0.404023915529251 0.201507389545441 0.170038819313049 0.173819988965988 0.146768495440483 0.195505499839783 0.304298877716064 0.49841433763504 0.436481982469559 0.3600133061409
0.655016124248505 0.720784902572632 0.734072625637054 0.687140166759491 0.415302723646164 0.456512063741684 0.372730821371078 0.441533803939819 0.59039705991745 0.592752933502197 0.649904787540436 0.41833308339119 0.106899954378605 0.045529805123806 0.1020497828722 0.311370462179184 0.49561995267868 0.309163093566895 0.334486424922943 0.532147109508514 0.217254891991615 0.0510340593755245 0.0863045305013657 0.117729522287846 0.208030864596367 0.320513665676117 0.103224851191044 0.0203355066478252 0.0120799709111452 0.00764826079830527 0.0283840801566839 0.13669641315937 0.401149332523346 0.309125453233719 0.198508352041245 0.205772757530212 0.284354001283646 0.253816097974777 0.229630067944527 0.327859938144684 0.375932037830353 0.497831255197525 0.520486652851105
0.613740980625153 0.705579221248627 0.748976051807404 0.59646201133728 0.553220391273499 0.468305259943008 0.567664504051208 0.67665708065033 0.645329117774963 0.648230731487274 0.544843077659607 0.252288669347763 0.0839773938059807 0.0526925101876259 0.187269687652588 0.215105280280113 0.304245799779892 0.352767407894135 0.335180580615997 0.570110023021698 0.390906453132629 0.119356006383896 0.280080795288086 0.0276843812316656 0.0421868711709976 0.0920853540301323 0.0541278533637524 0.0125630330294371 0.00649752235040069 0.00806932989507914 0.0155319944024086 0.0527983792126179 0.128657817840576 0.0590551160275936 0.127244457602501 0.451552718877792 0.490766793489456 0.395801663398743 0.200422495603561 0.238103553652763 0.258387744426727 0.463632732629776 0.64714241027832
0.670616626739502 0.761939465999603 0.752009868621826 0.713257193565369 0.614942491054535 0.696884453296661 0.771813631057739 0.754368603229523 0.768633842468262 0.730934143066406 0.599243402481079 0.37345477938652 0.213257312774658 0.0742285326123238 0.0987630784511566 0.0767436996102333 0.12239945679903 0.25990042090416 0.544864654541016 0.538699090480804 0.232047602534294 0.0451477132737637 0.387982368469238 0.0935930982232094 0.024326553568244 0.0767969116568565 0.0286204740405083 0.0154999513179064 0.0236987881362438 0.0178967267274857 0.0105506414547563 0.174533262848854 0.136473685503006 0.165077850222588 0.505739986896515 0.539531886577606 0.541942477226257 0.280079185962677 0.156777709722519 0.175876140594482 0.241670072078705 0.517248332500458 0.607708036899567
0.649188220500946 0.595796287059784 0.543782889842987 0.726102888584137 0.750309824943542 0.797484219074249 0.777330219745636 0.628203690052032 0.502097964286804 0.309926301240921 0.319098591804504 0.590247213840485 0.504062652587891 0.259712427854538 0.102524355053902 0.0860502570867538 0.0591419525444508 0.1277706772089 0.212606713175774 0.105811968445778 0.0794831365346909 0.0232252795249224 0.187890991568565 0.0564176738262177 0.0290426556020975 0.063113808631897 0.0289686154574156 0.0123248910531402 0.0148923965170979 0.00729495426639915 0.0261643640697002 0.0817923992872238 0.0438013039529324 0.0594312362372875 0.649278044700623 0.672066330909729 0.437810331583023 0.393426269292831 0.224507987499237 0.136615410447121 0.244777619838715 0.334877669811249 0.566275775432587
0.430507600307465 0.467427134513855 0.653759777545929 0.70255184173584 0.738418757915497 0.624894261360168 0.44611382484436 0.227601900696754 0.257157802581787 0.259538441896439 0.369808405637741 0.625518620014191 0.501176655292511 0.43216809630394 0.125845268368721 0.191394120454788 0.113451153039932 0.147974029183388 0.159822940826416 0.0531004928052425 0.0126971043646336 0.0110007673501968 0.0207453183829784 0.0128460517153144 0.0941693708300591 0.0749871581792831 0.0288745947182178 0.00942559260874987 0.00531456712633371 0.00582799641415477 0.00770801771432161 0.00653647724539042 0.00819842051714659 0.016775943338871 0.170398369431496 0.727272152900696 0.597990393638611 0.509905815124512 0.259276270866394 0.121846623718739 0.146022692322731 0.25140717625618 0.307311087846756
0.632611691951752 0.773087680339813 0.781763195991516 0.60039210319519 0.367707341909409 0.189240872859955 0.144286140799522 0.174866780638695 0.474909633398056 0.568257868289948 0.303323268890381 0.158505946397781 0.223474353551865 0.312160611152649 0.105511210858822 0.30065456032753 0.402863949537277 0.582132995128632 0.184642538428307 0.052886787801981 0.0143852038308978 0.0224983878433704 0.101701408624649 0.0767007991671562 0.062040276825428 0.0261761918663979 0.0166752897202969 0.0151940975338221 0.0143787702545524 0.0133778508752584 0.0145758762955666 0.00679568341001868 0.00632755784317851 0.0071111423894763 0.0419037155807018 0.694106340408325 0.621970176696777 0.722907721996307 0.515231013298035 0.209330126643181 0.0924874469637871 0.103844940662384 0.230410262942314
0.663124859333038 0.71075165271759 0.594485580921173 0.245544403791428 0.140376091003418 0.089286282658577 0.135671138763428 0.580437481403351 0.628145635128021 0.660034000873566 0.374211490154266 0.563612520694733 0.508046805858612 0.232249602675438 0.0819657444953918 0.257107198238373 0.269341439008713 0.61141711473465 0.219518885016441 0.0300796702504158 0.0134710064157844 0.128100618720055 0.479642271995544 0.275411069393158 0.105405725538731 0.0601903200149536 0.0559118203818798 0.0494334399700165 0.0239119306206703 0.0273167174309492 0.0266439039260149 0.0182113721966743 0.0137690845876932 0.016673494130373 0.0369280315935612 0.267455041408539 0.469631850719452 0.640101969242096 0.512918412685394 0.269458830356598 0.0973943322896957 0.0683452934026718 0.0561832934617996
0.630419194698334 0.616040289402008 0.461412042379379 0.199916690587997 0.102537505328655 0.0723211988806725 0.128576532006264 0.657141506671906 0.662179708480835 0.462850838899612 0.567664086818695 0.717965841293335 0.50801146030426 0.169067442417145 0.0402112230658531 0.0742367878556252 0.130846902728081 0.152317225933075 0.084862969815731 0.022004745900631 0.126895889639854 0.763082802295685 0.788297712802887 0.657882273197174 0.250975787639618 0.12009509652853 0.0854519829154015 0.0781893730163574 0.0323185101151466 0.0477389954030514 0.0518641881644726 0.0795568972826004 0.037587258964777 0.0584592521190643 0.0943791046738625 0.269080519676208 0.521425068378448 0.552445888519287 0.452254116535187 0.286206156015396 0.171721681952477 0.405336081981659 0.279682755470276
0.224195629358292 0.521523416042328 0.407871752977371 0.189605757594109 0.0953481420874596 0.0738008543848991 0.255276650190353 0.595908641815186 0.603078901767731 0.503327548503876 0.627852201461792 0.78491997718811 0.628885984420776 0.253803938627243 0.02976736985147 0.164849877357483 0.0944866836071014 0.0334420651197433 0.0129127642139792 0.0231603384017944 0.187522187829018 0.675730407238007 0.740849852561951 0.801847636699677 0.504890024662018 0.180349543690681 0.111822918057442 0.137093111872673 0.232735827565193 0.163243100047112 0.266294151544571 0.216576218605042 0.106004133820534 0.297757565975189 0.534823179244995 0.665542185306549 0.764357328414917 0.626203179359436 0.440362215042114 0.157136619091034 0.218669906258583 0.703828811645508 0.734120965003967
0.415081381797791 0.778158128261566 0.759197890758514 0.297120809555054 0.110900819301605 0.0850570052862167 0.429695963859558 0.485112577676773 0.570618212223053 0.438478291034698 0.722465455532074 0.770553648471832 0.328442931175232 0.141705855727196 0.0186679512262344 0.0269059259444475 0.030016178265214 0.0165240429341793 0.0146136851981282 0.0219680834561586 0.0452907755970955 0.17838990688324 0.495960652828217 0.843159735202789 0.609209835529327 0.137513548135757 0.0825986117124557 0.250968128442764 0.678281009197235 0.533795118331909 0.326516181230545 0.37932625412941 0.458068042993546 0.609740972518921 0.38767397403717 0.523004591464996 0.405035465955734 0.682163178920746 0.179879054427147 0.11289993673563 0.630369961261749 0.394447565078735 0.687325239181519
0.0417715832591057 0.631422817707062 0.793431997299194 0.516468048095703 0.174829751253128 0.102731086313725 0.181411325931549 0.376315981149673 0.496523559093475 0.15495902299881 0.658776342868805 0.655037462711334 0.515234351158142 0.100064322352409 0.0267882589250803 0.0162509884685278 0.0116216521710157 0.0157090537250042 0.0295851230621338 0.0902630016207695 0.158365428447723 0.0591501854360104 0.170088350772858 0.308646827936172 0.320720940828323 0.148488402366638 0.0584515258669853 0.103462807834148 0.57240217924118 0.422401547431946 0.287567406892776 0.267335891723633 0.607011377811432 0.522223770618439 0.255761116743088 0.226393267512321 0.506505072116852 0.282644003629684 0.0830546170473099 0.155282825231552 0.448582589626312 0.39905634522438 0.318102180957794
0.00469883298501372 0.0500339083373547 0.819354474544525 0.712826907634735 0.336668372154236 0.162254363298416 0.161053881049156 0.190387740731239 0.469858825206757 0.0784716159105301 0.190422162413597 0.201926976442337 0.116400592029095 0.0582918412983418 0.0230814944952726 0.00916730612516403 0.0102276029065251 0.025389414280653 0.0705786272883415 0.265011757612228 0.488147377967834 0.100854471325874 0.12864001095295 0.195373296737671 0.329742342233658 0.0969122424721718 0.0712887123227119 0.167881652712822 0.295206904411316 0.270530998706818 0.254687577486038 0.333750575780869 0.502506196498871 0.222372591495514 0.227075219154358 0.369667053222656 0.158954665064812 0.086030051112175 0.540106654167175 0.307674795389175 0.448353379964828 0.515793979167938 0.252128630876541
0.00194448349066079 0.0103630013763905 0.189868450164795 0.800240814685822 0.575956344604492 0.421699404716492 0.350489288568497 0.412558287382126 0.553554892539978 0.0677784010767937 0.0365820340812206 0.0887935161590576 0.0606198534369469 0.0269623007625341 0.0183645635843277 0.0138798393309116 0.0243422389030457 0.0565976724028587 0.161876931786537 0.3487309217453 0.18893826007843 0.101162500679493 0.361450463533401 0.636419773101807 0.53720623254776 0.122987113893032 0.0674415528774261 0.131031557917595 0.263753473758698 0.164291262626648 0.17636726796627 0.292123585939407 0.304575175046921 0.155983731150627 0.147528067231178 0.307441115379333 0.172119066119194 0.32696545124054 0.233076721429825 0.151350677013397 0.259359061717987 0.231532230973244 0.233142495155334
