data/climate_estimation/maxent_output/Xerophyllum_tenax.asc
NCOLS 186 
NROWS 164 
XLLCORNER -124.666666666667 
YLLCORNER 36.25 
CELLSIZE 0.0833333333333333 
NODATA_value -3.4e+38 
[rows 76 to 94 of 164, columns 0 to 42 of 186]
-3.4e+38 -3.4e+38 -3.4e+38 -3.4e+38 -3.4e+38 0.305288076400757 0.387731403112411 0.494004011154175 0.605376124382019 0.645311117172241 0.667979776859283 0.713856875896454 0.694214165210724 0.487758785486221 0.640918791294098 0.623588085174561 0.454061895608902 0.568239748477936 0.669299304485321 0.714740872383118 0.770311057567596 0.793025016784668 0.809360384941101 0.819358587265015 0.82317715883255 0.81688004732132 0.674399673938751 0.817085266113281 0.801200985908508 0.765818893909454 0.654329180717468 0.71832537651062 0.683781027793884 0.64091569185257 0.621112465858459 0.583415746688843 0.489170670509338 0.448962777853012 0.448697566986084 0.484707742929459 0.50799548625946 0.509124338626862 0.450468182563782
-3.4e+38 -3.4e+38 -3.4e+38 -3.4e+38 0.24833057820797 0.300609290599823 0.419431626796722 0.504671514034271 0.58467561006546 0.669491708278656 0.688655078411102 0.695522725582123 0.660601615905762 0.553543031215668 0.576555609703064 0.411381602287292 0.314201593399048 0.373617738485336 0.507731795310974 0.665790498256683 0.79450535774231 0.771843194961548 0.788081526756287 0.80349338054657 0.664215803146362 0.80806964635849 0.811084270477295 0.74968546628952 0.787927091121674 0.768168389797211 0.721669137477875 0.713495075702667 0.677363634109497 0.639026880264282 0.548732936382294 0.513371169567108 0.480980485677719 0.448420345783234 0.461294561624527 0.470017045736313 0.453325688838959 0.39162677526474 0.228767648339272
-3.4e+38 -3.4e+38 -3.4e+38 0.208796992897987 0.246234759688377 0.329723626375198 0.426259785890579 0.517052054405212 0.614806771278381 0.66659951210022 0.706414997577667 0.73852264881134 0.707417070865631 0.573561310768127 0.423485219478607 0.280297845602036 0.325872868299484 0.412842512130737 0.508282721042633 0.734637081623077 0.642021954059601 0.769926428794861 0.673857986927032 0.671925723552704 0.656316936016083 0.807931005954742 0.798735022544861 0.789368748664856 0.780242919921875 0.762876391410828 0.725206553936005 0.700167536735535 0.674324512481689 0.630095899105072 0.539549350738525 0.517206788063049 0.561460554599762 0.544705152511597 0.543835043907166 0.523158669471741 0.497314602136612 0.360186368227005 0.159054785966873
-3.4e+38 -3.4e+38 -3.4e+38 0.213922679424286 0.268933415412903 0.346821427345276 0.450423538684845 0.555542528629303 0.634861707687378 0.685602962970734 0.704601049423218 0.746780455112457 0.757076382637024 0.699341356754303 0.264813750982285 0.216321557760239 0.261628448963165 0.266193866729736 0.29174479842186 0.454512417316437 0.623308122158051 0.640665531158447 0.770386934280396 0.708220899105072 0.64788031578064 0.60364043712616 0.677773237228394 0.734025478363037 0.773089826107025 0.741660833358765 0.719790160655975 0.715248048305511 0.6910120844841 0.643418610095978 0.52476555109024 0.587935447692871 0.564910888671875 0.54800420999527 0.534240126609802 0.544792890548706 0.531159162521362 0.461025297641754 0.217425033450127
-3.4e+38 -3.4e+38 -3.4e+38 0.233913034200668 0.305814534425735 0.373718231916428 0.489863395690918 0.526038467884064 0.620943009853363 0.7113236784935 0.74427318572998 0.776570558547974 0.761389970779419 0.583182871341705 0.311527758836746 0.18072347342968 0.256751388311386 0.234194949269295 0.543280482292175 0.477825134992599 0.625550508499146 0.732220768928528 0.749735176563263 0.804680824279785 0.794386863708496 0.803558051586151 0.794946849346161 0.768547475337982 0.767247140407562 0.757259607315063 0.733417093753815 0.649042367935181 0.702651083469391 0.622511506080627 0.520715057849884 0.569395482540131 0.549940824508667 0.534469783306122 0.491564035415649 0.529856443405151 0.534994423389435 0.489814519882202 0.24281670153141
-3.4e+38 -3.4e+38 0.215473011136055 0.244568422436714 0.34130448102951 0.41641628742218 0.499593943357468 0.553914606571198 0.611823737621307 0.715058743953705 0.74700790643692 0.771386444568634 0.68770158290863 0.510432481765747 0.2711141705513 0.195913001894951 0.339148968458176 0.432799577713013 0.451454788446426 0.595450878143311 0.741985023021698 0.784817337989807 0.713585674762726 0.754836201667786 0.677604138851166 0.683490991592407 0.781778812408447 0.782181680202484 0.755142509937286 0.712780296802521 0.755284070968628 0.690020740032196 0.670196354389191 0.557903468608856 0.492139488458633 0.500867545604706 0.556772291660309 0.511799693107605 0.510375022888184 0.502209067344666 0.488353103399277 0.459661453962326 0.274921655654907
-339999999999999996123846586046231871488.000000000000000 -3.4e+38 0.249718368053436 0.299765080213547 0.406746536493301 0.482035756111145 0.515159547328949 0.603442430496216 0.630256235599518 0.686801075935364 0.778740882873535 0.700545728206635 0.657087087631226 0.548776984214783 0.515360593795776 0.346628338098526 0.291896551847458 0.262917339801788 0.312658905982971 0.412564247846603 0.66790646314621 0.616492807865143 0.453357011079788 0.424523591995239 0.624979376792908 0.782590270042419 0.776793599128723 0.767874836921692 0.75663149356842 0.748203814029694 0.735197782516479 0.741896152496338 0.655535876750946 0.556948721408844 0.522284150123596 0.491642475128174 0.443711668252945 0.457426756620407 0.465341299772263 0.542411148548126 0.541141033172607 0.494212746620178 0.433188170194626
-3.4e+38 -3.4e+38 0.26756563782692 0.34360858798027 0.419461011886597 0.521519601345062 0.550387322902679 0.633810222148895 0.663655757904053 0.726999819278717 0.754811704158783 0.722939908504486 0.744464576244354 0.650964915752411 0.60418826341629 0.316347777843475 0.224001005291939 0.228359788656235 0.214251577854156 0.289531379938126 0.355939984321594 0.317912936210632 0.526951968669891 0.473168671131134 0.747246384620667 0.778439044952393 0.770364284515381 0.731706440448761 0.753929972648621 0.730740189552307 0.708477735519409 0.683967590332031 0.691058397293091 0.576619148254395 0.500316798686981 0.457939594984055 0.43301448225975 0.438206434249878 0.48955762386322 0.56123560667038 0.54033088684082 0.534971296787262 0.487341344356537
-3.4e+38 0.242903009057045 0.28909894824028 0.3584144115448 0.445712804794312 0.559595763683319 0.623890399932861 0.652076840400696 0.706658124923706 0.705377340316772 0.774262607097626 0.768837034702301 0.734963953495026 0.593599140644073 0.606241822242737 0.592770874500275 0.526970565319061 0.503481149673462 0.528850436210632 0.458055734634399 0.389691650867462 0.363901734352112 0.725836455821991 0.761640310287476 0.766903579235077 0.719401717185974 0.580010116100311 0.757741630077362 0.778277575969696 0.74121367931366 0.708049178123474 0.713989317417145 0.684821009635925 0.584537625312805 0.503866195678711 0.457901775836945 0.501598596572876 0.468377649784088 0.454284876585007 0.546517252922058 0.546257436275482 0.545975267887115 0.478970229625702
-3.4e+38 0.252659529447556 0.305886387825012 0.394469022750854 0.462944895029068 0.56999683380127 0.627757489681244 0.695300579071045 0.677963137626648 0.752061605453491 0.767306625843048 0.780564188957214 0.687937796115875 0.625577390193939 0.65770435333252 0.546301305294037 0.489540189504623 0.496286481618881 0.651209592819214 0.588050007820129 0.733712494373322 0.662007987499237 0.663248419761658 0.443769872188568 0.377621740102768 0.699052095413208 0.392276406288147 0.754588007926941 0.767613887786865 0.740650057792664 0.735821187496185 0.700051605701447 0.674176812171936 0.612529873847961 0.517191112041473 0.506033658981323 0.526627779006958 0.515303015708923 0.43573385477066 0.55120724439621 0.539275050163269 0.500860631465912 0.474222391843796
-3.4e+38 0.264873206615448 0.320808559656143 0.373302489519119 0.462487012147903 0.530602514743805 0.546361207962036 0.709901213645935 0.735294163227081 0.738566935062408 0.749466240406036 0.778454840183258 0.745304822921753 0.674579799175262 0.504109561443329 0.394104838371277 0.58372163772583 0.733314275741577 0.604300498962402 0.665402173995972 0.653091251850128 0.304074019193649 0.389885723590851 0.225350067019463 0.269050478935242 0.504156291484833 0.341542631387711 0.571911752223969 0.749258637428284 0.745668947696686 0.729200065135956 0.560952723026276 0.616503655910492 0.61311674118042 0.587957918643951 0.550677895545959 0.536551237106323 0.559205174446106 0.4959676861763 0.492383152246475 0.507911026477814 0.498228996992111 0.490866601467133
-3.4e+38 -3.4e+38 -3.4e+38 0.397098034620285 0.472499817609787 0.572447776794434 0.608250975608826 0.682495176792145 0.755100548267365 0.695722579956055 0.749016344547272 0.706090092658997 0.686781704425812 0.521170914173126 0.373642206192017 0.345473229885101 0.571053326129913 0.521398663520813 0.36457747220993 0.333626478910446 0.284084647893906 0.287425547838211 0.119595691561699 0.140517741441727 0.306549489498138 0.738215088844299 0.495013326406479 0.753068327903748 0.758891522884369 0.688997089862823 0.714412689208984 0.532568752765656 0.478289395570755 0.466681480407715 0.501353442668915 0.440447121858597 0.497678250074387 0.589734613895416 0.563223421573639 0.498738378286362 0.509234070777893 0.516153156757355 0.501266658306122
-3.4e+38 -3.4e+38 -3.4e+38 0.383956462144852 0.484146595001221 0.567110955715179 0.667213916778564 0.667943835258484 0.748467564582825 0.764936149120331 0.751496553421021 0.775361061096191 0.572762787342072 0.451437026262283 0.191748917102814 0.184925839304924 0.452912390232086 0.251388877630234 0.150281071662903 0.219415128231049 0.114258199930191 0.0553561449050903 0.0736407786607742 0.191978201270103 0.261857837438583 0.341968983411789 0.28075447678566 0.618737995624542 0.731478154659271 0.69727224111557 0.696673989295959 0.505752801895142 0.449726223945618 0.519953548908234 0.608208417892456 0.49563467502594 0.456807076931 0.400159150362015 0.478003621101379 0.414473325014114 0.395258009433746 0.455441921949387 0.423605740070343
-3.4e+38 -3.4e+38 0.298424512147903 0.35858952999115 0.452743083238602 0.557480275630951 0.610575914382935 0.711995601654053 0.775715470314026 0.790600538253784 0.794098198413849 0.78849071264267 0.777349233627319 0.436844140291214 0.129914656281471 0.101113520562649 0.163711458444595 0.174209892749786 0.0985570400953293 0.0754806697368622 0.0407810881733894 0.0355399437248707 0.0378966443240643 0.0660681650042534 0.111983053386211 0.523599326610565 0.569357514381409 0.750248312950134 0.672813475131989 0.716586947441101 0.71982616186142 0.516495108604431 0.425696700811386 0.547351360321045 0.655286490917206 0.63066953420639 0.53943794965744 0.313468396663666 0.315795123577118 0.296149671077728 0.308745265007019 0.405224651098251 0.355633288621902
-3.4e+38 -3.4e+38 0.276867210865021 0.347333937883377 0.444543480873108 0.495884597301483 0.588102281093597 0.73852813243866 0.783495128154755 0.78888338804245 0.785631120204926 0.802208125591278 0.755487561225891 0.266349494457245 0.126711681485176 0.0890853703022003 0.176312297582626 0.250729888677597 0.0997824594378471 0.196986362338066 0.052765030413866 0.0285817310214043 0.0852498635649681 0.15228670835495 0.184427440166473 0.23492968082428 0.594887733459473 0.771516978740692 0.733450055122375 0.719684720039368 0.661147832870483 0.707842826843262 0.568638503551483 0.372652381658554 0.536636829376221 0.642472207546234 0.60479199886322 0.462006509304047 0.538816034793854 0.490349888801575 0.475679904222488 0.502302944660187 0.512160181999207
-3.4e+38 -3.4e+38 0.253074705600739 0.317910015583038 0.432110458612442 0.555055499076843 0.661596596240997 0.745125770568848 0.804926514625549 0.804921507835388 0.810847163200378 0.739262282848358 0.379636257886887 0.256763637065887 0.447969257831573 0.539659440517426 0.165818735957146 0.0921672955155373 0.288771599531174 0.237939044833183 0.113573089241982 0.0545650459825993 0.0841779038310051 0.437619626522064 0.666545212268829 0.752444326877594 0.7629634141922 0.758256733417511 0.718939185142517 0.718163907527924 0.665665626525879 0.694615483283997 0.575070083141327 0.371453464031219 0.516059219837189 0.530502736568451 0.312810361385345 0.382445812225342 0.263600885868073 0.508964121341705 0.555470168590546 0.512174010276794 0.491145193576813
-3.4e+38 -3.4e+38 -3.4e+38 0.31809002161026 0.420333117246628 0.570680916309357 0.620521903038025 0.769214868545532 0.765504419803619 0.819451034069061 0.793602824211121 0.604814171791077 0.290349125862122 0.369249045848846 0.775797605514526 0.695857465267181 0.116829566657543 0.183684423565865 0.282075673341751 0.0835797935724258 0.250226646661758 0.507055521011353 0.18522484600544 0.119274504482746 0.170397356152534 0.708690762519836 0.725754737854004 0.755508482456207 0.710811495780945 0.702481985092163 0.716813206672668 0.552043735980988 0.569484829902649 0.498656630516052 0.349940627813339 0.45799246430397 0.394330203533173 0.284556746482849 0.200413256883621 0.219491600990295 0.366267174482346 0.518043339252472 0.461351692676544
-3.4e+38 -3.4e+38 -3.4e+38 0.267925500869751 0.369492948055267 0.484990119934082 0.643178939819336 0.74736613035202 0.785522997379303 0.791929543018341 0.810240864753723 0.583111584186554 0.166592538356781 0.212313860654831 0.565475463867188 0.746636033058167 0.721186757087708 0.524501383304596 0.289898484945297 0.17080782353878 0.216349601745605 0.515095710754395 0.68751448392868 0.708680272102356 0.28314197063446 0.284010142087936 0.719367861747742 0.528449237346649 0.589533269405365 0.58250093460083 0.687841594219208 0.465703338384628 0.573783934116364 0.376297354698181 0.378132849931717 0.328691363334656 0.490253657102585 0.315153002738953 0.181086808443069 0.355524629354477 0.210997059941292 0.181630954146385 0.429631978273392
-3.4e+38 -3.4e+38 -3.4e+38 -3.4e+38 0.276326388120651 0.396029084920883 0.572795808315277 0.725206673145294 0.802883505821228 0.829659283161163 0.827024161815643 0.452505171298981 0.429769903421402 0.805990993976593 0.76093327999115 0.713600516319275 0.706838428974152 0.645527482032776 0.188183918595314 0.528180360794067 0.698772013187408 0.632584095001221 0.683761179447174 0.704066455364227 0.509355127811432 0.660679399967194 0.619580328464508 0.298674374818802 0.408837288618088 0.370881080627441 0.399853318929672 0.588369488716125 0.677901983261108 0.421220898628235 0.365031093358994 0.294312745332718 0.211370438337326 0.136727213859558 0.11701425164938 0.179730147123337 0.553525865077972 0.133829578757286 0.27195730805397
