data/climate_estimation/maxent_output/Ypsilandra_yunnanensis.asc
NCOLS 252 
NROWS 118 
XLLCORNER 83.4166666666667 
YLLCORNER 26.9166666666667 
CELLSIZE 0.0833333333333333 
NODATA_value -3.4e+38 
[rows 0 to 19 of 118, columns 0 to 43 of 252]
0.150369778275490 0.141808658838272 0.127571165561676 0.0125120347365737 0.00933236442506313 0.00605289172381163 0.00514787714928389 0.00346768018789589 0.00231649843044579 0.0275561716407537 0.000395394250517711 8.39754357002676e-05 0.000859762309119105 0.000152750450070016 1.76149078470189e-05 6.09405396971852e-05 0.000232026737648994 0.0128049608319998 0.0199978183954954 0.0179935973137617 0.00088852271437645 0.000649595283903182 0.00040753313805908 0.000704358331859112 0.000340295227942988 0.000263468391494825 0.000307891779812053 0.000390227854950354 0.000423641235101968 0.000532129546627402 0.000714720983523875 0.000667356012854725 0.000486672419356182 0.000449470506282523 0.00018492853268981 0.000183782889507711 0.000204790034331381 0.000764732714742422 0.000954558840021491 0.00103635981213301 0.000286341120954603 0.000288221694063395 0.000462207390228286 0.000904105778317899
0.00694891158491373 0.00410302728414536 0.118286401033401 0.10118143260479 0.00388449127785861 0.00275352131575346 0.0363457538187504 0.0219232216477394 0.0239911731332541 0.0321807116270065 0.0213507413864136 0.000553790072444826 0.0203088074922562 0.0231992602348328 0.0248811971396208 0.0285972561687231 0.0285972561687231 0.0191371701657772 0.00129033380653709 0.0161938294768333 0.000708710053004324 0.000824717397335917 0.000606626446824521 0.000481929717352614 0.000441631418652833 0.000403943355195224 0.000518251385074109 0.00064759940141812 0.000753636530134827 0.000812303216662258 0.000804894312750548 0.000904659682419151 0.000845169008243829 0.000731956504750997 0.000573573575820774 0.000574681966099888 0.000828116375487298 0.00089840404689312 0.000304194312775508 0.000413453060900792 0.000443082011770457 0.000428565341280773 0.000338248006301001 0.000286510330624878
0.00186751189175993 0.0725652053952217 0.00251326337456703 0.0459398701786995 0.0239676125347614 0.000960523495450616 0.0184537898749113 0.000561046530492604 0.000295647216262296 0.0016876783920452 0.00157382048200816 0.0189055725932121 0.0196435786783695 0.0207952298223972 0.00133722298778594 0.00164581660646945 0.00199966505169868 0.00123061600606889 0.00078194891102612 0.00102942786179483 0.00148452061694115 0.00137404957786202 0.000775782507844269 0.000605163746513426 0.000702693127095699 0.000558038474991918 0.000649345165584236 0.000754690612666309 0.000757858157157898 0.000788936915341765 0.000737989030312747 0.000794775609392673 0.000848320603836328 0.000855247548315674 0.000991833978332579 0.00099046528339386 0.000456395064247772 0.000239088520174846 0.000266024493612349 0.000488929625134915 0.000336527969921008 0.000223811701289378 0.000287286267848685 0.0002889197494369
0.0385740399360657 0.00151645578444004 0.00124366022646427 0.0013298443518579 0.00199543312191963 0.000356908538378775 0.000565411930438131 0.000275739905191585 0.00017916459182743 0.000707888742908835 0.00044128330773674 0.000754486711230129 0.00101121584884822 0.000941981270443648 0.000593527278397232 0.000593527278397232 0.0006190508720465 0.000917538651265204 0.000914556672796607 0.0011316625168547 0.00139515392947942 0.0011878504883498 0.00139661342836916 0.00120440032333136 0.000960227393079549 0.000770465936511755 0.00076450826600194 0.000643907173071057 0.000338145473506302 0.000263592897681519 0.000264830305241048 0.000335757300490513 0.000337708392180502 0.000362220860552043 0.000455893954494968 0.000457815505797043 0.000357569253537804 0.000309931056108326 0.000360602309228852 0.000397831085138023 0.000289227609755471 0.000146700927871279 0.00012400615378283 0.000147506842040457
0.000401114288251847 0.000334841082803905 0.000172463900526054 0.000424975849455222 0.000586823851335794 0.00053314195247367 0.000329316593706608 0.000279750238405541 0.000212708342587575 0.000447192433057353 0.000315370358293876 0.000482579518575221 0.000552111829165369 0.000643306004349142 0.00085911707719788 0.00107946433126926 0.0010697083780542 0.00100480136461556 0.000931770773604512 0.00106457981746644 0.000788740464486182 0.000846299051772803 0.000769980833865702 0.000964228820521384 0.00089080719044432 0.00906671304255724 0.000370922614820302 0.000264565867837518 0.000207281787879765 0.000206096228794195 0.000206409618840553 0.000223605267819948 0.000224278555833735 0.000219121444388293 0.000285478949081153 0.000283604953438044 0.000248103169724345 0.000208609810215421 0.00022625808196608 0.000175099339685403 0.000159432151122019 0.000174533532117493 0.000175565801328048 0.000138005460030399
0.000227617099881172 0.000248948606895283 0.000241263682255521 0.00031660619424656 0.000330441893311217 0.000356090487912297 0.000461706542409956 0.000539363885764033 0.000487871904624626 0.000490836566314101 0.00052950595272705 0.000619285099674016 0.000602589338086545 0.000650066940579563 0.000868883624207228 0.000808099051937461 0.000855398888234049 0.000685596838593483 0.00931911170482635 0.0100495237857103 0.000262796267634258 0.000250536133535206 0.000210304569918662 0.00032088955049403 0.000321866624290124 0.000178353482624516 0.000228014105232432 0.000245152361458167 0.000226462929276749 0.000157970745931379 0.000159313174663112 0.000207144417800009 0.00026624120073393 0.000239479515585117 0.000190749444300309 0.000249586417339742 0.000209174482733943 0.000161193573148921 0.000115081296826247 0.00010445781663293 0.000103917132946663 0.000104249469586648 0.000114792106614914 0.00011506631562952
0.000404556281864643 0.000432860106229782 0.000399337062845007 0.000404398888349533 0.000335541641106829 0.000286886614048854 0.000284781155642122 0.000363041792297736 0.000392942369217053 0.000304082175716758 0.00035293068503961 0.000478027301141992 0.000518901681061834 0.000612686155363917 0.00951085425913334 0.00965846609324217 0.000292732554953545 0.000207872682949528 0.000223592141992413 0.000293518300168216 0.000309145427308977 0.000229264129302464 0.00018100900342688 0.000164350363775156 0.000180000162799843 0.000149702609633096 0.00019375208648853 0.000228550619794987 0.000193430401850492 0.000187105819350109 0.000222855800529942 0.000242204929236323 0.000241178277065046 0.000265216833213344 0.000193432977539487 0.000149753293953836 0.000150639491039328 0.000136618240503594 0.000136039219796658 0.000175235196365975 0.000208268756978214 0.000172272426425479 0.000266953458776698 0.000287903327262029
0.000229983008466661 0.000211268037674017 0.000212262879358605 0.000231092097237706 0.000290238647721708 0.000222648101043887 0.000125551494420506 0.000285921123577282 0.00643420079723001 0.00678838277235627 0.0063302586786449 0.00714689632877707 0.00759896030649543 0.00951231271028519 0.0103307031095028 0.00913248583674431 0.000318830541800708 0.000245423085289076 0.000292775832349434 0.000345626642229035 0.000266389804892242 0.000242374822846614 0.000294077763101086 0.000230923789786175 0.000251166522502899 0.000252436351729557 0.000248797587119043 0.000229927900363691 0.000271299359155819 0.000346202083164826 0.000342966988682747 0.000310293689835817 0.000336775090545416 0.000286920287180692 0.000320906430715695 0.000228481745580211 0.000269949669018388 0.000227176482439972 0.000105728810012806 0.000226282834773883 0.00031455303542316 0.000267809809884056 0.000370114925317466 0.000502904178574681
0.000118007628771011 0.000179451162694022 0.000251824938459322 0.000274426187388599 0.000151935630128719 0.000136985778226517 0.000137408336740918 0.000175538545590825 0.00022505086963065 0.00773664331063628 0.000199338377569802 0.000197616667719558 0.000251206540269777 0.000293960038106889 0.000294451921945438 0.000346603512298316 0.000296381913358346 0.000249291100772098 0.000247133168159053 0.000249726872425526 0.000271504861302674 0.000340881728334352 0.000396227696910501 0.000361518817953765 0.000409620784921572 0.000348494970239699 0.000410696433391422 0.000347368186339736 0.000372507231077179 0.000437005335697904 0.000510647718328983 0.000549865420907736 0.000550162338186055 0.000499371555633843 0.000497015309520066 0.000537758634891361 0.000541888584848493 0.000562282803002745 0.000402722973376513 0.000474452623166144 0.000596884929109365 0.000598646991420537 0.000651829643175006 0.000750656123273075
0.000108979787910357 0.000139753057737835 0.00633855536580086 0.000165333563927561 0.000151169660966843 0.000143639816087671 0.000163510660058819 0.000193196159671061 0.000220069487113506 0.000259600317804143 0.000280655920505524 0.000330679031321779 0.000252398400334641 0.000235941770370118 0.000229722281801514 0.000275566009804606 0.000252290512435138 0.000273274228675291 0.000296474783681333 0.000318270031129941 0.000290356780169532 0.000373715069144964 0.000394415255868807 0.000428065424785018 0.000480739923659712 0.000444975827122107 0.000443113269284368 0.000411046377848834 0.000480347778648138 0.000555200211238116 0.000514550949446857 0.000504411407746375 0.00054876774083823 0.000582665030378848 0.000627111527137458 0.000681691395584494 0.000681139936205 0.000646291126031429 0.000652038608677685 0.00102570559829473 0.00118662370368838 0.00108291325159371 0.00108872994314879 0.0010957217309624
0.00643845787271857 0.00816438160836697 0.00866175163537264 0.00818951148539782 0.000252247846219689 0.000250686716753989 0.000249318894930184 0.00023054973280523 0.000270692078629509 0.000316867080982774 0.0003883350873366 0.000328756868839264 0.000201585979084484 0.000233493745326996 0.000252220896072686 0.00029666704358533 0.000322492676787078 0.000352931732777506 0.000377705437131226 0.000440356117906049 0.000396830087993294 0.000432856730185449 0.000500199384987354 0.000463981326902285 0.000451834814157337 0.00032584264408797 0.000255076913163066 0.000230019213631749 0.000343866791808978 0.000404388032620773 0.000349363835994154 0.000440657400758937 0.000471702456707135 0.00050516304327175 0.000590635696426034 0.000737373484298587 0.000710068154148757 0.000651689479127526 0.000603510823566467 0.00102216505911201 0.00100951816421002 0.00109718728344887 0.00118304719217122 0.00116027297917753
0.0114417150616646 0.0117966076359153 0.010426084510982 0.00980573613196611 0.000329620728734881 0.000381392543204129 0.0107556162402034 0.0133059937506914 0.0141335697844625 0.0126778446137905 0.000511775142513216 0.00043240434024483 0.000454066030215472 0.00042116767144762 0.000456710229627788 0.000495559477712959 0.000480781251098961 0.000412091554608196 0.000482889183331281 0.000484079122543335 0.000405352941015735 0.000386805535526946 0.000470933067845181 0.000513474689796567 0.000385291001293808 0.000111526853288524 9.26831708056852e-05 0.000112715097202454 0.00017994231893681 0.000247863063123077 0.000341480947099626 0.000400639575673267 0.000469153223093599 0.000646468193735927 0.000566814909689128 0.000612979405559599 0.000766787037719041 0.000655667099636048 0.000703432073350996 0.000705870275851339 0.000705242855474353 0.000595567864365876 0.000550212804228067 0.000593485252466053
0.0132332947105169 0.0125515228137374 0.013120710849762 0.0123303802683949 0.0123714860528708 0.0145525643602014 0.017183231189847 0.0175628829747438 0.0167087372392416 0.000641462160274386 0.00064538256265223 0.000693456677254289 0.000576612539589405 0.000500011607073247 0.000453290733275935 0.000489939411636442 0.000611429335549474 0.000709798652678728 0.000657690747175366 0.000516051019076258 0.000410975480917841 0.000440947245806456 0.000552034412976354 0.000486609700601548 0.000282834866084158 8.54712270665914e-05 3.04118439089507e-05 0.000120626486022957 0.000239885019254871 0.000336713012075052 0.000458301714388654 0.000495010346639901 0.000538275635335594 0.000566270435228944 0.00062344764592126 0.000659812765661627 0.000711675267666578 0.000767529418226331 0.000961326062679291 0.00103645096533 0.000887906178832054 0.000758621550630778 0.000753149739466608 0.000875068129971623
0.012727246619761 0.0141215724870563 0.0148773649707437 0.0155702047049999 0.0163919534534216 0.0170356091111898 0.0160268358886242 0.000775852997321635 0.00070061645237729 0.000606851011980325 0.000684181577526033 0.00080664741108194 0.000814298342447728 0.000842659617774189 0.000848039926495403 0.000533485610503703 0.000624015170615166 0.000668313587084413 0.00060444395057857 0.000657891854643822 0.000716993235982955 0.000756301393266767 0.000737159280106425 0.000539854692760855 0.000258740765275434 7.82766655902378e-05 7.18287046765909e-05 0.000144332923809998 0.000261983921518549 0.000390602886909619 0.000481937837321311 0.000538416730705649 0.000576848688069731 0.000621742103248835 0.000719616713467985 0.00072191481012851 0.000663968152366579 0.000717370014172047 0.000755615124944597 0.000880220206454396 0.000947717460803688 0.00095274078194052 0.00101908436045051 0.00103747565299273
0.0165173802524805 0.017533902078867 0.0175533089786768 0.0194373317062855 0.0204889569431543 0.0200847256928682 0.000842106703203171 0.000838275474961847 0.000882193504367024 0.000715943227987736 0.000947939581237733 0.00110251421574503 0.000861852546222508 0.000802482361905277 0.000861930777318776 0.000727236678358167 0.000616687000729144 0.000493241299409419 0.000619409081991762 0.000963033817242831 0.00110889039933681 0.0010232871863991 0.000863033288624138 0.000637027318589389 0.000460468843812123 0.000305593712255359 0.000242593829170801 0.000225128853344359 0.00036347852437757 0.000459529284853488 0.000538153806701303 0.000497810600791126 0.000388557178666815 0.000417064293287694 0.000530121091287583 0.000492400664370507 0.000413759931689128 0.000522419868502766 0.000520773115567863 0.00060105905868113 0.000701309181749821 0.000776835426222533 0.00065785029437393 0.000710219377651811
0.0196091514080763 0.0217238739132881 0.0215162001550198 0.0228858757764101 0.00122479523997754 0.00098177685867995 0.000777172506786883 0.000720310141332448 0.000899290374945849 0.00104245322290808 0.000868547649588436 0.00100462918635458 0.00109185662586242 0.00115992815699428 0.00133734871633351 0.00134745996911079 0.00121701718308032 0.00122099474538118 0.00131883157882839 0.00119409582111984 0.00104396406095475 0.000964119855780154 0.000932342605665326 0.000726360594853759 0.000625940854661167 0.000533869839273393 0.000529131852090359 0.000576081220060587 0.000533253944013268 0.000605591631028801 0.000588339869864285 0.000583381275646389 0.000493044208269566 0.00052817101823166 0.000617222394794226 0.000782270566560328 0.000844280002638698 0.000769556383602321 0.000712383363861591 0.000609487702604383 0.000664139282889664 0.000953311915509403 0.0012176128802821 0.00140799197833985
0.000945527863223106 0.000857414212077856 0.000746055622585118 0.000735325971618295 0.000728465674910694 0.000572009535972029 0.000622690829914063 0.000722724536899477 0.000840494059957564 0.000884638342540711 0.00102449429687113 0.00145149882882833 0.00167959311511368 0.00157089531421661 0.00167250481899828 0.00114542583469301 0.000847565126605332 0.000976723968051374 0.00105651002377272 0.000873752636834979 0.000637179124169052 0.000682339537888765 0.000737929192837328 0.000741344410926104 0.000737027730792761 0.00072522193659097 0.000839882181026042 0.000964397331699729 0.000897346006240696 0.000968027510680258 0.000885006389580667 0.00107635406311601 0.00115533906500787 0.0012294149491936 0.00153403356671333 0.00150711473543197 0.00139159813988954 0.00130930077284575 0.00103209028020501 0.000726458383724093 0.000910322356503457 0.0013197724474594 0.000979448202997446 0.000978440861217678
0.000880177482031286 0.000647449167445302 0.000651901122182608 0.000934721319936216 0.00093308964278549 0.00100052903871983 0.000930327107198536 0.000966160965617746 0.00112678064033389 0.00120911316480488 0.00147092342376709 0.00157774623949081 0.0254419110715389 0.0235551744699478 0.0225986521691084 0.0189613439142704 0.016156081110239 0.0188511293381453 0.0200121104717255 0.0177543647587299 0.0132772987708449 0.0133495200425386 0.0134453680366278 0.0131188714876771 0.0165246706455946 0.0172602664679289 0.0180959161370993 0.0161743462085724 0.0179324336349964 0.0220426470041275 0.00128819060046226 0.00137714669108391 0.00164876924827695 0.00177170592360198 0.00175386748742312 0.00140417367219925 0.00120276445522904 0.000972297566477209 0.000846655864734203 0.000680392724461854 0.000847476825583726 0.00131459883414209 0.00141350494232029 0.00150622380897403
0.000702572520822287 0.000814872502814978 0.00109203346073627 0.00108797801658511 0.0209790505468845 0.022047508507967 0.023152619600296 0.0253950245678425 0.0256407745182514 0.0243364777415991 0.0231764540076256 0.0227967482060194 0.0239025857299566 0.0229365862905979 0.0253479070961475 0.0247401297092438 0.0235110949724913 0.0211714468896389 0.0198533777147532 0.0233221966773272 0.0207133032381535 0.0204468574374914 0.0205118749290705 0.0204832702875137 0.0191979892551899 0.0163821894675493 0.0154069429263473 0.0153305176645517 0.0143799809738994 0.0168952699750662 0.0211643893271685 0.0233278032392263 0.0196704007685184 0.0230135805904865 0.0241815932095051 0.0122916661202908 0.0115049872547388 0.0113996379077435 0.0151535188779235 0.000912369228899479 0.00132389238569885 0.00188020698260516 0.00230077630840242 0.00228537619113922
0.0140734799206257 0.0174264349043369 0.0171830169856548 0.016915138810873 0.0170448757708073 0.0181144960224628 0.0190428532660007 0.0212286468595266 0.0247583296149969 0.0254095364362001 0.024261487647891 0.0253748875111341 0.024143835529685 0.0238961949944496 0.0236582960933447 0.0227175522595644 0.0189313981682062 0.0200820956379175 0.0211911015212536 0.02208311855793 0.0219349004328251 0.021970396861434 0.0205363426357508 0.0217083059251308 0.0225852224975824 0.0215072780847549 0.0172118470072746 0.0152011215686798 0.0136578697711229 0.0161096472293139 0.0188253168016672 0.0174786224961281 0.0158400423824787 0.0216763950884342 0.0252278912812471 0.0238358341157436 0.0209914483129978 0.0275432225316763 0.0302916690707207 0.00302332104183733 0.00302309356629848 0.00284334598109126 0.00241403351537883 0.00243933405727148
