data/climate_estimation/maxent_output/Ypsilandra_yunnanensis.asc
NCOLS 252 
NROWS 118 
XLLCORNER 83.4166666666667 
YLLCORNER 26.9166666666667 
CELLSIZE 0.0833333333333333 
NODATA_value -3.4e+38 
[rows 60 to 79 of 118, columns 88 to 131 of 252]
0.0526160895824432 0.0183431506156921 0.0743112117052078 0.0802221149206161 0.125388845801353 0.132724612951279 0.0597985722124577 0.0301314238458872 0.0782697126269341 0.0957260727882385 0.0710216239094734 0.0673410594463348 0.0859433487057686 0.0916520431637764 0.0812353938817978 0.0944580286741257 0.104513168334961 0.101762801408768 0.103035748004913 0.115361794829369 0.0842611640691757 0.0519036799669266 0.0601107701659203 0.0761188119649887 0.164008721709251 0.124821960926056 0.107855625450611 0.0799746736884117 0.091624803841114 0.0597671493887901 0.0391793884336948 0.033631294965744 0.0191184412688017 0.0662038028240204 0.0953493788838387 0.147869110107422 0.22199147939682 0.194951429963112 0.167190134525299 0.105903081595898 0.112069249153137 0.193580076098442 0.343756407499313 0.243573397397995
0.0790433213114738 0.0554891116917133 0.114229679107666 0.0810868442058563 0.145586609840393 0.0805699825286865 0.0289193727076054 0.0434861816465855 0.121894605457783 0.0855080485343933 0.0631700679659843 0.0738859325647354 0.113822318613529 0.0923940539360046 0.0812221467494965 0.11546902358532 0.109150938689709 0.115504533052444 0.145700350403786 0.129822954535484 0.0727327615022659 0.0550858415663242 0.0657961368560791 0.0582997687160969 0.0691637098789215 0.107148207724094 0.0683045387268066 0.0964096188545227 0.138526797294617 0.0751447081565857 0.0634320676326752 0.0335551649332047 0.0452121645212173 0.0348011068999767 0.0573889464139938 0.120710000395775 0.0820333510637283 0.152523279190063 0.225715905427933 0.15824468433857 0.111928813159466 0.120870336890221 0.323896765708923 0.276667952537537
0.125841662287712 0.106914535164833 0.154703468084335 0.15970966219902 0.122195228934288 0.0515520237386227 0.0590740889310837 0.115292482078075 0.1547921448946 0.158432051539421 0.130510970950127 0.0955837219953537 0.13397441804409 0.114183768630028 0.11295223981142 0.134573712944984 0.0962416976690292 0.0786064565181732 0.0968485921621323 0.128001049160957 0.0701581984758377 0.0907021090388298 0.0555351004004478 0.106393590569496 0.152617186307907 0.168268144130707 0.205592930316925 0.188081830739975 0.20344877243042 0.185480266809464 0.106177449226379 0.128741592168808 0.119348421692848 0.111252598464489 0.145524471998215 0.22659207880497 0.193376109004021 0.177179142832756 0.3062464594841 0.346393287181854 0.178964525461197 0.108875446021557 0.183411836624146 0.174693822860718
0.117340870201588 0.141338169574738 0.179279461503029 0.15538963675499 0.109450034797192 0.0720081329345703 0.0963123366236687 0.146687522530556 0.172644779086113 0.165538817644119 0.127659976482391 0.107763312757015 0.0621281005442142 0.124806053936481 0.13746976852417 0.146714970469475 0.13045671582222 0.118096128106117 0.143960729241371 0.17717170715332 0.173254698514938 0.0769515484571457 0.0645111873745918 0.076559416949749 0.0852714404463768 0.166559785604477 0.161370247602463 0.168708384037018 0.15119294822216 0.117894664406776 0.0518928952515125 0.0674664229154587 0.104907594621181 0.127808749675751 0.15960767865181 0.361789911985397 0.261516928672791 0.18696953356266 0.204967170953751 0.176675423979759 0.24861304461956 0.226307898759842 0.286878883838654 0.438479959964752
0.158737808465958 0.152395844459534 0.15732216835022 0.0880656838417053 0.0645312741398811 0.0697084292769432 0.122665598988533 0.153342619538307 0.174682095646858 0.135207951068878 0.118839748203754 0.15478178858757 0.0752483904361725 0.168715998530388 0.155109286308289 0.164890065789223 0.129447802901268 0.125436335802078 0.162932395935059 0.163378030061722 0.123001351952553 0.108609564602375 0.111265622079372 0.0859736651182175 0.0865234956145287 0.0992832854390144 0.0925882831215858 0.070309542119503 0.0617228448390961 0.0277241803705692 0.0302623212337494 0.0407442003488541 0.0557794868946075 0.0285357777029276 0.0500492639839649 0.0556821636855602 0.0862808972597122 0.0917821377515793 0.0924702659249306 0.118027843534946 0.125106304883957 0.121450670063496 0.171412363648415 0.147647619247437
0.128749683499336 0.10089598596096 0.0959993824362755 0.108389146625996 0.112844564020634 0.116055056452751 0.18551142513752 0.185463801026344 0.203051760792732 0.182464823126793 0.162714943289757 0.186894029378891 0.172219693660736 0.0612870529294014 0.119283266365528 0.152577385306358 0.165308684110641 0.181315064430237 0.219624683260918 0.171738624572754 0.0947292298078537 0.064844474196434 0.11691277474165 0.0884254202246666 0.0571615360677242 0.0811701118946075 0.0586529560387135 0.0527039580047131 0.0454300977289677 0.0384954437613487 0.0331005863845348 0.0379239693284035 0.026333324611187 0.0223730001598597 0.0268614739179611 0.0537316203117371 0.124450236558914 0.145170986652374 0.134165301918983 0.193427056074142 0.123543411493301 0.213653415441513 0.273010164499283 0.394275307655334
0.0599005743861198 0.0950063318014145 0.0764019638299942 0.101693421602249 0.153817683458328 0.146602883934975 0.132368609309196 0.126495108008385 0.180984184145927 0.17849089205265 0.154116421937943 0.189987748861313 0.16402168571949 0.130780965089798 0.130419820547104 0.116895653307438 0.166787162423134 0.163072913885117 0.147263377904892 0.125846862792969 0.081889383494854 0.0689308792352676 0.133853599429131 0.0792557522654533 0.0690577030181885 0.076116144657135 0.0730173215270042 0.0716222524642944 0.0814006328582764 0.0462361201643944 0.0356135070323944 0.0286904275417328 0.0332117974758148 0.0394064374268055 0.0581171326339245 0.0663275867700577 0.102902077138424 0.171143129467964 0.262577086687088 0.244706138968468 0.217132672667503 0.35169118642807 0.336222290992737 0.344226151704788
0.0731747597455978 0.116540618240833 0.0762079805135727 0.0825262740254402 0.128306984901428 0.154316276311874 0.153560265898705 0.086316779255867 0.0710073858499527 0.104295440018177 0.152388244867325 0.134391576051712 0.125799149274826 0.133540108799934 0.119967117905617 0.118719220161438 0.109727881848812 0.102165475487709 0.125320166349411 0.0704432055354118 0.0704432055354118 0.0914972648024559 0.0704239383339882 0.0711217671632767 0.0816906318068504 0.109375484287739 0.0596292056143284 0.0579623021185398 0.0799853876233101 0.0469960533082485 0.0404584854841232 0.0309080015867949 0.0512253418564796 0.0511242859065533 0.0586118586361408 0.0415233075618744 0.0674936473369598 0.156193047761917 0.169972255825996 0.101879499852657 0.15498973429203 0.120431773364544 0.275891035795212 0.104456886649132
0.136717677116394 0.121875584125519 0.117797523736954 0.107880249619484 0.0872286409139633 0.129720225930214 0.120896100997925 0.1063626781106 0.0579237900674343 0.0349152833223343 0.11342791467905 0.131808161735535 0.0930418595671654 0.0956040397286415 0.0624919719994068 0.107923485338688 0.0989863649010658 0.147535666823387 0.11157038807869 0.0656222701072693 0.0658010542392731 0.0526204705238342 0.0599737837910652 0.0603928826749325 0.0947057157754898 0.147163778543472 0.116073466837406 0.0439249761402607 0.06538937240839 0.031728059053421 0.03752201795578 0.0458323210477829 0.0506705455482006 0.0732736140489578 0.0828735083341599 0.0762501955032349 0.0825818553566933 0.080151729285717 0.0664657726883888 0.0634874328970909 0.0718252435326576 0.153131321072578 0.131212040781975 0.0952764376997948
0.102673694491386 0.10161966830492 0.143061578273773 0.105355381965637 0.0679085031151772 0.109637796878815 0.0918541848659515 0.084240049123764 0.0357277803122997 0.0341311618685722 0.130759418010712 0.0830263644456863 0.0389034189283848 0.114148981869221 0.0693691596388817 0.0625363737344742 0.0688015818595886 0.0943049341440201 0.0627819076180458 0.0442452877759933 0.0566801130771637 0.0655245408415794 0.065037913620472 0.0655271112918854 0.0731472373008728 0.118493467569351 0.0891238525509834 0.068039707839489 0.0641839429736137 0.0517868101596832 0.0499029718339443 0.0598205886781216 0.0732641220092773 0.0577107146382332 0.0629130154848099 0.04891312494874 0.0520840063691139 0.0532785393297672 0.0983890220522881 0.0901871547102928 0.162515997886658 0.183427065610886 0.0579573772847652 0.0613539628684521
0.179521352052689 0.187625452876091 0.185287773609161 0.166921019554138 0.110960520803928 0.125130265951157 0.0749309659004211 0.0470802821218967 0.0140156010165811 0.0308849681168795 0.164516478776932 0.088375985622406 0.0417997576296329 0.0588925257325172 0.0435274876654148 0.0373759083449841 0.0557348281145096 0.0583542510867119 0.0507295168936253 0.0609938390552998 0.0672677755355835 0.0756125301122665 0.0367347188293934 0.0713415890932083 0.0487490147352219 0.0874820202589035 0.0696625858545303 0.068683885037899 0.0819263011217117 0.0847360044717789 0.0897754207253456 0.116013199090958 0.116307348012924 0.0680364593863487 0.047934528440237 0.0602809637784958 0.0361979156732559 0.0452267825603485 0.0446612052619457 0.0604865550994873 0.0716229379177094 0.0758661031723022 0.0646796897053719 0.0749843865633011
0.202078849077225 0.193771064281464 0.202871456742287 0.193202406167984 0.168231591582298 0.130773887038231 0.0948546826839447 0.0371597930788994 0.0255365241318941 0.107502289116383 0.13934887945652 0.051936361938715 0.0361820794641972 0.0425766035914421 0.0494771935045719 0.0723620876669884 0.0860906019806862 0.0782971307635307 0.0980650782585144 0.102896295487881 0.13593564927578 0.0845204964280128 0.0582793392241001 0.0534036718308926 0.0524679347872734 0.0474469885230064 0.0813227593898773 0.0960148870944977 0.0788283124566078 0.115770436823368 0.122053876519203 0.186500862240791 0.12220574170351 0.055234506726265 0.0659941807389259 0.0444280914962292 0.0876932442188263 0.0937624052166939 0.113782539963722 0.0836230739951134 0.125229865312576 0.146401330828667 0.162812560796738 0.110570020973682
0.242439329624176 0.226550728082657 0.184930309653282 0.118865348398685 0.0964817181229591 0.105219922959805 0.0708976984024048 0.0743605941534042 0.0463588386774063 0.257944077253342 0.121621109545231 0.0558502972126007 0.0581188499927521 0.0507103390991688 0.0613885559141636 0.0478252395987511 0.08822301030159 0.112782925367355 0.119431294500828 0.173954382538795 0.166804060339928 0.150749057531357 0.0661047473549843 0.0763109624385834 0.0789591446518898 0.0693506672978401 0.0625675842165947 0.0708630830049515 0.127112865447998 0.112202808260918 0.0897983461618423 0.12438577413559 0.0896404832601547 0.0554811805486679 0.0616962313652039 0.0743282660841942 0.0677216872572899 0.179109379649162 0.2049610465765 0.153972461819649 0.135688349604607 0.258565098047256 0.403211712837219 0.378217995166779
0.170376747846603 0.0979262813925743 0.0535332560539246 0.055707111954689 0.0949850231409073 0.186000928282738 0.227051258087158 0.157119482755661 0.133939445018768 0.15850767493248 0.253620445728302 0.124036610126495 0.11889161169529 0.145117610692978 0.120206594467163 0.093072809278965 0.0892715156078339 0.135754525661469 0.227943658828735 0.147528663277626 0.153073519468307 0.147280782461166 0.101659081876278 0.102537378668785 0.0780427828431129 0.0618942268192768 0.059400100260973 0.0584084838628769 0.10346046090126 0.117384701967239 0.103958077728748 0.138693377375603 0.180360481142998 0.200917646288872 0.222833871841431 0.211201637983322 0.182811871170998 0.0621123984456062 0.0787111967802048 0.112279728055 0.256699979305267 0.293590724468231 0.128678545355797 0.056835126131773
0.0432131215929985 0.0431312508881092 0.0478901490569115 0.170457884669304 0.474523514509201 0.376826465129852 0.342095255851746 0.429826349020004 0.266561597585678 0.182373940944672 0.146699950098991 0.221638455986977 0.249713361263275 0.116801396012306 0.063770979642868 0.0669855326414108 0.0738086104393005 0.0772382095456123 0.113569661974907 0.0921550765633583 0.145286992192268 0.129293337464333 0.105085082352161 0.0961735621094704 0.0516860857605934 0.0613985955715179 0.0733718574047089 0.0469087436795235 0.092078372836113 0.0799232721328735 0.100293219089508 0.0935813784599304 0.0613556057214737 0.110385440289974 0.102254636585712 0.0579317770898342 0.115869760513306 0.352930039167404 0.254183202981949 0.166277185082436 0.619791090488434 0.120600312948227 0.270809322595596 0.164146676659584
0.0776851549744606 0.243234127759933 0.279645413160324 0.474951535463333 0.382206112146378 0.300035685300827 0.237943589687347 0.237943589687347 0.148986175656319 0.104518361389637 0.0920719131827354 0.161369889974594 0.26078400015831 0.204892799258232 0.151256233453751 0.174717351794243 0.157638534903526 0.194865316152573 0.157327845692635 0.176660746335983 0.184450581669807 0.14737993478775 0.147982969880104 0.102946124970913 0.0556035339832306 0.0788914188742638 0.0938503071665764 0.0720920041203499 0.0719956681132317 0.0855814963579178 0.0822598487138748 0.0770620778203011 0.0701678171753883 0.0654808580875397 0.0415289774537086 0.119545474648476 0.304467916488647 0.413894176483154 0.575031042098999 0.669379234313965 0.760405778884888 0.512197256088257 0.566123843193054 0.46244215965271
0.372398257255554 0.573760986328125 0.509705483913422 0.346321702003479 0.290793985128403 0.151780501008034 0.133969530463219 0.167377606034279 0.178990766406059 0.207795575261116 0.200906008481979 0.328089594841003 0.215555995702744 0.140336126089096 0.116640657186508 0.126671880483627 0.122070923447609 0.0912602245807648 0.104300796985626 0.139201149344444 0.105655215680599 0.118749357759953 0.0970017239451408 0.114339858293533 0.10077091306448 0.0762828513979912 0.151197999715805 0.124073103070259 0.069927878677845 0.0925754457712173 0.130325958132744 0.157402157783508 0.0674844682216644 0.126342758536339 0.206295400857925 0.324527204036713 0.0974396839737892 0.205920711159706 0.179309725761414 0.0660414472222328 0.697307467460632 0.777544319629669 0.772624373435974 0.801703572273254
0.486703008413315 0.309009611606598 0.192654669284821 0.25530669093132 0.42903533577919 0.349031388759613 0.401389330625534 0.386301159858704 0.493643939495087 0.349135339260101 0.29742020368576 0.146698102355003 0.149068355560303 0.100059285759926 0.0887672230601311 0.139962330460548 0.134459257125854 0.0928799659013748 0.0900612473487854 0.0895674377679825 0.112078949809074 0.116152472794056 0.115937620401382 0.107632525265217 0.160159736871719 0.0789317563176155 0.173583984375 0.333004832267761 0.121691361069679 0.16840948164463 0.108363315463066 0.332088351249695 0.168209254741669 0.0359039530158043 0.0371931977570057 0.0622346512973309 0.134931713342667 0.182252362370491 0.139183163642883 0.165452629327774 0.144162699580193 0.23429237306118 0.556484043598175 0.242117077112198
0.169550627470016 0.119829304516315 0.11929415166378 0.166500970721245 0.219673350453377 0.297065377235413 0.492823630571365 0.455142438411713 0.155363321304321 0.149929001927376 0.154386952519417 0.174810469150543 0.21944260597229 0.22886349260807 0.130284905433655 0.102378353476524 0.132474347949028 0.127374425530434 0.171913430094719 0.143779411911964 0.113525412976742 0.150461077690125 0.119130544364452 0.176166415214539 0.196061596274376 0.146531820297241 0.0892422422766685 0.188670858740807 0.435230165719986 0.249110609292984 0.174023613333702 0.275964349508286 0.0754674524068832 0.216345220804214 0.377925395965576 0.173995137214661 0.231733828783035 0.486756920814514 0.566464900970459 0.305610358715057 0.213943272829056 0.207191780209541 0.521714150905609 0.561107039451599
0.0931673124432564 0.13608805835247 0.20344652235508 0.154299393296242 0.187069535255432 0.310523808002472 0.231027722358704 0.455170661211014 0.531517863273621 0.518020749092102 0.254377543926239 0.282068729400635 0.507106423377991 0.252182602882385 0.158211186528206 0.209517896175385 0.143465653061867 0.205317258834839 0.258767336606979 0.180908739566803 0.152855530381203 0.14241749048233 0.191040724515915 0.153688013553619 0.227629423141479 0.330563515424728 0.126461818814278 0.162091359496117 0.469855785369873 0.117944650352001 0.182482644915581 0.499688148498535 0.324215978384018 0.309669882059097 0.502974927425385 0.286781281232834 0.327904731035233 0.31489485502243 0.400149017572403 0.51514607667923 0.357349872589111 0.261006206274033 0.432684719562531 0.576696038246155
