data/climate_estimation/maxent_output/Ypsilandra_thibetica.asc
NCOLS 134 
NROWS 116 
XLLCORNER 102.25 
YLLCORNER 24.5833333333333 
CELLSIZE 0.0833333333333334 
NODATA_value -3.4e+38 
[rows 40 to 59 of 116, columns 88 to 131 of 134]
0.837114930152893 0.904784858226776 0.891897439956665 0.881022095680237 0.787220239639282 0.891778111457825 0.877686858177185 0.840699076652527 0.806430876255035 0.75515204668045 0.72486799955368 0.664792954921722 0.646501362323761 0.746870636940002 0.693828403949738 0.62845778465271 0.559070885181427 0.572048306465149 0.624614477157593 0.686668336391449 0.674802660942078 0.620024442672729 0.638928115367889 0.643171012401581 0.547715365886688 0.423552572727203 0.401428729295731 0.345474988222122 0.31783339381218 0.306524842977524 0.288553893566132 0.272413611412048 0.248956426978111 0.224074423313141 0.211131408810616 0.195887669920921 0.186712473630905 0.181953474879265 0.174006655812263 0.165822088718414 0.188049167394638 0.164012551307678 0.166722282767296 0.160769611597061
0.956529200077057 0.95125287771225 0.870871007442474 0.899586260318756 0.933194398880005 0.931017518043518 0.913749396800995 0.91254848241806 0.872870028018951 0.790792107582092 0.816367149353027 0.803532958030701 0.771093726158142 0.801333904266357 0.680979013442993 0.78719836473465 0.610381901264191 0.648528754711151 0.679984748363495 0.676197946071625 0.65262633562088 0.617820084095001 0.59816175699234 0.571630656719208 0.542689740657806 0.451633602380753 0.394653469324112 0.345882713794708 0.316165596246719 0.301909446716309 0.272305637598038 0.251563340425491 0.237360551953316 0.222149312496185 0.207433268427849 0.193061396479607 0.178417310118675 0.160370677709579 0.154433310031891 0.154654487967491 0.151287242770195 0.147531315684319 0.14147861301899 0.140960231423378
0.958407342433929 0.931099414825439 0.82699453830719 0.927244365215302 0.900018334388733 0.862341165542603 0.852510750293732 0.8869988322258 0.892352163791656 0.837105751037598 0.890874147415161 0.885717272758484 0.856384813785553 0.79900199174881 0.755518853664398 0.77940160036087 0.74121755361557 0.683363556861877 0.663712978363037 0.636323869228363 0.632635116577148 0.651599586009979 0.57420140504837 0.544764697551727 0.496623665094376 0.461519569158554 0.420180141925812 0.349836617708206 0.302733361721039 0.288545399904251 0.2557652592659 0.235939592123032 0.223292961716652 0.215025708079338 0.195572897791862 0.172197595238686 0.166190385818481 0.150011256337166 0.141544982790947 0.138223499059677 0.141392111778259 0.13677217066288 0.135880753397942 0.131124660372734
0.922583878040314 0.850812911987305 0.825696229934692 0.880495011806488 0.853861212730408 0.831481099128723 0.840998828411102 0.871145904064178 0.877132415771484 0.815910041332245 0.788009703159332 0.805007994174957 0.846504211425781 0.880743026733398 0.831754505634308 0.766965568065643 0.711097300052643 0.669234752655029 0.667345285415649 0.674824476242065 0.662439942359924 0.595491766929626 0.584546744823456 0.546123921871185 0.481921583414078 0.438467711210251 0.402635276317596 0.329407811164856 0.290444791316986 0.277878940105438 0.250416845083237 0.223930671811104 0.204913645982742 0.188526347279549 0.174873933196068 0.159062296152115 0.150501236319542 0.145896628499031 0.129364684224129 0.126346439123154 0.123508639633656 0.118409290909767 0.112710542976856 0.112973839044571
0.897673010826111 0.866137683391571 0.853126525878906 0.888343274593353 0.922380208969116 0.902154147624969 0.843854963779449 0.884200513362885 0.88367486000061 0.88605934381485 0.742275178432465 0.847932100296021 0.884463369846344 0.89462411403656 0.866800129413605 0.829988598823547 0.77385425567627 0.682483315467834 0.65627646446228 0.678458452224731 0.64881044626236 0.58282071352005 0.566005706787109 0.505333662033081 0.458227634429932 0.419918954372406 0.358167946338654 0.32709613442421 0.285547524690628 0.253868132829666 0.226047858595848 0.208708435297012 0.188536047935486 0.179920852184296 0.152667343616486 0.13853445649147 0.130750238895416 0.128227323293686 0.118618436157703 0.109859235584736 0.108578935265541 0.107921175658703 0.111564099788666 0.127857655286789
0.906548976898193 0.890775859355927 0.910260558128357 0.944394826889038 0.942695379257202 0.912179172039032 0.862154185771942 0.895490527153015 0.848065495491028 0.73856258392334 0.773068249225616 0.814110994338989 0.786695063114166 0.814133942127228 0.867283642292023 0.723488390445709 0.70453679561615 0.704403758049011 0.630872011184692 0.636550664901733 0.587268531322479 0.549870610237122 0.506602346897125 0.483987778425217 0.420019954442978 0.377383321523666 0.338572591543198 0.306674629449844 0.262325137853622 0.237240135669708 0.209224224090576 0.184243991971016 0.165566250681877 0.159891709685326 0.138824224472046 0.135424107313156 0.128937423229218 0.114656426012516 0.109983712434769 0.109690800309181 0.110764570534229 0.114353351294994 0.128103077411652 0.137566179037094
0.930850028991699 0.905328392982483 0.942995607852936 0.937292695045471 0.895985841751099 0.861369550228119 0.856147706508636 0.838228166103363 0.885781347751617 0.864615023136139 0.879163384437561 0.8373664021492 0.833372890949249 0.802508115768433 0.710662126541138 0.774722158908844 0.684936702251434 0.697551786899567 0.677668631076813 0.653068780899048 0.549176216125488 0.510073661804199 0.470341682434082 0.437784820795059 0.402986317873001 0.353831589221954 0.311778515577316 0.285402148962021 0.243303775787354 0.203286603093147 0.18226520717144 0.167455211281776 0.167853325605392 0.154507666826248 0.13859087228775 0.129670381546021 0.116340301930904 0.116158850491047 0.119130544364452 0.124355062842369 0.127464145421982 0.135661065578461 0.143488273024559 0.146100446581841
0.931514024734497 0.907439708709717 0.914454936981201 0.904741942882538 0.923753619194031 0.928224086761475 0.919201254844666 0.841586410999298 0.919591963291168 0.921718835830688 0.875408351421356 0.870085477828979 0.844277918338776 0.898422718048096 0.841558694839478 0.825520515441895 0.788547694683075 0.753318965435028 0.748631596565247 0.695993661880493 0.602355718612671 0.531561076641083 0.440551161766052 0.407507121562958 0.392194122076035 0.361774563789368 0.307551085948944 0.262670695781708 0.219172537326813 0.200506433844566 0.188013345003128 0.189777091145515 0.186658561229706 0.160120561718941 0.144046768546104 0.133347451686859 0.134769514203072 0.137669607996941 0.131094098091125 0.130298599600792 0.140930101275444 0.147499904036522 0.156115010380745 0.169986307621002
0.913697242736816 0.951037526130676 0.950706720352173 0.937322735786438 0.941034197807312 0.942140579223633 0.921375870704651 0.888004839420319 0.926875114440918 0.920371532440186 0.860480189323425 0.886320769786835 0.840073943138123 0.857243359088898 0.868950247764587 0.834463596343994 0.778420984745026 0.704888880252838 0.637453496456146 0.589443743228912 0.584953725337982 0.558078050613403 0.483215808868408 0.42286205291748 0.384705692529678 0.336938142776489 0.279367744922638 0.23562590777874 0.215910747647285 0.211826533079147 0.200974345207214 0.210289090871811 0.203109622001648 0.191118225455284 0.172946333885193 0.157275632023811 0.151446431875229 0.141217604279518 0.135938882827759 0.144554510712624 0.146863356232643 0.165990769863129 0.170919716358185 0.177328035235405
0.92188173532486 0.946370840072632 0.957414090633392 0.951664626598358 0.949955999851227 0.946167230606079 0.920354962348938 0.913629949092865 0.931257545948029 0.921938717365265 0.913701236248016 0.914016783237457 0.887298166751862 0.87014627456665 0.869424164295197 0.825238764286041 0.781496345996857 0.681322515010834 0.707874655723572 0.701925754547119 0.648254930973053 0.612632095813751 0.510401248931885 0.4193514585495 0.350380897521973 0.30592954158783 0.260275721549988 0.232390433549881 0.22929672896862 0.213254570960999 0.224646374583244 0.216977745294571 0.208930596709251 0.186744004487991 0.18542568385601 0.17545410990715 0.160190582275391 0.161366432905197 0.160379365086555 0.16179846227169 0.167578294873238 0.178984314203262 0.188740998506546 0.194753751158714
0.940771818161011 0.952748775482178 0.956362068653107 0.95219761133194 0.945406138896942 0.934688568115234 0.91521018743515 0.933613538742065 0.92949241399765 0.911905109882355 0.909291326999664 0.900796055793762 0.829577922821045 0.788841545581818 0.843662321567535 0.757690012454987 0.787375688552856 0.755543947219849 0.656470239162445 0.596151053905487 0.546694099903107 0.545077681541443 0.453016936779022 0.385937869548798 0.314105421304703 0.28897562623024 0.260675340890884 0.233673289418221 0.230466246604919 0.217721849679947 0.224243208765984 0.218930125236511 0.221571788191795 0.216127038002014 0.199002772569656 0.188584953546524 0.186517745256424 0.169433981180191 0.181623503565788 0.183340668678284 0.186516314744949 0.185588717460632 0.204340055584908 0.204037144780159
0.943985283374786 0.94746595621109 0.950554251670837 0.943835914134979 0.910577356815338 0.900089502334595 0.916169285774231 0.918841958045959 0.858059227466583 0.909406900405884 0.908626914024353 0.848839342594147 0.820521712303162 0.778666079044342 0.668841898441315 0.637601912021637 0.69386237859726 0.607499539852142 0.574732780456543 0.551484227180481 0.457395642995834 0.426387637853622 0.377733200788498 0.348036378622055 0.303213208913803 0.287588685750961 0.259823471307755 0.259304970502853 0.23280094563961 0.233675897121429 0.229041069746017 0.216011002659798 0.215480595827103 0.216382205486298 0.200312405824661 0.187307000160217 0.189895674586296 0.186527982354164 0.189328387379646 0.190038368105888 0.18486550450325 0.191132545471191 0.198743402957916 0.214103609323502
0.944299161434174 0.942854940891266 0.94628244638443 0.931467652320862 0.910174071788788 0.88521420955658 0.892875671386719 0.880867779254913 0.872133851051331 0.90292090177536 0.864260792732239 0.85590934753418 0.818075954914093 0.755023002624512 0.68122273683548 0.551492214202881 0.59994250535965 0.59004020690918 0.572830319404602 0.536679923534393 0.451552152633667 0.418874055147171 0.391069263219833 0.350410014390945 0.31878125667572 0.285399317741394 0.28658851981163 0.247685015201569 0.23901255428791 0.241167411208153 0.227718666195869 0.233187302947044 0.221100702881813 0.213627189397812 0.21163085103035 0.20899061858654 0.203174024820328 0.195694074034691 0.19842791557312 0.204667836427689 0.209074467420578 0.2079067081213 0.204836755990982 0.223392397165298
0.934794902801514 0.941434741020203 0.943661749362946 0.923191428184509 0.919998705387115 0.914392113685608 0.918071687221527 0.888904452323914 0.868227779865265 0.883338749408722 0.845562517642975 0.835747241973877 0.819831609725952 0.740647256374359 0.697689712047577 0.589108288288116 0.55938732624054 0.589282751083374 0.531073212623596 0.506719708442688 0.51488721370697 0.415820807218552 0.354822844266891 0.318395882844925 0.307263553142548 0.292442113161087 0.266534030437469 0.263028115034103 0.241732180118561 0.236330345273018 0.229630932211876 0.228599578142166 0.217949867248535 0.219682469964027 0.206640034914017 0.207293510437012 0.210765689611435 0.210174769163132 0.207864984869957 0.209999814629555 0.213385999202728 0.214561179280281 0.219578102231026 0.231069833040237
0.92502361536026 0.935583531856537 0.935215950012207 0.905602097511292 0.90071839094162 0.891540050506592 0.875675678253174 0.866504192352295 0.875997245311737 0.856498599052429 0.822710990905762 0.859952747821808 0.865009129047394 0.796105921268463 0.770087420940399 0.712225496768951 0.609494030475616 0.55636078119278 0.572955191135406 0.523529946804047 0.484504282474518 0.424870073795319 0.349890470504761 0.322862893342972 0.30719193816185 0.27680516242981 0.271544098854065 0.249420076608658 0.240008622407913 0.238929077982903 0.234627321362495 0.223733842372894 0.22333736717701 0.220012232661247 0.214341431856155 0.217653676867485 0.214177861809731 0.216192245483398 0.221739575266838 0.21803642809391 0.219890311360359 0.222760081291199 0.230742990970612 0.242567926645279
0.934662938117981 0.935139417648315 0.918263077735901 0.910107254981995 0.895487606525421 0.867606580257416 0.85437548160553 0.879543781280518 0.860978543758392 0.844542920589447 0.842816650867462 0.817404210567474 0.8314288854599 0.828850567340851 0.789272010326385 0.749664545059204 0.669223666191101 0.611933529376984 0.577881872653961 0.479109913110733 0.409041881561279 0.411018282175064 0.345866113901138 0.308594942092896 0.287129133939743 0.273074775934219 0.247898072004318 0.247467219829559 0.239767983555794 0.225922867655754 0.227558329701424 0.221949011087418 0.220858290791512 0.222270980477333 0.220991432666779 0.218990594148636 0.222274824976921 0.25223770737648 0.233251377940178 0.228974193334579 0.226095676422119 0.225134119391441 0.232205122709274 0.25346651673317
0.935504853725433 0.91908198595047 0.899843811988831 0.89222377538681 0.899776339530945 0.867482542991638 0.859270870685577 0.868518054485321 0.849574208259583 0.83008086681366 0.858006179332733 0.811663389205933 0.808912575244904 0.772394597530365 0.719105303287506 0.649230480194092 0.564710795879364 0.6022829413414 0.571872770786285 0.47781765460968 0.420665174722672 0.375275135040283 0.334579199552536 0.331735581159592 0.298788845539093 0.270176738500595 0.26444673538208 0.247945085167885 0.228539034724236 0.233274325728416 0.227983295917511 0.22114485502243 0.224175915122032 0.21966353058815 0.215952560305595 0.231598272919655 0.216867208480835 0.233212187886238 0.229823753237724 0.226089686155319 0.234411731362343 0.23763245344162 0.238157972693443 0.233776822686195
0.931262493133545 0.915966868400574 0.911811947822571 0.89849466085434 0.873921692371368 0.867058396339417 0.855022430419922 0.833987236022949 0.844588458538055 0.843979597091675 0.82757043838501 0.81956273317337 0.744960367679596 0.724420607089996 0.733006477355957 0.72363156080246 0.689349889755249 0.624980509281158 0.494879603385925 0.523819029331207 0.468453347682953 0.375469297170639 0.325384318828583 0.296965509653091 0.281956702470779 0.265528321266174 0.257761210203171 0.238595172762871 0.229270309209824 0.23105077445507 0.221444323658943 0.222356334328651 0.228314086794853 0.217006042599678 0.225493431091309 0.212481364607811 0.224794194102287 0.229957520961761 0.226942330598831 0.234918773174286 0.251738548278809 0.261106252670288 0.242827251553535 0.232936546206474
0.902697443962097 0.890931248664856 0.906808018684387 0.888964891433716 0.86737859249115 0.877095699310303 0.845695316791534 0.865347862243652 0.859191000461578 0.840063750743866 0.870576858520508 0.831168532371521 0.770525515079498 0.810561895370483 0.760088264942169 0.700357973575592 0.610369086265564 0.556018590927124 0.54280811548233 0.486595094203949 0.472637742757797 0.388173043727875 0.313697278499603 0.313421547412872 0.283487141132355 0.269955664873123 0.246473148465157 0.238830953836441 0.22876501083374 0.228685110807419 0.222815543413162 0.222655057907104 0.20966000854969 0.219080969691277 0.223175033926964 0.21134939789772 0.221159487962723 0.229251697659492 0.239678919315338 0.247004732489586 0.25583803653717 0.263254553079605 0.248344898223877 0.243126600980759
0.881030380725861 0.886085629463196 0.890087783336639 0.882893085479736 0.867491900920868 0.866733193397522 0.876891016960144 0.877568304538727 0.825395405292511 0.848065376281738 0.841871857643127 0.81936240196228 0.771147847175598 0.709002792835236 0.680453419685364 0.729554057121277 0.688499867916107 0.557517528533936 0.47078338265419 0.477422177791595 0.392780512571335 0.355276197195053 0.314970910549164 0.317148685455322 0.269381493330002 0.262191414833069 0.264691770076752 0.234572947025299 0.218245178461075 0.207088813185692 0.214935451745987 0.216977372765541 0.203219875693321 0.219114631414413 0.207923084497452 0.212367832660675 0.229455262422562 0.227073922753334 0.239907890558243 0.237499922513962 0.25467836856842 0.242542162537575 0.246282607316971 0.257143586874008
