data/climate_estimation/maxent_output/Ypsilandra_yunnanensis.asc
NCOLS 252 
NROWS 118 
XLLCORNER 83.4166666666667 
YLLCORNER 26.9166666666667 
CELLSIZE 0.0833333333333333 
NODATA_value -3.4e+38 
[rows 40 to 59 of 118, columns 44 to 87 of 252]
0.0173898879438639 0.0193733368068933 0.0145269688218832 0.0109646683558822 0.00428063562139869 0.00216395244933665 0.00229941750876606 0.0041874386370182 0.00420988397672772 0.00389839359559119 0.00501409452408552 0.00338247651234269 0.0056853792630136 0.00308799254707992 0.00406781258061528 0.00376818119548261 0.0090743051841855 0.0084991492331028 0.010096768848598 0.00368350744247437 0.0053805778734386 0.0105689885094762 0.00832890532910824 0.00930755119770765 0.00928529351949692 0.00810775626450777 0.00719876261427999 0.00631263013929129 0.00629939837381244 0.0062275156378746 0.00577959418296814 0.00887071434408426 0.0111733097583055 0.0117477243766189 0.0104133505374193 0.00968164019286633 0.0109491217881441 0.0109018087387085 0.0113374795764685 0.0100567508488894 0.00943473447114229 0.00778863579034805 0.00766046205535531 0.00486820517107844
0.00828881654888391 0.0224131364375353 0.011622766032815 0.0130634997040033 0.00910950638353825 0.00546322390437126 0.0102337040007114 0.0135941077023745 0.0112997191026807 0.0111828576773405 0.00934389419853687 0.00603272719308734 0.0131538538262248 0.00646586390212178 0.00601525465026498 0.0102362260222435 0.0144150592386723 0.00759847834706306 0.00661482056602836 0.00158271344844252 0.00538536300882697 0.0119198467582464 0.0126584526151419 0.0132760778069496 0.0149506954476237 0.0139355752617121 0.0123368827626109 0.0109126549214125 0.00753327831625938 0.00964001379907131 0.00848953984677792 0.00887183379381895 0.0111055532470345 0.0117307547479868 0.00677113933488727 0.0059607676230371 0.0062783001922071 0.00839567836374044 0.0107681304216385 0.00952828302979469 0.0100372266024351 0.00931918248534203 0.0082149300724268 0.00633927714079618
0.0111460136249661 0.0183556340634823 0.00772445555776358 0.0109285153448582 0.0131224384531379 0.0121890669688582 0.0145128723233938 0.0167977772653103 0.0175755620002747 0.0157271660864353 0.0186136774718761 0.0166552048176527 0.0214598868042231 0.0115925371646881 0.0154834697023034 0.0235750190913677 0.0153811993077397 0.00484948232769966 0.00324791041202843 0.00393763557076454 0.0119439447298646 0.0142253441736102 0.0149027360603213 0.0165612585842609 0.0173775888979435 0.0174659080803394 0.015571366995573 0.0136972609907389 0.0128909954801202 0.0136668244376779 0.0141100166365504 0.0142119452357292 0.0105180786922574 0.011860272847116 0.0110351154580712 0.0109439725056291 0.0109064914286137 0.0102400695905089 0.009543945081532 0.00693200528621674 0.00684720417484641 0.00882322248071432 0.00925424415618181 0.00819108076393604
0.0194776263087988 0.00823199655860662 0.0117129227146506 0.0116993859410286 0.0185258258134127 0.0215268507599831 0.0202780850231647 0.0236967206001282 0.0233742296695709 0.0221233610063791 0.0229943729937077 0.0240731071680784 0.0226104781031609 0.0216856077313423 0.0194433256983757 0.0155765237286687 0.00768345035612583 0.00326862465590239 0.00264054583385587 0.00699205370619893 0.020167488604784 0.0190367922186852 0.0159073974937201 0.0165273770689964 0.0196028836071491 0.0164840128272772 0.014687292277813 0.0130639057606459 0.0108614834025502 0.0121650928631425 0.014286931604147 0.0160656198859215 0.0151740657165647 0.0166907832026482 0.0132594928145409 0.012969852425158 0.012246310710907 0.0108320647850633 0.00849933736026287 0.0034142502117902 0.00533890072256327 0.00727205630391836 0.00878014881163836 0.00718196947127581
0.0112412832677364 0.0106513183563948 0.014871409162879 0.0218802783638239 0.0185864046216011 0.0122467670589685 0.010166784748435 0.017207583412528 0.0246053449809551 0.0209269393235445 0.0186138208955526 0.0164825264364481 0.0124015733599663 0.010369380004704 0.0124053806066513 0.0103741297498345 0.00866453163325787 0.00265896483324468 0.00748967425897717 0.0235337987542152 0.0198008082807064 0.0143390595912933 0.0105862086638808 0.020663183182478 0.0185998622328043 0.0140605652704835 0.0116019248962402 0.0097056208178401 0.00804534275084734 0.0107743395492435 0.0144753074273467 0.0169015321880579 0.0175391342490911 0.0175991356372833 0.0147979473695159 0.0109919831156731 0.00856513250619173 0.00624341890215874 0.00620733015239239 0.00830913707613945 0.00937097333371639 0.00988938380032778 0.00930602848529816 0.00805979687720537
0.0224860440939665 0.0313866622745991 0.0270071662962437 0.0229252241551876 0.0162727609276772 0.0153739610686898 0.0169617049396038 0.0179537478834391 0.0189800038933754 0.0143402991816401 0.00843677576631308 0.0100519228726625 0.0146763091906905 0.0241875033825636 0.0228765681385994 0.0213337410241365 0.0215358640998602 0.0163227040320635 0.0237950719892979 0.0261755660176277 0.0220180284231901 0.0234390776604414 0.0158681757748127 0.0149864470586181 0.0149613730609417 0.0124284373596311 0.0103438040241599 0.0102786244824529 0.00908052735030651 0.0128400083631277 0.0136532485485077 0.0168869644403458 0.0198629926890135 0.018555024638772 0.0131925484165549 0.00969021860510111 0.00661516049876809 0.00589730637148023 0.00947487074881792 0.0127849504351616 0.0119392266497016 0.0117070944979787 0.00861308444291353 0.00908479653298855
0.0382027290761471 0.0384216904640198 0.0325210206210613 0.0281765311956406 0.0226249601691961 0.0193327888846397 0.0151176117360592 0.0113267935812473 0.0178913623094559 0.0209493581205606 0.0141689768061042 0.0188055448234081 0.0344648025929928 0.0380322672426701 0.0348992794752121 0.0155961364507675 0.0266050174832344 0.017243878915906 0.0201313346624374 0.0224761180579662 0.0236201975494623 0.0262491162866354 0.0127557022497058 0.0143370246514678 0.0134661104530096 0.0125275645405054 0.0131769282743335 0.0163775179535151 0.0184060130268335 0.0161894038319588 0.0144094275310636 0.0179607085883617 0.0189237128943205 0.0175994839519262 0.0139913056045771 0.00918712932616472 0.00625854078680277 0.00515086762607098 0.0113834543153644 0.0159670878201723 0.0134734492748976 0.0110992277041078 0.0176755618304014 0.0173754189163446
0.0386242941021919 0.0301122963428497 0.0285069663077593 0.0241400301456451 0.0165703948587179 0.0146313766017556 0.00861770752817392 0.0191442836076021 0.0373818464577198 0.037456750869751 0.0333621650934219 0.0231568329036236 0.033046692609787 0.0333766266703606 0.0205002631992102 0.00878937356173992 0.0239653456956148 0.0214755665510893 0.018286619335413 0.0145485447719693 0.0171450991183519 0.0199791640043259 0.0135709885507822 0.0159839186817408 0.0134341325610876 0.0131005439907312 0.0175291709601879 0.0206404011696577 0.0172382313758135 0.0163194499909878 0.0151411043480039 0.0190993752330542 0.018806328997016 0.0158533696085215 0.0139714758843184 0.0147176515311003 0.0130086317658424 0.0114929098635912 0.0101616689935327 0.017917251214385 0.0160205364227295 0.0118107441812754 0.0148902218788862 0.0194297302514315
0.0260498039424419 0.0209944024682045 0.0188831090927124 0.0166030116379261 0.016537943854928 0.0243949163705111 0.0311040878295898 0.0398689471185207 0.0360925979912281 0.025029506534338 0.0203955639153719 0.0180065650492907 0.0286593940109015 0.0175687149167061 0.0100435763597488 0.0132596725597978 0.0227595865726471 0.0291658192873001 0.0263374485075474 0.0213310029357672 0.0250814128667116 0.0261282995343208 0.0236053392291069 0.0236272439360619 0.0209531672298908 0.0177082139998674 0.0174481831490993 0.0218074675649405 0.0239508077502251 0.0279685445129871 0.0237133596092463 0.0201876983046532 0.0161090511828661 0.0119483545422554 0.010570433922112 0.012499981559813 0.0116793941706419 0.0154035575687885 0.00849848799407482 0.0101320017129183 0.0177409518510103 0.0230542253702879 0.0194722656160593 0.0163730401545763
0.0191799141466618 0.0192748121917248 0.015104497782886 0.00996936671435833 0.0118521386757493 0.0158971305936575 0.0195218957960606 0.0224801953881979 0.0213578119874001 0.0145008470863104 0.00793476030230522 0.0136534320190549 0.0221114344894886 0.0143220210447907 0.0112243797630072 0.0169899370521307 0.0253881327807903 0.0227771438658237 0.0240482557564974 0.0215224362909794 0.0238905698060989 0.029120609164238 0.0319527164101601 0.0305082388222218 0.0288146138191223 0.028634974732995 0.0285557303577662 0.0284785572439432 0.0217497572302818 0.0215045604854822 0.0201805662363768 0.0180485527962446 0.0170313119888306 0.0106712123379111 0.00994318816810846 0.0130626885220408 0.0138487853109837 0.0165060497820377 0.0146942529827356 0.00957165751606226 0.0150881269946694 0.0198020022362471 0.0205163396894932 0.0206203386187553
0.0130183110013604 0.0144925890490413 0.00750467414036393 0.0074635655619204 0.0198298338800669 0.0209894552826881 0.0216185618191957 0.0146252205595374 0.0116541683673859 0.00671517895534635 0.00371474260464311 0.0224982667714357 0.0338481590151787 0.0135217318311334 0.0111575676128268 0.0232967995107174 0.0281958542764187 0.0420158430933952 0.045684851706028 0.0344629436731339 0.0280948895961046 0.0414666533470154 0.0292797833681107 0.0199973341077566 0.0273815896362066 0.0403923615813255 0.0409405045211315 0.0318935252726078 0.0230662543326616 0.0215715300291777 0.0264753047376871 0.0293205715715885 0.0201735608279705 0.0159160327166319 0.0231817737221718 0.0366726219654083 0.0346226692199707 0.031136279925704 0.022626856341958 0.0191894732415676 0.0232985410839319 0.0273016691207886 0.0272250417619944 0.0314196385443211
0.0164562780410051 0.0129578160122037 0.0122140077874064 0.0202124565839767 0.0233589243143797 0.0133697167038918 0.0156266056001186 0.0164125300943851 0.0103459283709526 0.00860151182860136 0.0138284508138895 0.045422188937664 0.0494716726243496 0.0143192373216152 0.0112889362499118 0.0142612876370549 0.0220802519470453 0.0380379520356655 0.0554869212210178 0.0609808675944805 0.0555236488580704 0.0504390634596348 0.0356284268200397 0.0307587347924709 0.04289710521698 0.0541080124676228 0.0467087887227535 0.0334766171872616 0.0347704663872719 0.032894242554903 0.0343416146934032 0.0414764769375324 0.0396858379244804 0.0497072376310825 0.0563059374690056 0.0564190037548542 0.0443448349833488 0.0348214507102966 0.0237790029495955 0.0200915057212114 0.0236072987318039 0.0198463276028633 0.0234062988311052 0.0330778397619724
0.0195862669497728 0.0213703271001577 0.0268389247357845 0.0235979091376066 0.00693213101476431 0.00503738503903151 0.00648151617497206 0.00408006180077791 0.00982177909463644 0.0255436841398478 0.0478761345148087 0.0688906759023666 0.0311298668384552 0.0153124965727329 0.0136654265224934 0.0143211977556348 0.0220046229660511 0.0289869979023933 0.0635208711028099 0.0792952179908752 0.0552858933806419 0.0364154316484928 0.030972259119153 0.0263811480253935 0.0550095736980438 0.0570542737841606 0.0467203631997108 0.0518202520906925 0.0587544217705727 0.058074064552784 0.0509331449866295 0.0502275191247463 0.0552597492933273 0.0522017478942871 0.0546477735042572 0.0472609363496304 0.0349385477602482 0.0312619060277939 0.0312586091458797 0.0359234362840652 0.0375901125371456 0.0339952856302261 0.0334843061864376 0.0387912690639496
0.00691920798271894 0.0130948591977358 0.0322297811508179 0.00457028532400727 0.00619244435802102 0.0120886461809278 0.0260487794876099 0.0117953158915043 0.0104364594444633 0.048468217253685 0.0668296664953232 0.0378254652023315 0.022842725738883 0.0250427797436714 0.0190129075199366 0.0247715897858143 0.0321843586862087 0.0426519364118576 0.0765392556786537 0.0823446661233902 0.0385930053889751 0.0422677397727966 0.0527417361736298 0.0578291527926922 0.0530684888362885 0.0413828454911709 0.0571286752820015 0.0674506947398186 0.0664618313312531 0.0584060214459896 0.0695763975381851 0.0581024885177612 0.0576705671846867 0.0551461055874825 0.0527266561985016 0.0493806339800358 0.0567235387861729 0.0535235404968262 0.0402820482850075 0.050467886030674 0.0498068481683731 0.0476596839725971 0.064882718026638 0.0604841038584709
0.0367238409817219 0.0474898405373096 0.0961990132927895 0.0264018625020981 0.0163971297442913 0.0135677410289645 0.0448093116283417 0.0647531002759933 0.0794658213853836 0.0488157719373703 0.0215956792235374 0.0145068746060133 0.0412663631141186 0.0523881316184998 0.0476498790085316 0.0431435629725456 0.0428642481565475 0.0453225746750832 0.0732405260205269 0.0899032726883888 0.0487468987703323 0.0559730678796768 0.0746549442410469 0.0695101320743561 0.0716827660799026 0.0716986730694771 0.077214278280735 0.0877352207899094 0.0904868096113205 0.0645724460482597 0.0698441490530968 0.0507658533751965 0.0552966855466366 0.0601473227143288 0.0725927576422691 0.0683446377515793 0.0652655884623528 0.0593288466334343 0.0757029205560684 0.0754053518176079 0.0782018676400185 0.0739987194538116 0.0734604746103287 0.073519766330719
0.0735154896974564 0.0782077386975288 0.0806328281760216 0.0742468684911728 0.0599989704787731 0.0523137599229813 0.0597443096339703 0.0761728286743164 0.0900766775012016 0.0491633042693138 0.0349158607423306 0.0437282063066959 0.085666187107563 0.0986421704292297 0.0875004902482033 0.0516970232129097 0.0389415957033634 0.0522506982088089 0.101790890097618 0.110732041299343 0.0704167783260345 0.0515458472073078 0.0755121558904648 0.100354745984077 0.0959981083869934 0.0958782210946083 0.0882973894476891 0.0876128226518631 0.0748459547758102 0.0623645037412643 0.067414365708828 0.072659857571125 0.0699469819664955 0.0726321786642075 0.0659849271178246 0.0581363365054131 0.0450650155544281 0.0439452901482582 0.0583915449678898 0.0551669001579285 0.0751417428255081 0.0654326751828194 0.0777982994914055 0.0869283229112625
0.110614277422428 0.097087025642395 0.0973284319043159 0.107006885111332 0.0816886872053146 0.0569210648536682 0.0625662729144096 0.0949854552745819 0.105415642261505 0.0863844528794289 0.0821257308125496 0.100968584418297 0.126452013850212 0.129950448870659 0.124903045594692 0.0963976606726646 0.0805361568927765 0.0811341255903244 0.11606626957655 0.120331361889839 0.105912528932095 0.101794168353081 0.118635430932045 0.117658711969852 0.113606221973896 0.104808144271374 0.099712535738945 0.103362366557121 0.0916541069746017 0.0912066474556923 0.0835265144705772 0.0731290280818939 0.0614615455269814 0.0616273768246174 0.0608912669122219 0.0528928562998772 0.0503927245736122 0.0475990623235703 0.0698283910751343 0.0726932063698769 0.0633358359336853 0.0633515268564224 0.0622946061193943 0.0734702870249748
0.131569683551788 0.134331285953522 0.135468751192093 0.145584642887115 0.147431343793869 0.145859643816948 0.148812770843506 0.137362688779831 0.132999360561371 0.128002032637596 0.118625104427338 0.112391799688339 0.112051025032997 0.129465237259865 0.124223791062832 0.107714056968689 0.103119634091854 0.121528126299381 0.134248614311218 0.132255107164383 0.122664481401443 0.118174254894257 0.128350168466568 0.127135500311852 0.1222328171134 0.0977498292922974 0.0975809320807457 0.108794569969177 0.104561001062393 0.0999027714133263 0.0988793820142746 0.095163881778717 0.0912380367517471 0.0870118290185928 0.0864342898130417 0.0858791470527649 0.0821720734238625 0.0750692710280418 0.0780143365263939 0.102407895028591 0.101826056838036 0.0931839719414711 0.0893079116940498 0.0816084370017052
0.119743101298809 0.153003349900246 0.155290320515633 0.158262610435486 0.171288073062897 0.169417634606361 0.162900194525719 0.148064807057381 0.137562051415443 0.135087713599205 0.122816793620586 0.0793556198477745 0.0797987803816795 0.103951349854469 0.114550583064556 0.0966250821948051 0.100731931626797 0.13396367430687 0.13834236562252 0.137217253446579 0.126710057258606 0.138131931424141 0.137842446565628 0.133010312914848 0.132567331194878 0.122023440897465 0.114351861178875 0.118972778320312 0.0975280627608299 0.104595459997654 0.092212550342083 0.0878484845161438 0.112329192459583 0.103160984814167 0.0910241678357124 0.0862958356738091 0.0790354013442993 0.0758941546082497 0.0690086036920547 0.0913600996136665 0.0831211358308792 0.0729146376252174 0.0754167661070824 0.0430820062756538
0.12964291870594 0.153389811515808 0.148157894611359 0.141781836748123 0.135349467396736 0.13793221116066 0.107119709253311 0.0706254318356514 0.0880511701107025 0.115420542657375 0.126001343131065 0.117267124354839 0.132754474878311 0.140423357486725 0.11408805847168 0.109024129807949 0.117725647985935 0.13972195982933 0.15596117079258 0.156025305390358 0.148574948310852 0.149600327014923 0.143782660365105 0.142948493361473 0.143325045704842 0.137425541877747 0.137962937355042 0.127156302332878 0.126834154129028 0.126750320196152 0.117137603461742 0.100065216422081 0.0995125845074654 0.107169084250927 0.0917542055249214 0.0591272711753845 0.0564850978553295 0.0732644721865654 0.0698728486895561 0.0852125734090805 0.103349015116692 0.0674256458878517 0.0357279926538467 0.0392788462340832
