data/climate_estimation/maxent_output/Ypsilandra_thibetica.asc
NCOLS 134 
NROWS 116 
XLLCORNER 102.25 
YLLCORNER 24.5833333333333 
CELLSIZE 0.0833333333333334 
NODATA_value -3.4e+38 
[rows 40 to 59 of 116, columns 0 to 43 of 134]
0.251157194375992 0.297342479228973 0.34113734960556 0.285212457180023 0.341361701488495 0.375728219747543 0.418428748846054 0.336117535829544 0.452447712421417 0.497421592473984 0.639480233192444 0.78731381893158 0.932848572731018 0.963342130184174 0.973350048065186 0.992571711540222 0.992528021335602 0.991235315799713 0.989629685878754 0.986481904983521 0.983462691307068 0.980893015861511 0.98156476020813 0.980009853839874 0.977545142173767 0.977787017822266 0.979851245880127 0.981407999992371 0.978582203388214 0.97922694683075 0.978429317474365 0.978894829750061 0.976489841938019 0.978214800357819 0.975443124771118 0.975737690925598 0.973881661891937 0.963544189929962 0.958715617656708 0.944783627986908 0.937041521072388 0.914112031459808 0.866911947727203 0.821808099746704
0.265585333108902 0.232136473059654 0.26871520280838 0.340781718492508 0.384048402309418 0.407932639122009 0.423781931400299 0.277425289154053 0.30866613984108 0.432447493076324 0.586554706096649 0.810924530029297 0.946704685688019 0.980760395526886 0.990504443645477 0.995275557041168 0.993644952774048 0.992312848567963 0.989561676979065 0.986299157142639 0.983669579029083 0.981109499931335 0.980730056762695 0.978352308273315 0.976703763008118 0.977557182312012 0.979468882083893 0.980931520462036 0.975984752178192 0.976146638393402 0.978063583374023 0.975070536136627 0.97615647315979 0.974868893623352 0.974404156208038 0.974025249481201 0.969981968402863 0.963578224182129 0.954274773597717 0.948973715305328 0.929155111312866 0.908140420913696 0.878703355789185 0.821098983287811
0.254832655191422 0.280821710824966 0.316076844930649 0.385215371847153 0.407214224338531 0.414128631353378 0.47564172744751 0.504920780658722 0.521987915039062 0.597360551357269 0.657672226428986 0.864462316036224 0.935355424880981 0.98548299074173 0.996164083480835 0.996407866477966 0.995715618133545 0.993678748607635 0.990634918212891 0.987835586071014 0.983417272567749 0.980920910835266 0.981748223304749 0.979945540428162 0.978639841079712 0.979182839393616 0.980732262134552 0.976266384124756 0.975108623504639 0.975112020969391 0.975703537464142 0.975414514541626 0.975023329257965 0.970209896564484 0.969918668270111 0.96857762336731 0.965480029582977 0.960770905017853 0.953919470310211 0.948145508766174 0.928798675537109 0.912018001079559 0.882763922214508 0.801549196243286
0.248306676745415 0.339415311813354 0.35240575671196 0.41080516576767 0.438853621482849 0.45206618309021 0.508756399154663 0.60364830493927 0.637899100780487 0.693461060523987 0.851583063602448 0.980395555496216 0.991490304470062 0.996972501277924 0.998058021068573 0.997500121593475 0.996071100234985 0.994727194309235 0.9922696352005 0.989149153232574 0.984654009342194 0.983535289764404 0.983039557933807 0.981127858161926 0.979486584663391 0.981583952903748 0.978064835071564 0.972263872623444 0.975411534309387 0.974120020866394 0.971008360385895 0.972529709339142 0.970177054405212 0.966946125030518 0.963333308696747 0.960304141044617 0.959360897541046 0.955844342708588 0.950440168380737 0.9472536444664 0.931702136993408 0.90999847650528 0.896820783615112 0.823051691055298
0.334245145320892 0.357453614473343 0.390423029661179 0.417147308588028 0.517316997051239 0.66682893037796 0.537269711494446 0.747541725635529 0.77294909954071 0.929169654846191 0.952310919761658 0.98389595746994 0.997904598712921 0.998899757862091 0.998684167861938 0.998096227645874 0.99696272611618 0.995514988899231 0.993495583534241 0.99061381816864 0.987682700157166 0.985235571861267 0.983227491378784 0.981479644775391 0.983817756175995 0.97978538274765 0.976564347743988 0.974023699760437 0.973024249076843 0.971947193145752 0.969563663005829 0.973287642002106 0.970627963542938 0.962522983551025 0.963673710823059 0.957507491111755 0.955751538276672 0.95010644197464 0.949713349342346 0.946290552616119 0.935147523880005 0.911271810531616 0.876444220542908 0.820614397525787
0.40943568944931 0.345886409282684 0.310200154781342 0.445312023162842 0.522607266902924 0.859333455562592 0.712045729160309 0.881194174289703 0.751834154129028 0.932135105133057 0.98104065656662 0.993524253368378 0.999411702156067 0.999432921409607 0.999157607555389 0.998700499534607 0.997672259807587 0.996631622314453 0.994331955909729 0.991064488887787 0.990236103534698 0.986469030380249 0.985310435295105 0.983344078063965 0.984923005104065 0.977243363857269 0.976167857646942 0.973077774047852 0.972678363323212 0.969763278961182 0.970869719982147 0.971788227558136 0.967507362365723 0.966354191303253 0.956267416477203 0.947894990444183 0.941619753837585 0.941006600856781 0.938964903354645 0.937521576881409 0.926363050937653 0.902044355869293 0.871403753757477 0.819883823394775
0.423888117074966 0.383859246969223 0.404876172542572 0.459195137023926 0.544431626796722 0.760787308216095 0.94966721534729 0.817224264144897 0.968234837055206 0.986638903617859 0.992741823196411 0.999416470527649 0.999450087547302 0.999398827552795 0.99936980009079 0.999132454395294 0.998493611812592 0.997544407844543 0.995811402797699 0.993254542350769 0.990640759468079 0.988241195678711 0.986900627613068 0.987433791160583 0.981594204902649 0.977650940418243 0.974238514900208 0.970161080360413 0.972056806087494 0.969056606292725 0.969773948192596 0.9680095911026 0.963640809059143 0.9643315076828 0.949932634830475 0.937784492969513 0.928646683692932 0.919357597827911 0.915395736694336 0.917237401008606 0.910202026367188 0.876932501792908 0.847367703914642 0.812457263469696
0.431682914495468 0.390977621078491 0.415483921766281 0.48146003484726 0.559441387653351 0.78996729850769 0.980789303779602 0.985155761241913 0.989103317260742 0.995970726013184 0.998942673206329 0.999366879463196 0.99934333562851 0.999381601810455 0.999334037303925 0.999273777008057 0.998829185962677 0.998040795326233 0.996412217617035 0.994298934936523 0.99215704202652 0.989280879497528 0.988179445266724 0.987305402755737 0.980658054351807 0.978111445903778 0.976206243038177 0.972491502761841 0.969212412834167 0.968741714954376 0.968077182769775 0.966569483280182 0.959548056125641 0.957692086696625 0.939018726348877 0.92434424161911 0.906956315040588 0.895437359809875 0.888473689556122 0.884171068668365 0.868774235248566 0.853934705257416 0.824342012405396 0.796671092510223
0.367970049381256 0.364642262458801 0.451407879590988 0.510960876941681 0.742754638195038 0.78109347820282 0.97914069890976 0.993315279483795 0.999102294445038 0.995268225669861 0.999333798885345 0.999431371688843 0.999360382556915 0.999297261238098 0.99921715259552 0.999328434467316 0.999233067035675 0.998499155044556 0.996805787086487 0.994778633117676 0.993157923221588 0.991470515727997 0.990446507930756 0.986018598079681 0.981311619281769 0.977829277515411 0.974508821964264 0.973256230354309 0.968381464481354 0.965561926364899 0.966127753257751 0.962245225906372 0.955018997192383 0.953335821628571 0.932891547679901 0.915290772914886 0.893887341022491 0.873855531215668 0.85122275352478 0.847237288951874 0.841794073581696 0.821793079376221 0.791655957698822 0.777079403400421
0.352620273828506 0.486743837594986 0.497510552406311 0.6573845744133 0.808585107326508 0.966914057731628 0.995557367801666 0.998839795589447 0.997927844524384 0.999046802520752 0.999327898025513 0.99924623966217 0.999351620674133 0.999272346496582 0.999218046665192 0.99922788143158 0.999073445796967 0.998522579669952 0.997105836868286 0.99527645111084 0.994015038013458 0.9923415184021 0.988744616508484 0.984764039516449 0.980286777019501 0.976696252822876 0.974816977977753 0.972724676132202 0.965905964374542 0.96548980474472 0.963747620582581 0.962540030479431 0.956657409667969 0.941468954086304 0.935724914073944 0.910687923431396 0.866866588592529 0.85151594877243 0.833981812000275 0.816641628742218 0.807697892189026 0.797015368938446 0.783438146114349 0.763746857643127
0.438188970088959 0.44732466340065 0.719666123390198 0.82350617647171 0.938357055187225 0.982928574085236 0.998155653476715 0.998590707778931 0.996088564395905 0.999124705791473 0.999065697193146 0.999243795871735 0.999089241027832 0.999140739440918 0.999031484127045 0.998944818973541 0.998753011226654 0.998763799667358 0.997128009796143 0.995606541633606 0.994018197059631 0.991902053356171 0.989158630371094 0.984007120132446 0.980914533138275 0.975479781627655 0.974280178546906 0.970934867858887 0.965544283390045 0.963799834251404 0.964085876941681 0.957398474216461 0.946578323841095 0.936761021614075 0.929775238037109 0.922136902809143 0.884964883327484 0.84483814239502 0.828857958316803 0.802181661128998 0.797241747379303 0.781513333320618 0.744542896747589 0.7367844581604
0.464822381734848 0.567276000976562 0.73296183347702 0.800806164741516 0.825454950332642 0.941256403923035 0.991981744766235 0.995905637741089 0.998806536197662 0.998895883560181 0.998919606208801 0.999018311500549 0.998759746551514 0.998611211776733 0.998568058013916 0.998790621757507 0.998731911182404 0.998659670352936 0.997251927852631 0.994937896728516 0.993859529495239 0.99298769235611 0.987763226032257 0.983370184898376 0.980099737644196 0.974447846412659 0.970818638801575 0.968278646469116 0.963807940483093 0.961270868778229 0.962273120880127 0.954331815242767 0.946834206581116 0.932662606239319 0.921525895595551 0.911567151546478 0.892526626586914 0.872579276561737 0.828216731548309 0.812846481800079 0.793405115604401 0.787499666213989 0.747355759143829 0.71046382188797
0.471478760242462 0.54097580909729 0.592558741569519 0.721482157707214 0.862204015254974 0.942091226577759 0.972698330879211 0.993682622909546 0.992427945137024 0.998466193675995 0.99855250120163 0.998453855514526 0.998277425765991 0.998304724693298 0.998260796070099 0.998159229755402 0.998234152793884 0.998222529888153 0.996981382369995 0.995374202728271 0.993315100669861 0.992862224578857 0.987954616546631 0.982748806476593 0.979313910007477 0.977249979972839 0.974777162075043 0.969351828098297 0.962399840354919 0.960066139698029 0.958321690559387 0.949132323265076 0.935111522674561 0.929034471511841 0.919802844524384 0.913079500198364 0.886985659599304 0.871312975883484 0.852926075458527 0.849645972251892 0.825550258159637 0.813446640968323 0.743005812168121 0.715720355510712
0.493842542171478 0.533770263195038 0.697039127349854 0.80528062582016 0.900154829025269 0.938681185245514 0.982114970684052 0.989801526069641 0.971867382526398 0.993103384971619 0.998087763786316 0.998245418071747 0.998474717140198 0.998313963413239 0.998313963413239 0.99795800447464 0.997963666915894 0.9980149269104 0.996409714221954 0.995020747184753 0.993139803409576 0.990732192993164 0.986921370029449 0.984260618686676 0.982130587100983 0.979014992713928 0.97712904214859 0.974307954311371 0.967672765254974 0.959678471088409 0.95171445608139 0.937601983547211 0.932348251342773 0.928218424320221 0.921096801757812 0.913070380687714 0.890172064304352 0.871829450130463 0.850838243961334 0.857382595539093 0.843062281608582 0.815219640731812 0.776624321937561 0.694634854793549
0.506757736206055 0.554429829120636 0.621946036815643 0.776013851165771 0.819032788276672 0.898522198200226 0.955325305461884 0.963730096817017 0.95210987329483 0.989549279212952 0.991776764392853 0.99771648645401 0.99833482503891 0.998320341110229 0.998234868049622 0.997386455535889 0.996792018413544 0.997492492198944 0.995522558689117 0.994368493556976 0.990947782993317 0.987046480178833 0.9857297539711 0.982966303825378 0.982297360897064 0.980417609214783 0.978568553924561 0.976773798465729 0.972300112247467 0.969680309295654 0.961096465587616 0.936168134212494 0.92307835817337 0.924978077411652 0.928147673606873 0.915839552879333 0.89665561914444 0.867540597915649 0.850178480148315 0.85153591632843 0.819769084453583 0.796445906162262 0.77014696598053 0.709828794002533
0.515376091003418 0.58575165271759 0.68882817029953 0.698590636253357 0.780478954315186 0.845621109008789 0.900419771671295 0.917796075344086 0.928906083106995 0.972370564937592 0.979442536830902 0.995461165904999 0.995386123657227 0.997439742088318 0.997437655925751 0.99626237154007 0.996538519859314 0.994673609733582 0.993179738521576 0.990572988986969 0.987494826316833 0.984509527683258 0.982206106185913 0.980169117450714 0.979890823364258 0.981667697429657 0.979309141635895 0.973072648048401 0.97153103351593 0.962303936481476 0.951272070407867 0.927161991596222 0.904310524463654 0.923208773136139 0.941547155380249 0.916089713573456 0.896543383598328 0.86431211233139 0.849180459976196 0.845113515853882 0.800227880477905 0.782167553901672 0.75853043794632 0.721409142017365
0.540847837924957 0.577382147312164 0.6561558842659 0.75138932466507 0.813704371452332 0.80220764875412 0.844428956508636 0.864289104938507 0.909600436687469 0.91814249753952 0.951685965061188 0.953470587730408 0.969801247119904 0.994406163692474 0.996065557003021 0.995923340320587 0.995311498641968 0.989387989044189 0.988139986991882 0.985920011997223 0.98359888792038 0.982392013072968 0.981193125247955 0.980588138103485 0.982078194618225 0.9815394282341 0.975765705108643 0.970174193382263 0.955558598041534 0.951172769069672 0.939666867256165 0.917846262454987 0.897916436195374 0.909777581691742 0.926958084106445 0.917117714881897 0.896628201007843 0.874113380908966 0.862513244152069 0.820316851139069 0.79360032081604 0.775328040122986 0.770343780517578 0.748544037342072
0.550834059715271 0.592369139194489 0.661032140254974 0.70658665895462 0.78339147567749 0.813682973384857 0.80425351858139 0.842122435569763 0.883968591690063 0.909314215183258 0.926267147064209 0.943749308586121 0.968597173690796 0.993572771549225 0.996718466281891 0.996841728687286 0.991631746292114 0.985209941864014 0.983121812343597 0.981639564037323 0.981385171413422 0.981027066707611 0.977604031562805 0.978013455867767 0.978565275669098 0.969978809356689 0.965198338031769 0.958406984806061 0.953429698944092 0.946234881877899 0.940802931785583 0.918510615825653 0.906028628349304 0.911593854427338 0.912885367870331 0.914092183113098 0.895161092281342 0.876126229763031 0.857022345066071 0.81183534860611 0.779324352741241 0.784419476985931 0.776003777980804 0.719280898571014
0.529458343982697 0.606966614723206 0.638671457767487 0.688079535961151 0.714842855930328 0.786468982696533 0.818022489547729 0.848523020744324 0.888506829738617 0.900507628917694 0.931249976158142 0.958448171615601 0.983100891113281 0.985484778881073 0.98814469575882 0.994299590587616 0.991945505142212 0.987514317035675 0.98229706287384 0.981392443180084 0.979125738143921 0.978674352169037 0.974690437316895 0.971307575702667 0.967365086078644 0.964100003242493 0.961380779743195 0.955113768577576 0.950311124324799 0.941229403018951 0.937338352203369 0.920393168926239 0.912268757820129 0.902945637702942 0.900704920291901 0.897735178470612 0.883102595806122 0.85906857252121 0.832511484622955 0.80607283115387 0.780367910861969 0.774866044521332 0.760524570941925 0.701451659202576
0.504629015922546 0.568493723869324 0.573979735374451 0.646470308303833 0.662692010402679 0.746362209320068 0.804908692836761 0.839825391769409 0.891130268573761 0.90548038482666 0.93906182050705 0.941267728805542 0.977913975715637 0.986638844013214 0.988518059253693 0.99075448513031 0.989801168441772 0.987230539321899 0.983715653419495 0.975843966007233 0.976445376873016 0.973129987716675 0.971621572971344 0.966088950634003 0.962599396705627 0.960347294807434 0.955118298530579 0.953342199325562 0.947036445140839 0.943768262863159 0.937000632286072 0.917436003684998 0.909647345542908 0.901106238365173 0.893584370613098 0.87348598241806 0.855160176753998 0.829409122467041 0.801958739757538 0.814106404781342 0.776609063148499 0.780187547206879 0.725851595401764 0.710261762142181
