data/climate_estimation/maxent_output/Zigadenus_glaberrimus.asc
NCOLS 172 
NROWS 112 
XLLCORNER -90.3333333333333 
YLLCORNER 29.6666666666667 
CELLSIZE 0.0833333333333333 
NODATA_value -3.4e+38 
[rows 63 to 83 of 112, columns 0 to 45 of 172]
0.228357747197151 0.237774342298508 0.24286712706089 0.258157014846802 0.271026164293289 0.27580052614212 0.278105705976486 0.270153671503067 0.286752164363861 0.278386175632477 0.294777721166611 0.307072103023529 0.304212212562561 0.283490896224976 0.285907208919525 0.283354163169861 0.28450608253479 0.260565966367722 0.262251108884811 0.254552274942398 0.243102252483368 0.233801692724228 0.245694801211357 0.251111835241318 0.253212720155716 0.275021702051163 0.279291093349457 0.292073369026184 0.307292610406876 0.310836374759674 0.317082405090332 0.286735057830811 0.281217604875565 0.267664581537247 0.25980418920517 0.257394582033157 0.273636907339096 0.262157171964645 0.285889625549316 0.274582535028458 0.284542828798294 0.280605256557465 0.28347110748291 0.283512055873871 0.26511749625206 0.261622279882431
0.220110982656479 0.233901411294937 0.239298135042191 0.249254480004311 0.271667659282684 0.266109108924866 0.257340997457504 0.267572164535522 0.268039524555206 0.273710936307907 0.274481445550919 0.296431243419647 0.295329719781876 0.299107939004898 0.296431243419647 0.285091787576675 0.278776705265045 0.263272523880005 0.256813526153564 0.247450113296509 0.244780465960503 0.238281473517418 0.234165221452713 0.24282044172287 0.259759277105331 0.272843807935715 0.284195959568024 0.28973200917244 0.314108967781067 0.302480548620224 0.311180382966995 0.305347442626953 0.288549333810806 0.266010344028473 0.264519184827805 0.266631752252579 0.263731479644775 0.274719953536987 0.281948655843735 0.281291276216507 0.279824823141098 0.272134751081467 0.265831798315048 0.270281821489334 0.270170897245407 0.293816864490509
0.236098393797874 0.226819112896919 0.238934636116028 0.255699515342712 0.271958351135254 0.271060764789581 0.25847452878952 0.250003904104233 0.248660862445831 0.268282771110535 0.277357876300812 0.29140043258667 0.304442226886749 0.311513543128967 0.293775707483292 0.27356231212616 0.267756313085556 0.254520058631897 0.24538254737854 0.249772250652313 0.243621245026588 0.25005629658699 0.263024181127548 0.260797321796417 0.276915580034256 0.280134379863739 0.287763267755508 0.293498605489731 0.308760583400726 0.303930729627609 0.31705915927887 0.293838649988174 0.285901725292206 0.272814065217972 0.260699719190598 0.265191346406937 0.27263355255127 0.284893572330475 0.282821148633957 0.276749134063721 0.258905112743378 0.259669989347458 0.256574481725693 0.268322050571442 0.285228759050369 0.304562509059906
0.237290918827057 0.241329446434975 0.247163161635399 0.260277181863785 0.271337926387787 0.273362219333649 0.261340916156769 0.25581881403923 0.256814420223236 0.258896559476852 0.273804128170013 0.291950702667236 0.301196932792664 0.290368676185608 0.287203758955002 0.277394950389862 0.265009969472885 0.24989041686058 0.239958882331848 0.239172711968422 0.250826567411423 0.255339831113815 0.263015359640121 0.278498739004135 0.271700948476791 0.274362832307816 0.294741839170456 0.302031964063644 0.318259119987488 0.307655721902847 0.306196123361588 0.30431005358696 0.305119127035141 0.278278738260269 0.272569894790649 0.263408899307251 0.270646899938583 0.275030910968781 0.297986000776291 0.288369983434677 0.280726402997971 0.253980696201324 0.252382874488831 0.275676548480988 0.292218595743179 0.31403112411499
0.254997551441193 0.2533318400383 0.270883947610855 0.276826769113541 0.271586328744888 0.272540479898453 0.263659864664078 0.263703316450119 0.268988817930222 0.268410205841064 0.278818756341934 0.281571239233017 0.284740060567856 0.27431383728981 0.278903812170029 0.270921468734741 0.261540323495865 0.252933502197266 0.24196594953537 0.236392721533775 0.252207159996033 0.259411364793777 0.267607539892197 0.293108910322189 0.284443825483322 0.289428263902664 0.30612912774086 0.311148822307587 0.31543704867363 0.309698104858398 0.310561001300812 0.302120357751846 0.294534862041473 0.276710867881775 0.262012034654617 0.269915193319321 0.274440109729767 0.267935037612915 0.279316484928131 0.303813308477402 0.299607366323471 0.272661507129669 0.309780448675156 0.296406686306 0.303967326879501 0.342911183834076
0.27486264705658 0.279036223888397 0.283998399972916 0.27482071518898 0.276923894882202 0.265970230102539 0.269939243793488 0.274344444274902 0.269856929779053 0.27079975605011 0.277037441730499 0.283999115228653 0.27639451622963 0.272316724061966 0.270016580820084 0.261965662240982 0.260598361492157 0.25084576010704 0.246723771095276 0.253129005432129 0.248380243778229 0.262179613113403 0.266931384801865 0.282836437225342 0.298219829797745 0.293255001306534 0.29927185177803 0.309255123138428 0.311384826898575 0.305375397205353 0.30594465136528 0.298523664474487 0.291272103786469 0.283006221055984 0.27742600440979 0.270124286413193 0.261737793684006 0.273953467607498 0.286788016557693 0.302027255296707 0.299574911594391 0.319631963968277 0.317111432552338 0.319876402616501 0.350145041942596 0.367468774318695
0.294091641902924 0.285697937011719 0.267594397068024 0.263272762298584 0.272718578577042 0.271039545536041 0.273840695619583 0.283466905355453 0.281769901514053 0.275133699178696 0.268772184848785 0.275434046983719 0.263466715812683 0.259575873613358 0.250011205673218 0.257435262203217 0.24428117275238 0.248397767543793 0.248157098889351 0.260120213031769 0.261065304279327 0.263293564319611 0.280578434467316 0.294892221689224 0.312223762273788 0.294493824243546 0.295154809951782 0.307358354330063 0.302656918764114 0.298039555549622 0.305753618478775 0.305586159229279 0.304376870393753 0.293266117572784 0.275561720132828 0.270528167486191 0.273206561803818 0.270934283733368 0.291501402854919 0.318840533494949 0.332228720188141 0.338962763547897 0.343867659568787 0.335765480995178 0.355324923992157 0.362700313329697
0.299830049276352 0.293013691902161 0.264861971139908 0.260518610477448 0.261593461036682 0.270139873027802 0.276754021644592 0.278071165084839 0.287574797868729 0.288444399833679 0.283781379461288 0.267391532659531 0.259016543626785 0.25219190120697 0.246595427393913 0.243710801005363 0.241182133555412 0.237116858363152 0.255356639623642 0.262025773525238 0.265661269426346 0.281520366668701 0.284639954566956 0.304015785455704 0.301224231719971 0.305743515491486 0.305674940347672 0.299844324588776 0.313012301921844 0.314724087715149 0.293757677078247 0.294944733381271 0.300588488578796 0.282615602016449 0.277224957942963 0.271249353885651 0.259981691837311 0.283709734678268 0.286189407110214 0.309100568294525 0.313135951757431 0.360470235347748 0.373114734888077 0.366743534803391 0.362185120582581 0.352362811565399
0.30620551109314 0.281780511140823 0.267971128225327 0.261402130126953 0.262102633714676 0.26616382598877 0.269333899021149 0.286312729120255 0.289499521255493 0.285257130861282 0.274231910705566 0.263841658830643 0.256449401378632 0.249401688575745 0.249784678220749 0.252350568771362 0.245886012911797 0.249364137649536 0.253615319728851 0.262673944234848 0.277146697044373 0.284896969795227 0.290025293827057 0.299001157283783 0.308235108852386 0.312442690134048 0.32105541229248 0.315725177526474 0.308332502841949 0.298676162958145 0.303790032863617 0.311254918575287 0.303236216306686 0.283961832523346 0.276430398225784 0.260622411966324 0.257358908653259 0.270118474960327 0.2821364402771 0.322470396757126 0.351738452911377 0.362844586372375 0.366012811660767 0.347057223320007 0.330308556556702 0.331479549407959
0.298703104257584 0.286228746175766 0.273820251226425 0.271754294633865 0.265428394079208 0.273348242044449 0.276310414075851 0.285516381263733 0.280558884143829 0.286687403917313 0.282729476690292 0.264823019504547 0.255906462669373 0.256390392780304 0.252483636140823 0.255786120891571 0.254021018743515 0.246990755200386 0.259569257497787 0.258476495742798 0.281188488006592 0.288945913314819 0.30318295955658 0.305867344141006 0.316972762346268 0.314203321933746 0.323518127202988 0.306791961193085 0.30178689956665 0.294902980327606 0.305977791547775 0.301169753074646 0.293725103139877 0.277194023132324 0.257935851812363 0.245729327201843 0.242641463875771 0.260796725749969 0.283053040504456 0.311881929636002 0.329064965248108 0.346943467855453 0.344411581754684 0.311646461486816 0.29877695441246 0.302101463079453
0.302712827920914 0.301261782646179 0.28539901971817 0.278763920068741 0.268963664770126 0.276615977287292 0.28458571434021 0.273299843072891 0.284892022609711 0.275328010320663 0.278354227542877 0.273513197898865 0.269297629594803 0.26365253329277 0.259066820144653 0.26312330365181 0.258954852819443 0.255021333694458 0.259479075670242 0.268138885498047 0.288220524787903 0.307189524173737 0.313751518726349 0.308776259422302 0.329115957021713 0.327479362487793 0.337120532989502 0.317384332418442 0.313762098550797 0.305423557758331 0.316456973552704 0.302477180957794 0.288031607866287 0.291061043739319 0.268737941980362 0.249221339821815 0.243641227483749 0.26749449968338 0.287206500768661 0.305567264556885 0.327376425266266 0.334602236747742 0.323072671890259 0.298839151859283 0.542587339878082 0.297074675559998
0.288167893886566 0.287583976984024 0.303444921970367 0.285678386688232 0.302181780338287 0.292329728603363 0.282631129026413 0.292422831058502 0.266659438610077 0.270186603069305 0.277508825063705 0.282900661230087 0.272602409124374 0.266689419746399 0.268825531005859 0.25636899471283 0.267624467611313 0.266775518655777 0.282581180334091 0.285331934690475 0.298975169658661 0.323459029197693 0.325951606035233 0.321760475635529 0.328442335128784 0.326422989368439 0.336173057556152 0.33223220705986 0.310571491718292 0.315855950117111 0.308575391769409 0.303686529397964 0.312504917383194 0.300303906202316 0.287474364042282 0.269989967346191 0.272300124168396 0.28108823299408 0.298902094364166 0.313697040081024 0.324258595705032 0.319000601768494 0.317246913909912 0.297178566455841 0.534919619560242 0.304097831249237
0.293654292821884 0.294657319784164 0.297590374946594 0.300384849309921 0.299875885248184 0.304639726877213 0.310214072465897 0.296990990638733 0.282771348953247 0.274440109729767 0.2880839407444 0.263520419597626 0.272157490253448 0.268825531005859 0.272038578987122 0.273626357316971 0.27211520075798 0.279198944568634 0.290351301431656 0.310443818569183 0.329572051763535 0.322244942188263 0.345090478658676 0.324931502342224 0.333023518323898 0.335954576730728 0.329989671707153 0.326233834028244 0.31643545627594 0.320822417736053 0.317249655723572 0.316523373126984 0.333278298377991 0.327950030565262 0.311468243598938 0.302092015743256 0.321772933006287 0.316629976034164 0.311849892139435 0.313995271921158 0.315628230571747 0.325852006673813 0.315391570329666 0.307309865951538 0.292224496603012 0.293600976467133
0.284707695245743 0.28655606508255 0.298523336648941 0.303707450628281 0.314644634723663 0.311193525791168 0.311422556638718 0.298755824565887 0.285078436136246 0.283154189586639 0.273923069238663 0.280924558639526 0.273799061775208 0.273356407880783 0.269342482089996 0.279698848724365 0.293852955102921 0.301529109477997 0.309145450592041 0.325248211622238 0.332660764455795 0.339711159467697 0.349011898040771 0.348730385303497 0.351432949304581 0.338717252016068 0.323708057403564 0.330294370651245 0.326122045516968 0.328267812728882 0.330013483762741 0.338799029588699 0.344829559326172 0.353105038404465 0.341254860162735 0.334601610898972 0.321162402629852 0.306804955005646 0.307197958230972 0.306168496608734 0.316917598247528 0.315489083528519 0.304168313741684 0.299424767494202 0.294058352708817 0.286376684904099
0.271073639392853 0.26841202378273 0.286431640386581 0.300107598304749 0.300993710756302 0.299493849277496 0.309512734413147 0.300238609313965 0.278880447149277 0.284306526184082 0.276054114103317 0.278178244829178 0.28394541144371 0.281228691339493 0.285811573266983 0.298309415578842 0.318597823381424 0.326663464307785 0.338889807462692 0.341186791658401 0.360513597726822 0.365216851234436 0.344170302152634 0.347064256668091 0.342402756214142 0.353964984416962 0.343114793300629 0.33662885427475 0.343828171491623 0.337396204471588 0.337756246328354 0.354966253042221 0.377941370010376 0.375049114227295 0.354924649000168 0.345835953950882 0.314909875392914 0.295661151409149 0.29173144698143 0.298981785774231 0.309664279222488 0.302497655153275 0.567069351673126 0.543471455574036 0.540959537029266 0.519237220287323
0.216630831360817 0.229765325784683 0.259169638156891 0.289804130792618 0.308623015880585 0.304172247648239 0.309323132038116 0.290067225694656 0.289844423532486 0.27944278717041 0.272345900535583 0.282392650842667 0.289311647415161 0.287200957536697 0.309617459774017 0.310187965631485 0.331130027770996 0.33871990442276 0.354286164045334 0.357997924089432 0.351498812437057 0.359312236309052 0.372293323278427 0.364183217287064 0.358120650053024 0.367013424634933 0.360355943441391 0.36065000295639 0.360665380954742 0.347178936004639 0.354877471923828 0.380539417266846 0.389682084321976 0.380250781774521 0.362879693508148 0.325542420148849 0.293344587087631 0.282548755407333 0.273108303546906 0.535006940364838 0.503875494003296 0.499078065156937 0.521469175815582 0.530211806297302 0.509070813655853 0.483530282974243
0.160993471741676 0.166698798537254 0.242191568017006 0.288772821426392 0.292075753211975 0.310075283050537 0.298385351896286 0.287477880716324 0.2817043364048 0.268584221601486 0.279488086700439 0.281376332044601 0.284783035516739 0.295045375823975 0.312275677919388 0.32997077703476 0.345423102378845 0.370421200990677 0.387071758508682 0.391108274459839 0.362797200679779 0.358953058719635 0.369774341583252 0.378023058176041 0.37147644162178 0.373150378465652 0.382177412509918 0.379053056240082 0.385535448789597 0.371335029602051 0.387917846441269 0.399486780166626 0.411244481801987 0.385172307491302 0.356372058391571 0.323018044233322 0.307312577962875 0.272252976894379 0.442719250917435 0.41169011592865 0.372282952070236 0.400178670883179 0.440207660198212 0.463103443384171 0.459326177835464 0.424318581819534
0.176338702440262 0.162528470158577 0.239877089858055 0.282238662242889 0.286902666091919 0.294336438179016 0.303588092327118 0.296667546033859 0.286074548959732 0.284728914499283 0.278582096099854 0.289273709058762 0.301221966743469 0.310883671045303 0.309456199407578 0.336432427167892 0.37404990196228 0.386299341917038 0.396174937486649 0.402686893939972 0.386485874652863 0.379371851682663 0.38179013133049 0.392022877931595 0.387182325124741 0.3981713950634 0.391557693481445 0.395287543535233 0.411788165569305 0.404521584510803 0.416868597269058 0.429895043373108 0.432146847248077 0.402971148490906 0.357385665178299 0.325383961200714 0.298326760530472 0.488099634647369 0.414295345544815 0.371053367853165 0.364073812961578 0.366763085126877 0.402003109455109 0.383045166730881 0.417647689580917 0.404533267021179
0.222575291991234 0.230750992894173 0.278115123510361 0.280921429395676 0.286759495735168 0.289397239685059 0.303508281707764 0.286418914794922 0.28504079580307 0.276511400938034 0.289226830005646 0.286564350128174 0.30985027551651 0.309191673994064 0.324493914842606 0.35720282793045 0.37764447927475 0.397315442562103 0.421055763959885 0.410312294960022 0.406112670898438 0.401027500629425 0.400139063596725 0.407267510890961 0.414339959621429 0.42128598690033 0.423251122236252 0.439194828271866 0.427439421415329 0.423023194074631 0.425198316574097 0.437088817358017 0.443245947360992 0.399604022502899 0.378189325332642 0.334069699048996 0.514103949069977 0.459090352058411 0.375119715929031 0.339349538087845 0.362672328948975 0.397569984197617 0.400100529193878 0.402352750301361 0.391526520252228 0.415146619081497
0.291710466146469 0.285088986158371 0.289474248886108 0.289674788713455 0.289347052574158 0.291137933731079 0.294046431779861 0.29375758767128 0.282573044300079 0.282603740692139 0.289665251970291 0.29978546500206 0.310715764760971 0.329933494329453 0.339183986186981 0.3609219789505 0.398284107446671 0.416930645704269 0.441570729017258 0.437837272882462 0.436352133750916 0.415592551231384 0.386376053094864 0.404415905475616 0.423723846673965 0.427042901515961 0.437005817890167 0.450500100851059 0.42323899269104 0.429268002510071 0.436407476663589 0.448318511247635 0.447491675615311 0.411576390266418 0.374303847551346 0.320697575807571 0.519426584243774 0.43143367767334 0.4214026927948 0.385247886180878 0.380559355020523 0.3812275826931 0.380779653787613 0.375194281339645 0.409632742404938 0.404637515544891
0.289201974868774 0.300057977437973 0.294485300779343 0.28480526804924 0.298239558935165 0.304465293884277 0.291854649782181 0.299053221940994 0.291218400001526 0.289930135011673 0.302805721759796 0.307461500167847 0.317096203565598 0.323317766189575 0.350815445184708 0.371582955121994 0.389977812767029 0.435914278030396 0.449798911809921 0.471312493085861 0.447585225105286 0.43686518073082 0.411287784576416 0.411287784576416 0.418589860200882 0.440695255994797 0.458592146635056 0.457356333732605 0.449039399623871 0.461939722299576 0.452025681734085 0.460076302289963 0.443809628486633 0.400905221700668 0.367112368345261 0.33467960357666 0.489588767290115 0.442390352487564 0.440459907054901 0.404470950365067 0.374136507511139 0.396278738975525 0.394780427217484 0.387130618095398 0.428445369005203 0.417777955532074
