data/climate_estimation/maxent_output/Zigadenus_glaberrimus.asc
NCOLS 172 
NROWS 112 
XLLCORNER -90.3333333333333 
YLLCORNER 29.6666666666667 
CELLSIZE 0.0833333333333333 
NODATA_value -3.4e+38 
[rows 21 to 41 of 112, columns 46 to 91 of 172]
0.0932853221893311 0.0960865616798401 0.0979929119348526 0.0969854295253754 0.091266468167305 0.0928046703338623 0.0983161702752113 0.101798020303249 0.10640674829483 0.100797705352306 0.101799204945564 0.102490350604057 0.100583732128143 0.0946174934506416 0.0883611366152763 0.0796121954917908 0.0792446956038475 0.0725055187940598 0.0726647898554802 0.0684837773442268 0.0627895146608353 0.0667366236448288 0.0656146928668022 0.0664793252944946 0.0685776844620705 0.0683827921748161 0.0704647898674011 0.0705535039305687 0.0708337351679802 0.0741547122597694 0.073556624352932 0.0746336281299591 0.0731536000967026 0.07438625395298 0.0768419355154037 0.0747455880045891 0.0722282156348228 0.077755443751812 0.160284325480461 0.153279483318329 0.151503533124924 0.143890082836151 0.138013258576393 0.139448016881943 0.129793986678123 0.118893161416054
0.0936787575483322 0.0956419035792351 0.0998980849981308 0.0994496792554855 0.0964455381035805 0.0947741791605949 0.098591260612011 0.0991357862949371 0.0993808060884476 0.0955123156309128 0.0994647592306137 0.0935159921646118 0.0972925499081612 0.0941576883196831 0.0866931825876236 0.0780355036258698 0.0729957297444344 0.0706553757190704 0.0700074434280396 0.0646557211875916 0.0647706612944603 0.0688664391636848 0.0671713650226593 0.0681682080030441 0.0683215707540512 0.0667802020907402 0.0682228207588196 0.0714347288012505 0.0719061344861984 0.0720502659678459 0.0722697451710701 0.0735962390899658 0.0765733495354652 0.073014572262764 0.0700803473591805 0.0744562223553658 0.0702928379178047 0.0763946771621704 0.154676005244255 0.14716362953186 0.142790630459785 0.144785478711128 0.145567059516907 0.134404361248016 0.129033952951431 0.110996402800083
0.0982372239232063 0.10177768021822 0.10036014765501 0.0990016013383865 0.0972820520401001 0.0951369479298592 0.0937626510858536 0.0928561165928841 0.0924814790487289 0.0899386033415794 0.0922813564538956 0.0924379676580429 0.0885524228215218 0.0870600491762161 0.0814338326454163 0.0808821991086006 0.0743898749351501 0.0701306164264679 0.0695436224341393 0.0662528052926064 0.066863477230072 0.0682808384299278 0.070901483297348 0.0685438588261604 0.068042017519474 0.0696649327874184 0.0724909007549286 0.0712211728096008 0.0754969343543053 0.0765806287527084 0.0751639008522034 0.0718490928411484 0.0765760838985443 0.073332816362381 0.071093775331974 0.0729002505540848 0.0674514621496201 0.0693633779883385 0.138937532901764 0.13701993227005 0.137402564287186 0.129410788416862 0.133583799004555 0.119771853089333 0.0982302501797676 0.0932452008128166
0.0968174859881401 0.0994134545326233 0.102518081665039 0.101890668272972 0.0951080247759819 0.0985326394438744 0.0940383076667786 0.0909554585814476 0.0914147719740868 0.0882736966013908 0.0903252363204956 0.086984358727932 0.0832756906747818 0.0841510072350502 0.0825386792421341 0.0787603184580803 0.0750287622213364 0.0734987929463387 0.073801189661026 0.0692836940288544 0.0692836940288544 0.0685943886637688 0.0719641745090485 0.0713270604610443 0.0717256739735603 0.0731806084513664 0.073493979871273 0.076820008456707 0.0762672871351242 0.0793256163597107 0.0793271437287331 0.0804536491632462 0.0757464542984962 0.0733954682946205 0.0675507262349129 0.0674017071723938 0.0644444450736046 0.0640964433550835 0.136037260293961 0.128187492489815 0.124316848814487 0.117202296853065 0.10782365500927 0.0790766775608063 0.103142380714417 0.110686302185059
0.0980536937713623 0.0987913832068443 0.0986802130937576 0.0971828624606133 0.100844159722328 0.0944921523332596 0.092582106590271 0.0930246412754059 0.0903169810771942 0.0846380889415741 0.0854243114590645 0.0883038565516472 0.0856975018978119 0.0867763087153435 0.0857213214039803 0.0850642174482346 0.0797670856118202 0.0767400860786438 0.0710739865899086 0.0664810463786125 0.064598023891449 0.0642910301685333 0.067015141248703 0.0664954110980034 0.0673937425017357 0.0717311203479767 0.0745480805635452 0.074490562081337 0.0759939774870872 0.0794661268591881 0.082727462053299 0.0863395184278488 0.0835303142666817 0.0763843506574631 0.0663019940257072 0.0614746361970901 0.0612231194972992 0.0610402151942253 0.140125438570976 0.135674878954887 0.123054504394531 0.102397195994854 0.0932685062289238 0.101470313966274 0.127976983785629 0.115456826984882
0.0973319485783577 0.0957033932209015 0.0938659906387329 0.0902858674526215 0.0930532142519951 0.0922766178846359 0.0873869657516479 0.0880630761384964 0.0868812501430511 0.0833342149853706 0.0831242054700851 0.087289921939373 0.0902710855007172 0.0875466987490654 0.0827615782618523 0.077802374958992 0.0759924873709679 0.072783350944519 0.0694553852081299 0.0664849951863289 0.0636520460247993 0.0651631057262421 0.0688626244664192 0.0682467147707939 0.0670950338244438 0.0736869499087334 0.0789116993546486 0.0804909020662308 0.0801412761211395 0.0831122323870659 0.0874801874160767 0.081705667078495 0.0814688131213188 0.0748582407832146 0.0729824081063271 0.0731782466173172 0.0648345574736595 0.0648415610194206 0.144854173064232 0.143686056137085 0.12694239616394 0.145497724413872 0.134230002760887 0.131074175238609 0.109797596931458 0.108942374587059
0.0946884900331497 0.0899550691246986 0.0907999575138092 0.0884788408875465 0.0888479799032211 0.0935926958918571 0.0904016196727753 0.0908426940441132 0.0867617875337601 0.0862808600068092 0.087340846657753 0.0931081175804138 0.0891240835189819 0.0836081951856613 0.0807984247803688 0.0782348662614822 0.0728891715407372 0.0673839375376701 0.0690083876252174 0.0643899589776993 0.0636727884411812 0.0686605870723724 0.0635673627257347 0.0686308890581131 0.0650036409497261 0.0704956576228142 0.0765703022480011 0.07280133664608 0.0833423063158989 0.0860464945435524 0.0837902873754501 0.072370819747448 0.072307400405407 0.075498104095459 0.0819331333041191 0.0712084993720055 0.0587813481688499 0.0648017823696136 0.156880155205727 0.163157775998116 0.1525799036026 0.137375950813293 0.128159314393997 0.121955491602421 0.120818205177784 0.11886378377676
0.095310278236866 0.0922601744532585 0.092011846601963 0.0910373702645302 0.0917011052370071 0.0924056470394135 0.0954934507608414 0.0943382903933525 0.0941772758960724 0.0922163650393486 0.0880056694149971 0.0936102792620659 0.0915001481771469 0.0892440676689148 0.0893894210457802 0.0811270177364349 0.0824070051312447 0.0734300911426544 0.0634076446294785 0.0626874268054962 0.0659763589501381 0.0636110603809357 0.0642404481768608 0.0644204095005989 0.065469816327095 0.0676237344741821 0.0671600475907326 0.0707256644964218 0.0826041251420975 0.0790720954537392 0.0747464150190353 0.0609113648533821 0.0616918243467808 0.0844948515295982 0.0758811831474304 0.072856605052948 0.0744089931249619 0.172117158770561 0.175378143787384 0.160846039652824 0.145726531744003 0.137673884630203 0.124043054878712 0.114215455949306 0.108664348721504 0.110284723341465
0.0942316874861717 0.0927044451236725 0.0940949618816376 0.0917872115969658 0.0922512486577034 0.0985913127660751 0.0956503599882126 0.0949510335922241 0.0961376056075096 0.0961186662316322 0.0954119488596916 0.0983715578913689 0.094265528023243 0.0925103351473808 0.0886754468083382 0.0898677781224251 0.0823944956064224 0.0763855874538422 0.0720767229795456 0.0632258802652359 0.0599311180412769 0.0628674626350403 0.0648143440485001 0.0617562048137188 0.0605192370712757 0.0628485232591629 0.0620181709527969 0.0701294839382172 0.0750395432114601 0.0767728239297867 0.078220397233963 0.0663256049156189 0.0751086920499802 0.0859492495656013 0.0888405740261078 0.0838533937931061 0.0814649611711502 0.174855634570122 0.160676702857018 0.153638646006584 0.139680430293083 0.130675658583641 0.115142203867435 0.102197073400021 0.102157473564148 0.096233032643795
0.100519731640816 0.100990913808346 0.103438816964626 0.101500682532787 0.10745196044445 0.104583643376827 0.102031923830509 0.0936823636293411 0.0983682125806808 0.107861489057541 0.106868863105774 0.0986509919166565 0.0962033197283745 0.0846545174717903 0.0888392850756645 0.0907038748264313 0.0886982902884483 0.0778845697641373 0.0683448016643524 0.0652288272976875 0.064931683242321 0.0649215802550316 0.0656059756875038 0.0621484071016312 0.0648032948374748 0.062062706798315 0.0669688507914543 0.0666602402925491 0.0719443559646606 0.0742750689387321 0.0754272565245628 0.0849178805947304 0.0871600657701492 0.0871751978993416 0.0850517004728317 0.0844724923372269 0.185684755444527 0.169220000505447 0.150375887751579 0.14392763376236 0.127992376685143 0.121483631432056 0.101139321923256 0.0929467976093292 0.089408852159977 0.0941129475831985
0.116345584392548 0.114555887877941 0.110530391335487 0.116722255945206 0.113558329641819 0.113122195005417 0.110960438847542 0.113595806062222 0.115740939974785 0.112568467855453 0.112200923264027 0.102186217904091 0.0990694463253021 0.0974609553813934 0.0869557335972786 0.0891195982694626 0.0778027474880219 0.0809427574276924 0.0718047097325325 0.067390188574791 0.0704298242926598 0.0709993690252304 0.0713867396116257 0.071759894490242 0.071759894490242 0.0661449730396271 0.062603086233139 0.0654695853590965 0.0803676620125771 0.0819824486970901 0.0886068791151047 0.087505578994751 0.0899227485060692 0.0952374860644341 0.0927012413740158 0.185014918446541 0.170702129602432 0.162623792886734 0.150276198983192 0.133704483509064 0.118688702583313 0.0940822586417198 0.0944660305976868 0.0885580703616142 0.0970392823219299 0.0962999612092972
0.116304710507393 0.118370480835438 0.116985708475113 0.11738058924675 0.11787510663271 0.124300196766853 0.121735140681267 0.12262486666441 0.125372141599655 0.114093460142612 0.111096478998661 0.105679340660572 0.104353792965412 0.103421032428741 0.0910683125257492 0.0882961004972458 0.0724055543541908 0.0765596628189087 0.0746119692921638 0.077379010617733 0.0746458321809769 0.0772845968604088 0.0739600360393524 0.0725762620568275 0.0661559104919434 0.067845456302166 0.0599144734442234 0.079871729016304 0.0883698686957359 0.089097872376442 0.090402752161026 0.0944254919886589 0.0889855474233627 0.0892109647393227 0.0890424773097038 0.176970332860947 0.160266384482384 0.150200635194778 0.124788716435432 0.109227553009987 0.101585634052753 0.0933188498020172 0.0940149128437042 0.0850730314850807 0.0938966125249863 0.103899262845516
0.109022125601768 0.115686513483524 0.122175604104996 0.119280308485031 0.121317960321903 0.1186693161726 0.126999452710152 0.123839594423771 0.122981041669846 0.115544728934765 0.112180255353451 0.111646167933941 0.10458442568779 0.0928084477782249 0.0911492481827736 0.0816800445318222 0.0775295123457909 0.0798275321722031 0.0756448581814766 0.0786522254347801 0.0813072696328163 0.0817114114761353 0.0779474750161171 0.0710419490933418 0.0635013207793236 0.0657116174697876 0.0664033368229866 0.0719330534338951 0.09620351344347 0.0930249094963074 0.0929326042532921 0.0938310921192169 0.0917855724692345 0.0897579044103622 0.0849706754088402 0.162317082285881 0.1524817943573 0.136339098215103 0.123257987201214 0.113120310008526 0.0914623886346817 0.0911502242088318 0.0885915607213974 0.0892494395375252 0.103088051080704 0.103946164250374
0.102789111435413 0.118972837924957 0.121687091886997 0.120277084410191 0.125494748353958 0.120748646557331 0.126292705535889 0.129669368267059 0.126993700861931 0.114936172962189 0.111802436411381 0.110325992107391 0.110232681035995 0.0946517959237099 0.0833339393138885 0.0763345882296562 0.0821325331926346 0.0817423611879349 0.0831243321299553 0.085405133664608 0.0902966931462288 0.0923985913395882 0.0907251387834549 0.0808111578226089 0.0649217739701271 0.0703694224357605 0.0731731429696083 0.0958372950553894 0.101314730942249 0.0987283959984779 0.0944831371307373 0.094056636095047 0.0909675806760788 0.0840100944042206 0.16762886941433 0.157379731535912 0.141980215907097 0.137096956372261 0.116366699337959 0.0963991805911064 0.0966129004955292 0.095166303217411 0.0903186798095703 0.0964097380638123 0.096687875688076 0.131002381443977
0.101215563714504 0.132577240467072 0.128606930375099 0.121997706592083 0.119351208209991 0.124160319566727 0.136812165379524 0.125250324606895 0.127276971936226 0.123139195144176 0.122966796159744 0.122263319790363 0.111103117465973 0.102642416954041 0.0939948707818985 0.0804954171180725 0.0856607779860497 0.0901129022240639 0.0902872905135155 0.0883200615644455 0.0891838148236275 0.0854920670390129 0.0981708467006683 0.0937143117189407 0.0966682657599449 0.105689704418182 0.112940661609173 0.114644609391689 0.109347060322762 0.102209717035294 0.0968189015984535 0.0996142104268074 0.0891654789447784 0.0838183537125587 0.166728094220161 0.155767425894737 0.145778641104698 0.128110468387604 0.107504680752754 0.0962994247674942 0.0943558067083359 0.0948424488306046 0.106019005179405 0.125482499599457 0.146259367465973 0.0757012739777565
0.116038478910923 0.142621591687202 0.137383937835693 0.138790085911751 0.130904331803322 0.12657804787159 0.121569715440273 0.118324138224125 0.123484455049038 0.12553308904171 0.124627716839314 0.123679853975773 0.119403690099716 0.107648529112339 0.0900269746780396 0.0949294790625572 0.0954323410987854 0.0985768660902977 0.0955984070897102 0.0882040709257126 0.0832248851656914 0.0911608636379242 0.101505450904369 0.113648220896721 0.120620295405388 0.121077589690685 0.119092173874378 0.119275160133839 0.114326387643814 0.111066065728664 0.106109663844109 0.101976573467255 0.0887651443481445 0.0833558067679405 0.155050382018089 0.147730425000191 0.126880198717117 0.120298154652119 0.124985978007317 0.106207512319088 0.106604367494583 0.112076945602894 0.128124743700027 0.138689681887627 0.121172748506069 0.123659394681454
0.141097232699394 0.153703287243843 0.149957492947578 0.145848885178566 0.128565177321434 0.118363238871098 0.113767266273499 0.122477270662785 0.122594192624092 0.132572025060654 0.128807365894318 0.12427481263876 0.131064414978027 0.107437483966351 0.0985710397362709 0.101052351295948 0.0984050109982491 0.0970654040575027 0.0978673920035362 0.0899514928460121 0.103424333035946 0.109740063548088 0.121666647493839 0.123614221811295 0.125030517578125 0.123924799263477 0.126064166426659 0.127206847071648 0.125728011131287 0.123143620789051 0.111186809837818 0.102821096777916 0.0985201373696327 0.18195666372776 0.1700798869133 0.144145146012306 0.142319172620773 0.157216653227806 0.160426735877991 0.12071830779314 0.138151258230209 0.128887191414833 0.146381750702858 0.137985408306122 0.132815420627594 0.121550381183624
0.148851931095123 0.152152985334396 0.143463417887688 0.141891464591026 0.134044393897057 0.122278816998005 0.122262038290501 0.126639977097511 0.132120162248611 0.135823160409927 0.141963064670563 0.132640510797501 0.12389262765646 0.117547497153282 0.106630705296993 0.102978326380253 0.100969210267067 0.108112432062626 0.0934483036398888 0.106299169361591 0.120725877583027 0.130450293421745 0.132450848817825 0.128726199269295 0.130647212266922 0.129568457603455 0.132662907242775 0.135364085435867 0.136143416166306 0.126951575279236 0.120708912611008 0.114339426159859 0.10627993196249 0.198171228170395 0.19511179625988 0.175804287195206 0.175740420818329 0.182158783078194 0.179821595549583 0.175148740410805 0.165469259023666 0.133065223693848 0.078155554831028 0.103668943047523 0.100136198103428 0.125902876257896
0.145736142992973 0.146272152662277 0.141668826341629 0.127363637089729 0.126409947872162 0.123817577958107 0.128558084368706 0.135005801916122 0.138279736042023 0.137426927685738 0.129105344414711 0.120602265000343 0.100266352295876 0.111013323068619 0.105412766337395 0.108425974845886 0.117787957191467 0.119680508971214 0.103750839829445 0.12907201051712 0.143536269664764 0.140271618962288 0.133204191923141 0.133267655968666 0.140212833881378 0.13598695397377 0.135125398635864 0.138137310743332 0.130426615476608 0.131202816963196 0.130397439002991 0.115553312003613 0.222965583205223 0.200777858495712 0.177792564034462 0.185780018568039 0.165267467498779 0.152843192219734 0.0548106729984283 0.0437363721430302 0.0729579329490662 0.144054472446442 0.102314382791519 0.067134253680706 0.107959896326065 0.135798826813698
0.14995975792408 0.135676577687263 0.133530855178833 0.130514517426491 0.12355275452137 0.127558261156082 0.129599392414093 0.135471537709236 0.126993745565414 0.134751603007317 0.1013557985425 0.0999312177300453 0.100551821291447 0.102905347943306 0.105873048305511 0.125951275229454 0.126196816563606 0.105972699820995 0.115771554410458 0.148449182510376 0.152242660522461 0.143651992082596 0.138424649834633 0.130692794919014 0.134349882602692 0.136075407266617 0.134473606944084 0.140174210071564 0.142481356859207 0.133827477693558 0.115300714969635 0.10566783696413 0.191709280014038 0.183874100446701 0.122899003326893 0.109242521226406 0.0295520350337029 0.0518503412604332 0.0540358424186707 0.0519269369542599 0.0846937447786331 0.109361559152603 0.130747273564339 0.0751985087990761 0.0897309705615044 0.130938351154327
0.146430119872093 0.141071826219559 0.136614486575127 0.134906992316246 0.136979311704636 0.130344063043594 0.131338104605675 0.134201869368553 0.116265051066875 0.130804091691971 0.107224501669407 0.0965550616383553 0.0966569557785988 0.100688554346561 0.120401576161385 0.140030324459076 0.103611931204796 0.121086433529854 0.156843781471252 0.163163840770721 0.154384613037109 0.145048022270203 0.14099133014679 0.136456832289696 0.136507958173752 0.141246899962425 0.141266241669655 0.147829741239548 0.146269649267197 0.134081527590752 0.230219706892967 0.0763626992702484 0.0674578472971916 0.0540388077497482 0.0443773344159126 0.0382882282137871 0.0662186592817307 0.0902067422866821 0.155818104743958 0.0696988478302956 0.0527339316904545 0.107517741620541 0.142478168010712 0.111191019415855 0.10095888376236 0.129336059093475
