data/climate_estimation/maxent_output/Zigadenus_glaberrimus.asc
NCOLS 172 
NROWS 112 
XLLCORNER -90.3333333333333 
YLLCORNER 29.6666666666667 
CELLSIZE 0.0833333333333333 
NODATA_value -3.4e+38 
[rows 0 to 20 of 112, columns 46 to 91 of 172]
0.0902243554592133 0.0905517265200615 0.0928393006324768 0.114056900143623 0.0483769401907921 0.0496292039752007 0.117017313838005 0.0526531599462032 0.053561232984066 0.0540273822844028 0.098702184855938 0.10181025415659 0.0983551144599915 0.0996279194951057 0.102562054991722 0.100507974624634 0.101149559020996 0.0983475595712662 0.0954482406377792 0.0930227562785149 0.086317777633667 0.0794452354311943 0.0724131166934967 0.0727982819080353 0.0714240595698357 0.0730507075786591 0.075895793735981 0.0695697143673897 0.0703022480010986 0.0712318643927574 0.0707012936472893 0.0694854184985161 0.0689053237438202 0.066459096968174 0.0675071850419044 0.0650947168469429 0.0679125338792801 0.0591364949941635 0.055880218744278 0.0520540475845337 0.0483413226902485 0.0419505126774311 0.0461471825838089 0.0475048013031483 0.0488057099282742 0.0562442131340504
0.0987681448459625 0.100865803658962 0.0982064306735992 0.0521357394754887 0.116633236408234 0.114201597869396 0.053463626652956 0.121604457497597 0.129940867424011 0.134879887104034 0.136051177978516 0.0614850632846355 0.138801053166389 0.109546422958374 0.110033072531223 0.106837652623653 0.105245880782604 0.103119283914566 0.0993110239505768 0.096265085041523 0.0956968516111374 0.0868344306945801 0.0809104591608047 0.076897606253624 0.0761515125632286 0.0753647908568382 0.0751917660236359 0.075308583676815 0.0752340778708458 0.0750748962163925 0.0758397877216339 0.0717937797307968 0.0718708112835884 0.07204819470644 0.0711157694458961 0.0728438943624496 0.0705485641956329 0.0647650435566902 0.0649634227156639 0.0580933839082718 0.0500057004392147 0.045233104377985 0.0479618832468987 0.0497157089412212 0.0515919215977192 0.0669997334480286
0.107441768050194 0.108069516718388 0.0559138469398022 0.052461102604866 0.118946626782417 0.052664864808321 0.121090821921825 0.127955585718155 0.127663999795914 0.132785782217979 0.141818881034851 0.0645849257707596 0.0623947307467461 0.0610029995441437 0.143669590353966 0.116832494735718 0.115483455359936 0.113652519881725 0.10023956745863 0.101537540555 0.0950823202729225 0.0886095091700554 0.0836286991834641 0.0817966237664223 0.0807055085897446 0.0807676389813423 0.0762229859828949 0.0766622200608253 0.0781098753213882 0.0795618891716003 0.0797687321901321 0.0793825313448906 0.0775535702705383 0.080030269920826 0.079535610973835 0.0784576535224915 0.0765119194984436 0.0758253410458565 0.0710702389478683 0.064884789288044 0.05945810303092 0.0501473098993301 0.0505702346563339 0.0699568837881088 0.0637915059924126 0.0728184282779694
0.119055956602097 0.111803986132145 0.0576351247727871 0.0560939200222492 0.0543202497065067 0.0533269755542278 0.0527897030115128 0.128247782588005 0.130474701523781 0.137036859989166 0.140054851770401 0.0634938552975655 0.065016396343708 0.0654816776514053 0.145971402525902 0.142358839511871 0.142146050930023 0.117493368685246 0.11048448830843 0.101300314068794 0.0971911400556564 0.0916527286171913 0.0853447616100311 0.0836678072810173 0.0819960534572601 0.0814588293433189 0.0815707892179489 0.0795307978987694 0.0809702351689339 0.0797598212957382 0.0820264667272568 0.0852362141013145 0.0878790020942688 0.085785947740078 0.086702287197113 0.0834158286452293 0.0825323387980461 0.074713870882988 0.0708529502153397 0.0686153918504715 0.0668299496173859 0.0610796697437763 0.0724238827824593 0.0832294970750809 0.0981328561902046 0.0848847180604935
0.124865591526031 0.0623286962509155 0.0578462332487106 0.05655362829566 0.0545611381530762 0.0521925762295723 0.0554953888058662 0.0566451512277126 0.132201060652733 0.137874782085419 0.0618183314800262 0.0650098323822021 0.065597228705883 0.0658852681517601 0.147655725479126 0.146861091256142 0.142390444874763 0.120908945798874 0.114831820130348 0.1051871702075 0.100153788924217 0.0988256111741066 0.0895826444029808 0.0868899524211884 0.0881368964910507 0.0862396210432053 0.0822660252451897 0.0832482501864433 0.0852232649922371 0.0872806236147881 0.0874172449111938 0.0892161503434181 0.0927066802978516 0.0910259038209915 0.0900668725371361 0.0889848917722702 0.0857354030013084 0.0839335918426514 0.0815937221050262 0.079646609723568 0.0755444318056107 0.0765703693032265 0.102020442485809 0.108465656638145 0.112486518919468 0.125364318490028
0.0674719661474228 0.0624816566705704 0.0588157139718533 0.055746778845787 0.0527391396462917 0.0537973009049892 0.0537973009049892 0.0561707876622677 0.0578131824731827 0.0595519691705704 0.0633269548416138 0.0637993738055229 0.0672786831855774 0.06523597240448 0.148839771747589 0.149115234613419 0.14940869808197 0.133896127343178 0.125995844602585 0.113291084766388 0.0991300418972969 0.0971515700221062 0.0889168828725815 0.0880166068673134 0.0886668860912323 0.0891824811697006 0.0879577100276947 0.0862198770046234 0.090575747191906 0.088937520980835 0.0910168439149857 0.0932930931448936 0.0942451432347298 0.0952565297484398 0.0938835442066193 0.0956916883587837 0.11619059741497 0.116656802594662 0.0853246077895164 0.112974911928177 0.112252213060856 0.112939782440662 0.111926771700382 0.119127251207829 0.127604112029076 0.133459955453873
0.0626521930098534 0.0614261813461781 0.0566892623901367 0.0551244057714939 0.0527086779475212 0.0521354116499424 0.053871002048254 0.0564294420182705 0.0573960952460766 0.0608694925904274 0.0627217069268227 0.0651117861270905 0.0690445378422737 0.0681344047188759 0.068990096449852 0.153436034917831 0.154018089175224 0.154318928718567 0.135843724012375 0.125001221895218 0.108283199369907 0.115309782326221 0.111543454229832 0.108145892620087 0.106439866125584 0.0918570309877396 0.0896708741784096 0.110249772667885 0.0914117768406868 0.0933269858360291 0.115662842988968 0.0977457314729691 0.122226685285568 0.125416845083237 0.12886606156826 0.126218095421791 0.124970495700836 0.127784997224808 0.126154080033302 0.123244784772396 0.124934136867523 0.127007216215134 0.126569449901581 0.128297209739685 0.131858319044113 0.136324644088745
0.0635489895939827 0.0592790208756924 0.0547712296247482 0.0523598231375217 0.0504058264195919 0.0521561689674854 0.0521894916892052 0.0525339171290398 0.0522741600871086 0.0555546954274178 0.0614581480622292 0.0660964697599411 0.0671686306595802 0.0692554861307144 0.0707268491387367 0.072886697947979 0.152730762958527 0.153081804513931 0.153081804513931 0.136454299092293 0.12918846309185 0.11842618137598 0.108671642839909 0.103097483515739 0.105508118867874 0.104897268116474 0.105137467384338 0.111314661800861 0.112865850329399 0.121516987681389 0.121140785515308 0.128540545701981 0.135549977421761 0.136398568749428 0.136293232440948 0.139758139848709 0.138093337416649 0.136718451976776 0.136215895414352 0.137679100036621 0.140752226114273 0.138992190361023 0.141927316784859 0.146277159452438 0.14307127892971 0.149052903056145
0.060126107186079 0.0579833090305328 0.0532140955328941 0.0500852316617966 0.0512955561280251 0.0504631474614143 0.0499077439308167 0.0512557923793793 0.0514417700469494 0.0537551119923592 0.0620252750813961 0.0664758309721947 0.0710061341524124 0.0702241882681847 0.0693469941616058 0.0704839006066322 0.068229079246521 0.152044042944908 0.144526109099388 0.135171443223953 0.118603266775608 0.115286789834499 0.110560357570648 0.106540605425835 0.10603391379118 0.107362069189548 0.108020223677158 0.108239084482193 0.121938645839691 0.122287936508656 0.131559014320374 0.135786652565002 0.136450231075287 0.142754137516022 0.148686572909355 0.149460479617119 0.152356877923012 0.153843715786934 0.151498541235924 0.151125073432922 0.150164812803268 0.150160551071167 0.155758962035179 0.155517041683197 0.156644523143768 0.154295787215233
0.0587314069271088 0.0575635693967342 0.0543821230530739 0.0498101562261581 0.0491558499634266 0.047681100666523 0.0480394624173641 0.043729804456234 0.0461376160383224 0.052993793040514 0.0615140609443188 0.0671097189188004 0.0707402378320694 0.0739861577749252 0.0736098140478134 0.0729482173919678 0.0689720138907433 0.0644663572311401 0.136923223733902 0.127322554588318 0.11987292766571 0.11353711783886 0.10984056442976 0.104856140911579 0.103460341691971 0.106017984449863 0.112350858747959 0.113638922572136 0.121837675571442 0.130928158760071 0.132854357361794 0.144357070326805 0.150103479623795 0.157266855239868 0.161618784070015 0.161707639694214 0.166609808802605 0.162850096821785 0.167522326111794 0.172260716557503 0.165953785181046 0.170187041163445 0.170922577381134 0.163533985614777 0.165308505296707 0.165594264864922
0.0599152408540249 0.0548142902553082 0.0515092872083187 0.0490647666156292 0.0482877753674984 0.0480513721704483 0.0461845919489861 0.0427715331315994 0.0500634610652924 0.0539870597422123 0.0646234676241875 0.0667914822697639 0.0743327140808105 0.0720375627279282 0.0742712989449501 0.0732967108488083 0.0696501880884171 0.0670064315199852 0.133636519312859 0.133275896310806 0.118594273924828 0.114568896591663 0.107797399163246 0.106030039489269 0.103802062571049 0.106021091341972 0.11729971319437 0.120154328644276 0.122747205197811 0.130897715687752 0.136808097362518 0.151202619075775 0.162873774766922 0.168238505721092 0.179047971963882 0.182404518127441 0.182454168796539 0.17839840054512 0.179966270923615 0.176696076989174 0.180899158120155 0.176703870296478 0.177818521857262 0.173152714967728 0.175677597522736 0.174308240413666
0.0596153847873211 0.0561998002231121 0.0522357635200024 0.0513128265738487 0.0446547530591488 0.0441415831446648 0.0448984429240227 0.0487405471503735 0.0561381727457047 0.0623096711933613 0.0679231509566307 0.0749027878046036 0.0769007354974747 0.0762302204966545 0.0751810371875763 0.07230294495821 0.0705959871411324 0.0668769031763077 0.0635370686650276 0.131673067808151 0.126914352178574 0.119496233761311 0.102114446461201 0.10073896497488 0.107065811753273 0.109370484948158 0.113495193421841 0.119621224701405 0.125841781497002 0.136808097362518 0.144203439354897 0.1568244099617 0.174351513385773 0.178568363189697 0.182713180780411 0.189584165811539 0.193138942122459 0.195340111851692 0.194383770227432 0.184742346405983 0.184969037771225 0.188538432121277 0.185116365551949 0.182848170399666 0.183421850204468 0.186743408441544
0.0613575540482998 0.0579272732138634 0.0554122291505337 0.0519101917743683 0.0476993471384048 0.0434851311147213 0.0455071069300175 0.0485447905957699 0.0581400170922279 0.0667857229709625 0.0784287080168724 0.0783481150865555 0.0813801065087318 0.0802364572882652 0.0788608714938164 0.0794139429926872 0.0739763900637627 0.0690594017505646 0.0676572024822235 0.139020368456841 0.134057924151421 0.125092968344688 0.118727788329124 0.114382348954678 0.112579539418221 0.110153585672379 0.116484254598618 0.121522463858128 0.127647429704666 0.137368395924568 0.146186217665672 0.15681080520153 0.173708900809288 0.191441625356674 0.198143780231476 0.199212938547134 0.202145904302597 0.208992183208466 0.201179504394531 0.201618954539299 0.191940948367119 0.189435929059982 0.191171407699585 0.188441798090935 0.185009986162186 0.194813176989555
0.0643840208649635 0.0612872242927551 0.0587942227721214 0.0536256432533264 0.0515353009104729 0.0494310408830643 0.0460279658436775 0.0521413870155811 0.06390181183815 0.0714536756277084 0.0800118744373322 0.0845318660140038 0.0834588930010796 0.0797261446714401 0.0834760069847107 0.0793501064181328 0.077712170779705 0.0737457424402237 0.0726812928915024 0.0671980082988739 0.140619397163391 0.135970011353493 0.12836591899395 0.120935000479221 0.116122536361217 0.121450997889042 0.121172569692135 0.12656506896019 0.129648864269257 0.1426642537117 0.146791324019432 0.157069995999336 0.180612772703171 0.195288941264153 0.193407475948334 0.200300589203835 0.206783458590508 0.212731868028641 0.206060007214546 0.20478181540966 0.197542861104012 0.191398188471794 0.192339107394218 0.193629905581474 0.199221163988113 0.20049937069416
0.0688428282737732 0.0636322349309921 0.0614244006574154 0.0569167137145996 0.054627101868391 0.0522999949753284 0.052896074950695 0.0599048174917698 0.0668686330318451 0.0749466270208359 0.0804528445005417 0.0840118676424026 0.0901976451277733 0.086752638220787 0.0843396708369255 0.0847661942243576 0.0805226564407349 0.0762359276413918 0.0740346163511276 0.0715442076325417 0.0659349486231804 0.144479632377625 0.135287150740623 0.122803397476673 0.12699382007122 0.124269962310791 0.125225782394409 0.13152202963829 0.136424914002419 0.147425591945648 0.149355575442314 0.167111665010452 0.183655977249146 0.19275663793087 0.195232599973679 0.208000659942627 0.209337398409843 0.206234037876129 0.210652723908424 0.209568560123444 0.19980862736702 0.18937249481678 0.184163793921471 0.195687994360924 0.200641289353371 0.190994650125504
0.072587177157402 0.0707048997282982 0.0679611042141914 0.0631289705634117 0.0599548555910587 0.060467254370451 0.062092699110508 0.0648115649819374 0.0754608288407326 0.0821293443441391 0.0877039954066277 0.0883736088871956 0.093173585832119 0.088791124522686 0.0899689346551895 0.080920971930027 0.0799663364887238 0.0788013488054276 0.0741375684738159 0.0719509124755859 0.0660232827067375 0.063248336315155 0.0607222653925419 0.130088806152344 0.127473294734955 0.127505242824554 0.130111441016197 0.135830119252205 0.138823598623276 0.152909010648727 0.154396519064903 0.168774828314781 0.17584639787674 0.184110477566719 0.193887561559677 0.203071072697639 0.211608350276947 0.201384007930756 0.201543405652046 0.199155494570732 0.196088030934334 0.200449585914612 0.182331204414368 0.190431669354439 0.190400376915932 0.193592414259911
0.0780774876475334 0.0731155201792717 0.071260929107666 0.069232277572155 0.0668346211314201 0.0681233033537865 0.0691602230072021 0.0763999447226524 0.0814873650670052 0.0798312798142433 0.0890772417187691 0.0939372479915619 0.0950917899608612 0.0920703113079071 0.0857442989945412 0.0794286727905273 0.0781734809279442 0.0746838375926018 0.069256916642189 0.0687371492385864 0.0638722777366638 0.067235916852951 0.0636665225028992 0.0600270107388496 0.128935843706131 0.130658537149429 0.130043059587479 0.136301144957542 0.14413183927536 0.154844388365746 0.162649884819984 0.168581888079643 0.186187118291855 0.188421070575714 0.199370995163918 0.20949350297451 0.216592788696289 0.213094055652618 0.210006654262543 0.201944246888161 0.187696933746338 0.17572458088398 0.176852539181709 0.185802608728409 0.18301497399807 0.191576957702637
0.0769988670945168 0.0784349888563156 0.078833132982254 0.07527906447649 0.0752328708767891 0.0782214999198914 0.0782537683844566 0.0806655064225197 0.0850849747657776 0.0852395966649055 0.0904669165611267 0.0958605632185936 0.0965043902397156 0.0953074619174004 0.090160608291626 0.0850549712777138 0.0775004103779793 0.0735906213521957 0.0678188651800156 0.0629445910453796 0.0648581311106682 0.0646058544516563 0.0668406784534454 0.0669463351368904 0.0642411112785339 0.138125211000443 0.136724501848221 0.147120103240013 0.153724923729897 0.160909861326218 0.163069248199463 0.173361033201218 0.182993024587631 0.196211978793144 0.197300210595131 0.203956753015518 0.202515944838524 0.204472079873085 0.203156650066376 0.187801688909531 0.182291001081467 0.171158730983734 0.169928967952728 0.174268037080765 0.186532184481621 0.177677974104881
0.0854103490710258 0.0827003121376038 0.0815539360046387 0.0850394368171692 0.0827204436063766 0.088063545525074 0.0856561437249184 0.084275983273983 0.0873369798064232 0.0885941982269287 0.0876496657729149 0.0876496657729149 0.0902550518512726 0.0850180760025978 0.0824927985668182 0.0814710482954979 0.0769520327448845 0.0705669298768044 0.0678334161639214 0.0664271116256714 0.0648093596100807 0.0620373860001564 0.0648715496063232 0.0677795931696892 0.0691464617848396 0.0676670968532562 0.0687166750431061 0.0657549723982811 0.0667478814721107 0.0686882361769676 0.0725642964243889 0.0754323229193687 0.0828977227210999 0.193871065974236 0.190118908882141 0.18994802236557 0.199560731649399 0.196940779685974 0.196055755019188 0.177626371383667 0.171671390533447 0.161946162581444 0.152752712368965 0.164993017911911 0.166935458779335 0.164665415883064
0.0854334831237793 0.0869989469647408 0.0882733389735222 0.0888733640313148 0.0880274921655655 0.0943915918469429 0.0894868299365044 0.0921596065163612 0.0953726842999458 0.0953066721558571 0.100001409649849 0.0997526496648788 0.0973602011799812 0.088561587035656 0.0814608037471771 0.0799954161047935 0.0763748809695244 0.0697349905967712 0.0688849240541458 0.0676830559968948 0.0688153728842735 0.0633595958352089 0.0640006512403488 0.0640846788883209 0.0670863464474678 0.0677787736058235 0.0685073435306549 0.0689563155174255 0.0687891095876694 0.0697844475507736 0.0699316412210464 0.0728183910250664 0.0770300552248955 0.0844138413667679 0.0819911360740662 0.0812346860766411 0.182173073291779 0.186237379908562 0.177733033895493 0.174525573849678 0.164270028471947 0.159104689955711 0.14916230738163 0.146112710237503 0.157027676701546 0.150949224829674
0.0894988998770714 0.0927595719695091 0.0922095626592636 0.0939447283744812 0.0927248746156693 0.0921596065163612 0.0938689485192299 0.102272987365723 0.105607710778713 0.105084381997585 0.107734270393848 0.109216883778572 0.101799204945564 0.0936848446726799 0.0884162113070488 0.0801582559943199 0.0778629183769226 0.0706677734851837 0.0697334259748459 0.0657397583127022 0.0654971078038216 0.062778651714325 0.0645965933799744 0.0662617906928062 0.0688072368502617 0.0648566260933876 0.0671209245920181 0.073183186352253 0.0714451745152473 0.0729614123702049 0.0725788250565529 0.0741823762655258 0.0768449753522873 0.0785099193453789 0.0800722166895866 0.0747384205460548 0.0804772153496742 0.176397189497948 0.176346972584724 0.166879594326019 0.156470835208893 0.151251703500748 0.14492529630661 0.132708311080933 0.13357250392437 0.12518735229969
